title = "dataset bench13-1c"
variables = "time[day]","SOM-p1[mol/litre]","SOM-p2[mol/litre]","biomass1[mol/litre]","pH","pCO2"
zone t = "T_j, volume =     2", f=point
1.825	2.05E-01	8.36E-02	8.44E-02	4.73E+00	3.79E-04
3.65	2.01E-01	8.38E-02	8.54E-02	4.58E+00	7.56E-04
5.475	1.98E-01	8.40E-02	8.64E-02	4.49E+00	1.13E-03
7.3	1.94E-01	8.42E-02	8.73E-02	4.43E+00	1.50E-03
9.125	1.91E-01	8.44E-02	8.82E-02	4.38E+00	1.87E-03
10.95	1.88E-01	8.46E-02	8.91E-02	4.34E+00	2.23E-03
12.775	1.85E-01	8.47E-02	8.99E-02	4.31E+00	2.59E-03
14.6	1.82E-01	8.49E-02	9.07E-02	4.28E+00	2.94E-03
16.425	1.79E-01	8.50E-02	9.15E-02	4.26E+00	3.30E-03
18.25	1.76E-01	8.52E-02	9.22E-02	4.24E+00	3.65E-03
20.075	1.74E-01	8.53E-02	9.29E-02	4.22E+00	3.99E-03
21.9	1.71E-01	8.54E-02	9.36E-02	4.20E+00	4.33E-03
23.725	1.68E-01	8.55E-02	9.42E-02	4.18E+00	4.67E-03
25.55	1.66E-01	8.56E-02	9.48E-02	4.17E+00	5.01E-03
27.375	1.64E-01	8.57E-02	9.54E-02	4.15E+00	5.34E-03
29.2	1.61E-01	8.57E-02	9.60E-02	4.14E+00	5.67E-03
31.025	1.59E-01	8.58E-02	9.65E-02	4.13E+00	5.99E-03
32.85	1.57E-01	8.59E-02	9.70E-02	4.12E+00	6.31E-03
34.675	1.55E-01	8.59E-02	9.75E-02	4.11E+00	6.63E-03
36.5	1.53E-01	8.59E-02	9.79E-02	4.10E+00	6.95E-03
38.325	1.51E-01	8.60E-02	9.83E-02	4.09E+00	7.26E-03
40.15	1.49E-01	8.60E-02	9.87E-02	4.08E+00	7.57E-03
41.975	1.47E-01	8.60E-02	9.91E-02	4.07E+00	7.88E-03
43.8	1.45E-01	8.60E-02	9.95E-02	4.06E+00	8.18E-03
45.625	1.44E-01	8.60E-02	9.98E-02	4.05E+00	8.48E-03
47.45	1.42E-01	8.60E-02	1.00E-01	4.04E+00	8.78E-03
49.275	1.40E-01	8.60E-02	1.00E-01	4.04E+00	9.08E-03
51.1	1.39E-01	8.60E-02	1.01E-01	4.03E+00	9.37E-03
52.925	1.37E-01	8.60E-02	1.01E-01	4.02E+00	9.66E-03
54.75	1.36E-01	8.60E-02	1.01E-01	4.02E+00	9.95E-03
56.575	1.35E-01	8.59E-02	1.01E-01	4.01E+00	1.02E-02
58.4	1.33E-01	8.59E-02	1.02E-01	4.01E+00	1.05E-02
60.225	1.32E-01	8.59E-02	1.02E-01	4.00E+00	1.08E-02
62.05	1.31E-01	8.58E-02	1.02E-01	3.99E+00	1.11E-02
63.875	1.30E-01	8.58E-02	1.02E-01	3.99E+00	1.14E-02
65.7	1.29E-01	8.57E-02	1.02E-01	3.98E+00	1.16E-02
67.525	1.27E-01	8.57E-02	1.02E-01	3.98E+00	1.19E-02
69.35	1.26E-01	8.56E-02	1.02E-01	3.97E+00	1.22E-02
71.175	1.25E-01	8.55E-02	1.03E-01	3.97E+00	1.25E-02
73	1.24E-01	8.55E-02	1.03E-01	3.96E+00	1.27E-02
74.825	1.24E-01	8.54E-02	1.03E-01	3.96E+00	1.30E-02
76.65	1.23E-01	8.53E-02	1.03E-01	3.96E+00	1.33E-02
78.475	1.22E-01	8.52E-02	1.03E-01	3.95E+00	1.35E-02
80.3	1.21E-01	8.52E-02	1.03E-01	3.95E+00	1.38E-02
82.125	1.20E-01	8.51E-02	1.03E-01	3.94E+00	1.40E-02
83.95	1.19E-01	8.50E-02	1.03E-01	3.94E+00	1.43E-02
85.775	1.19E-01	8.49E-02	1.03E-01	3.94E+00	1.46E-02
87.6	1.18E-01	8.48E-02	1.03E-01	3.93E+00	1.48E-02
89.425	1.17E-01	8.47E-02	1.03E-01	3.93E+00	1.51E-02
91.25	1.17E-01	8.46E-02	1.03E-01	3.92E+00	1.53E-02
93.075	1.16E-01	8.45E-02	1.03E-01	3.92E+00	1.56E-02
94.9	1.15E-01	8.44E-02	1.03E-01	3.92E+00	1.58E-02
96.725	1.15E-01	8.43E-02	1.03E-01	3.91E+00	1.61E-02
98.55	1.14E-01	8.42E-02	1.03E-01	3.91E+00	1.63E-02
100.375	1.14E-01	8.41E-02	1.03E-01	3.91E+00	1.66E-02
102.2	1.13E-01	8.40E-02	1.03E-01	3.90E+00	1.68E-02
104.025	1.13E-01	8.39E-02	1.03E-01	3.90E+00	1.71E-02
105.85	1.12E-01	8.38E-02	1.02E-01	3.90E+00	1.73E-02
107.675	1.12E-01	8.37E-02	1.02E-01	3.89E+00	1.75E-02
109.5	1.11E-01	8.36E-02	1.02E-01	3.89E+00	1.78E-02
111.325	1.11E-01	8.35E-02	1.02E-01	3.89E+00	1.80E-02
113.15	1.10E-01	8.34E-02	1.02E-01	3.89E+00	1.83E-02
114.975	1.10E-01	8.33E-02	1.02E-01	3.88E+00	1.85E-02
116.8	1.10E-01	8.32E-02	1.02E-01	3.88E+00	1.87E-02
118.625	1.09E-01	8.30E-02	1.02E-01	3.88E+00	1.90E-02
120.45	1.09E-01	8.29E-02	1.02E-01	3.88E+00	1.92E-02
122.275	1.08E-01	8.28E-02	1.02E-01	3.87E+00	1.94E-02
124.1	1.08E-01	8.27E-02	1.02E-01	3.87E+00	1.97E-02
125.925	1.08E-01	8.26E-02	1.01E-01	3.87E+00	1.99E-02
127.75	1.08E-01	8.25E-02	1.01E-01	3.86E+00	2.01E-02
129.575	1.07E-01	8.24E-02	1.01E-01	3.86E+00	2.04E-02
131.4	1.07E-01	8.22E-02	1.01E-01	3.86E+00	2.06E-02
133.225	1.07E-01	8.21E-02	1.01E-01	3.86E+00	2.08E-02
135.05	1.06E-01	8.20E-02	1.01E-01	3.85E+00	2.11E-02
136.875	1.06E-01	8.19E-02	1.01E-01	3.85E+00	2.13E-02
138.7	1.06E-01	8.18E-02	1.01E-01	3.85E+00	2.15E-02
140.525	1.06E-01	8.17E-02	1.00E-01	3.85E+00	2.17E-02
142.35	1.06E-01	8.15E-02	1.00E-01	3.85E+00	2.20E-02
144.175	1.05E-01	8.14E-02	1.00E-01	3.84E+00	2.22E-02
146	1.05E-01	8.13E-02	1.00E-01	3.84E+00	2.24E-02
147.825	1.05E-01	8.12E-02	9.99E-02	3.84E+00	2.27E-02
149.65	1.05E-01	8.11E-02	9.98E-02	3.84E+00	2.29E-02
151.475	1.05E-01	8.10E-02	9.96E-02	3.83E+00	2.31E-02
153.3	1.04E-01	8.08E-02	9.95E-02	3.83E+00	2.33E-02
155.125	1.04E-01	8.07E-02	9.94E-02	3.83E+00	2.35E-02
156.95	1.04E-01	8.06E-02	9.92E-02	3.83E+00	2.38E-02
158.775	1.04E-01	8.05E-02	9.91E-02	3.83E+00	2.40E-02
160.6	1.04E-01	8.04E-02	9.89E-02	3.82E+00	2.42E-02
162.425	1.04E-01	8.03E-02	9.88E-02	3.82E+00	2.44E-02
164.25	1.04E-01	8.02E-02	9.86E-02	3.82E+00	2.47E-02
166.075	1.03E-01	8.00E-02	9.85E-02	3.82E+00	2.49E-02
167.9	1.03E-01	7.99E-02	9.83E-02	3.82E+00	2.51E-02
169.725	1.03E-01	7.98E-02	9.82E-02	3.82E+00	2.53E-02
171.55	1.03E-01	7.97E-02	9.80E-02	3.81E+00	2.55E-02
173.375	1.03E-01	7.96E-02	9.79E-02	3.81E+00	2.58E-02
175.2	1.03E-01	7.95E-02	9.77E-02	3.81E+00	2.60E-02
177.025	1.03E-01	7.94E-02	9.76E-02	3.81E+00	2.62E-02
178.85	1.03E-01	7.93E-02	9.74E-02	3.81E+00	2.64E-02
180.675	1.03E-01	7.91E-02	9.73E-02	3.80E+00	2.66E-02
182.5	1.03E-01	7.90E-02	9.71E-02	3.80E+00	2.68E-02
184.325	1.02E-01	7.89E-02	9.70E-02	3.80E+00	2.71E-02
186.15	1.02E-01	7.88E-02	9.69E-02	3.80E+00	2.73E-02
187.975	1.02E-01	7.87E-02	9.67E-02	3.80E+00	2.75E-02
189.8	1.02E-01	7.86E-02	9.66E-02	3.80E+00	2.77E-02
191.625	1.02E-01	7.85E-02	9.64E-02	3.79E+00	2.79E-02
193.45	1.02E-01	7.84E-02	9.63E-02	3.79E+00	2.81E-02
195.275	1.02E-01	7.83E-02	9.61E-02	3.79E+00	2.84E-02
197.1	1.02E-01	7.82E-02	9.60E-02	3.79E+00	2.86E-02
198.925	1.02E-01	7.81E-02	9.58E-02	3.79E+00	2.88E-02
200.75	1.02E-01	7.80E-02	9.57E-02	3.79E+00	2.90E-02
202.575	1.02E-01	7.79E-02	9.55E-02	3.78E+00	2.92E-02
204.4	1.02E-01	7.77E-02	9.54E-02	3.78E+00	2.94E-02
206.225	1.02E-01	7.76E-02	9.52E-02	3.78E+00	2.96E-02
208.05	1.02E-01	7.75E-02	9.51E-02	3.78E+00	2.98E-02
209.875	1.02E-01	7.74E-02	9.49E-02	3.78E+00	3.01E-02
211.7	1.02E-01	7.73E-02	9.48E-02	3.78E+00	3.03E-02
213.525	1.02E-01	7.72E-02	9.47E-02	3.77E+00	3.05E-02
215.35	1.02E-01	7.71E-02	9.45E-02	3.77E+00	3.07E-02
217.175	1.02E-01	7.70E-02	9.44E-02	3.77E+00	3.09E-02
219	1.02E-01	7.69E-02	9.42E-02	3.77E+00	3.11E-02
220.825	1.02E-01	7.68E-02	9.41E-02	3.77E+00	3.13E-02
222.65	1.01E-01	7.67E-02	9.39E-02	3.77E+00	3.15E-02
224.475	1.01E-01	7.66E-02	9.38E-02	3.77E+00	3.17E-02
226.3	1.01E-01	7.65E-02	9.37E-02	3.76E+00	3.20E-02
228.125	1.01E-01	7.65E-02	9.35E-02	3.76E+00	3.22E-02
229.95	1.01E-01	7.64E-02	9.34E-02	3.76E+00	3.24E-02
231.775	1.01E-01	7.63E-02	9.33E-02	3.76E+00	3.26E-02
233.6	1.01E-01	7.62E-02	9.31E-02	3.76E+00	3.28E-02
235.425	1.01E-01	7.61E-02	9.30E-02	3.76E+00	3.30E-02
237.25	1.01E-01	7.60E-02	9.28E-02	3.76E+00	3.32E-02
239.075	1.01E-01	7.59E-02	9.27E-02	3.75E+00	3.34E-02
240.9	1.01E-01	7.58E-02	9.26E-02	3.75E+00	3.36E-02
242.725	1.01E-01	7.57E-02	9.24E-02	3.75E+00	3.38E-02
244.55	1.01E-01	7.56E-02	9.23E-02	3.75E+00	3.40E-02
246.375	1.01E-01	7.55E-02	9.22E-02	3.75E+00	3.43E-02
248.2	1.01E-01	7.54E-02	9.20E-02	3.75E+00	3.45E-02
250.025	1.01E-01	7.53E-02	9.19E-02	3.75E+00	3.47E-02
251.85	1.01E-01	7.53E-02	9.18E-02	3.75E+00	3.49E-02
253.675	1.01E-01	7.52E-02	9.17E-02	3.74E+00	3.51E-02
255.5	1.01E-01	7.51E-02	9.15E-02	3.74E+00	3.53E-02
257.325	1.01E-01	7.50E-02	9.14E-02	3.74E+00	3.55E-02
259.15	1.01E-01	7.49E-02	9.13E-02	3.74E+00	3.57E-02
260.975	1.01E-01	7.48E-02	9.12E-02	3.74E+00	3.59E-02
262.8	1.01E-01	7.47E-02	9.10E-02	3.74E+00	3.61E-02
264.625	1.01E-01	7.47E-02	9.09E-02	3.74E+00	3.63E-02
266.45	1.01E-01	7.46E-02	9.08E-02	3.74E+00	3.65E-02
268.275	1.01E-01	7.45E-02	9.07E-02	3.73E+00	3.67E-02
270.1	1.01E-01	7.44E-02	9.05E-02	3.73E+00	3.69E-02
271.925	1.01E-01	7.43E-02	9.04E-02	3.73E+00	3.71E-02
273.75	1.01E-01	7.42E-02	9.03E-02	3.73E+00	3.73E-02
275.575	1.01E-01	7.42E-02	9.02E-02	3.73E+00	3.75E-02
277.4	1.01E-01	7.41E-02	9.01E-02	3.73E+00	3.78E-02
279.225	1.01E-01	7.40E-02	8.99E-02	3.73E+00	3.80E-02
281.05	1.01E-01	7.39E-02	8.98E-02	3.73E+00	3.82E-02
282.875	1.01E-01	7.38E-02	8.97E-02	3.72E+00	3.84E-02
284.7	1.01E-01	7.38E-02	8.96E-02	3.72E+00	3.86E-02
286.525	1.01E-01	7.37E-02	8.95E-02	3.72E+00	3.88E-02
288.35	1.01E-01	7.36E-02	8.94E-02	3.72E+00	3.90E-02
290.175	1.01E-01	7.35E-02	8.93E-02	3.72E+00	3.92E-02
292	1.01E-01	7.35E-02	8.91E-02	3.72E+00	3.94E-02
293.825	1.01E-01	7.34E-02	8.90E-02	3.72E+00	3.96E-02
295.65	1.01E-01	7.33E-02	8.89E-02	3.72E+00	3.98E-02
297.475	1.01E-01	7.32E-02	8.88E-02	3.72E+00	4.00E-02
299.3	1.01E-01	7.32E-02	8.87E-02	3.71E+00	4.02E-02
301.125	1.02E-01	7.31E-02	8.86E-02	3.71E+00	4.04E-02
302.95	1.02E-01	7.30E-02	8.85E-02	3.71E+00	4.06E-02
304.775	1.02E-01	7.29E-02	8.84E-02	3.71E+00	4.08E-02
306.6	1.02E-01	7.29E-02	8.83E-02	3.71E+00	4.10E-02
308.425	1.02E-01	7.28E-02	8.82E-02	3.71E+00	4.12E-02
310.25	1.02E-01	7.27E-02	8.81E-02	3.71E+00	4.14E-02
312.075	1.02E-01	7.27E-02	8.80E-02	3.71E+00	4.16E-02
313.9	1.02E-01	7.26E-02	8.79E-02	3.71E+00	4.18E-02
315.725	1.02E-01	7.25E-02	8.78E-02	3.70E+00	4.20E-02
317.55	1.02E-01	7.25E-02	8.77E-02	3.70E+00	4.22E-02
319.375	1.02E-01	7.24E-02	8.76E-02	3.70E+00	4.24E-02
321.2	1.02E-01	7.23E-02	8.75E-02	3.70E+00	4.26E-02
323.025	1.02E-01	7.22E-02	8.74E-02	3.70E+00	4.28E-02
324.85	1.02E-01	7.22E-02	8.73E-02	3.70E+00	4.30E-02
326.675	1.02E-01	7.21E-02	8.72E-02	3.70E+00	4.32E-02
328.5	1.02E-01	7.21E-02	8.71E-02	3.70E+00	4.34E-02
330.325	1.02E-01	7.20E-02	8.70E-02	3.70E+00	4.36E-02
332.15	1.02E-01	7.19E-02	8.69E-02	3.70E+00	4.38E-02
333.975	1.02E-01	7.19E-02	8.68E-02	3.69E+00	4.40E-02
335.8	1.02E-01	7.18E-02	8.67E-02	3.69E+00	4.42E-02
337.625	1.02E-01	7.17E-02	8.66E-02	3.69E+00	4.44E-02
339.45	1.02E-01	7.17E-02	8.65E-02	3.69E+00	4.46E-02
341.275	1.02E-01	7.16E-02	8.64E-02	3.69E+00	4.48E-02
343.1	1.02E-01	7.15E-02	8.63E-02	3.69E+00	4.50E-02
344.925	1.02E-01	7.15E-02	8.62E-02	3.69E+00	4.52E-02
346.75	1.02E-01	7.14E-02	8.61E-02	3.69E+00	4.54E-02
348.575	1.02E-01	7.14E-02	8.61E-02	3.69E+00	4.56E-02
350.4	1.02E-01	7.13E-02	8.60E-02	3.69E+00	4.58E-02
352.225	1.02E-01	7.12E-02	8.59E-02	3.69E+00	4.60E-02
354.05	1.02E-01	7.12E-02	8.58E-02	3.68E+00	4.62E-02
355.875	1.02E-01	7.11E-02	8.57E-02	3.68E+00	4.64E-02
357.7	1.02E-01	7.11E-02	8.56E-02	3.68E+00	4.66E-02
359.525	1.02E-01	7.10E-02	8.55E-02	3.68E+00	4.68E-02
361.35	1.02E-01	7.10E-02	8.55E-02	3.68E+00	4.70E-02
363.175	1.02E-01	7.09E-02	8.54E-02	3.68E+00	4.72E-02
365	1.02E-01	7.08E-02	8.53E-02	3.68E+00	4.74E-02
366.825	1.02E-01	7.08E-02	8.52E-02	3.68E+00	4.76E-02
368.65	1.02E-01	7.07E-02	8.51E-02	3.68E+00	4.78E-02
370.475	1.02E-01	7.07E-02	8.50E-02	3.68E+00	4.80E-02
372.3	1.02E-01	7.06E-02	8.50E-02	3.68E+00	4.82E-02
374.125	1.02E-01	7.06E-02	8.49E-02	3.67E+00	4.84E-02
375.95	1.02E-01	7.05E-02	8.48E-02	3.67E+00	4.86E-02
377.775	1.02E-01	7.05E-02	8.47E-02	3.67E+00	4.88E-02
379.6	1.02E-01	7.04E-02	8.46E-02	3.67E+00	4.90E-02
381.425	1.02E-01	7.04E-02	8.46E-02	3.67E+00	4.92E-02
383.25	1.02E-01	7.03E-02	8.45E-02	3.67E+00	4.94E-02
385.075	1.02E-01	7.03E-02	8.44E-02	3.67E+00	4.96E-02
386.9	1.02E-01	7.02E-02	8.43E-02	3.67E+00	4.98E-02
388.725	1.02E-01	7.01E-02	8.43E-02	3.67E+00	5.00E-02
390.55	1.02E-01	7.01E-02	8.42E-02	3.67E+00	5.02E-02
392.375	1.02E-01	7.00E-02	8.41E-02	3.67E+00	5.04E-02
394.2	1.02E-01	7.00E-02	8.40E-02	3.66E+00	5.06E-02
396.025	1.02E-01	6.99E-02	8.40E-02	3.66E+00	5.08E-02
397.85	1.02E-01	6.99E-02	8.39E-02	3.66E+00	5.10E-02
399.675	1.02E-01	6.99E-02	8.38E-02	3.66E+00	5.12E-02
401.5	1.02E-01	6.98E-02	8.38E-02	3.66E+00	5.14E-02
403.325	1.03E-01	6.98E-02	8.37E-02	3.66E+00	5.16E-02
405.15	1.03E-01	6.97E-02	8.36E-02	3.66E+00	5.18E-02
406.975	1.03E-01	6.97E-02	8.36E-02	3.66E+00	5.20E-02
408.8	1.03E-01	6.96E-02	8.35E-02	3.66E+00	5.21E-02
410.625	1.03E-01	6.96E-02	8.34E-02	3.66E+00	5.23E-02
412.45	1.03E-01	6.95E-02	8.34E-02	3.66E+00	5.25E-02
414.275	1.03E-01	6.95E-02	8.33E-02	3.66E+00	5.27E-02
416.1	1.03E-01	6.94E-02	8.32E-02	3.65E+00	5.29E-02
417.925	1.03E-01	6.94E-02	8.32E-02	3.65E+00	5.31E-02
419.75	1.03E-01	6.93E-02	8.31E-02	3.65E+00	5.33E-02
421.575	1.03E-01	6.93E-02	8.30E-02	3.65E+00	5.35E-02
423.4	1.03E-01	6.93E-02	8.30E-02	3.65E+00	5.37E-02
425.225	1.03E-01	6.92E-02	8.29E-02	3.65E+00	5.39E-02
427.05	1.03E-01	6.92E-02	8.28E-02	3.65E+00	5.41E-02
428.875	1.03E-01	6.91E-02	8.28E-02	3.65E+00	5.43E-02
430.7	1.03E-01	6.91E-02	8.27E-02	3.65E+00	5.45E-02
432.525	1.03E-01	6.90E-02	8.27E-02	3.65E+00	5.47E-02
434.35	1.03E-01	6.90E-02	8.26E-02	3.65E+00	5.49E-02
436.175	1.03E-01	6.90E-02	8.25E-02	3.65E+00	5.51E-02
438	1.03E-01	6.89E-02	8.25E-02	3.65E+00	5.53E-02
439.825	1.03E-01	6.89E-02	8.24E-02	3.64E+00	5.55E-02
441.65	1.03E-01	6.88E-02	8.24E-02	3.64E+00	5.57E-02
443.475	1.03E-01	6.88E-02	8.23E-02	3.64E+00	5.59E-02
445.3	1.03E-01	6.87E-02	8.22E-02	3.64E+00	5.61E-02
447.125	1.03E-01	6.87E-02	8.22E-02	3.64E+00	5.63E-02
448.95	1.03E-01	6.87E-02	8.21E-02	3.64E+00	5.65E-02
450.775	1.03E-01	6.86E-02	8.21E-02	3.64E+00	5.67E-02
452.6	1.03E-01	6.86E-02	8.20E-02	3.64E+00	5.68E-02
454.425	1.03E-01	6.86E-02	8.20E-02	3.64E+00	5.70E-02
456.25	1.03E-01	6.85E-02	8.19E-02	3.64E+00	5.72E-02
458.075	1.03E-01	6.85E-02	8.19E-02	3.64E+00	5.74E-02
459.9	1.03E-01	6.84E-02	8.18E-02	3.64E+00	5.76E-02
461.725	1.03E-01	6.84E-02	8.17E-02	3.64E+00	5.78E-02
463.55	1.03E-01	6.84E-02	8.17E-02	3.63E+00	5.80E-02
465.375	1.03E-01	6.83E-02	8.16E-02	3.63E+00	5.82E-02
467.2	1.03E-01	6.83E-02	8.16E-02	3.63E+00	5.84E-02
469.025	1.03E-01	6.83E-02	8.15E-02	3.63E+00	5.86E-02
470.85	1.03E-01	6.82E-02	8.15E-02	3.63E+00	5.88E-02
472.675	1.03E-01	6.82E-02	8.14E-02	3.63E+00	5.90E-02
474.5	1.03E-01	6.81E-02	8.14E-02	3.63E+00	5.92E-02
476.325	1.03E-01	6.81E-02	8.13E-02	3.63E+00	5.94E-02
478.15	1.03E-01	6.81E-02	8.13E-02	3.63E+00	5.96E-02
479.975	1.03E-01	6.80E-02	8.12E-02	3.63E+00	5.98E-02
481.8	1.03E-01	6.80E-02	8.12E-02	3.63E+00	6.00E-02
483.625	1.03E-01	6.80E-02	8.11E-02	3.63E+00	6.02E-02
485.45	1.03E-01	6.79E-02	8.11E-02	3.63E+00	6.03E-02
487.275	1.03E-01	6.79E-02	8.10E-02	3.63E+00	6.05E-02
489.1	1.03E-01	6.79E-02	8.10E-02	3.62E+00	6.07E-02
490.925	1.03E-01	6.78E-02	8.10E-02	3.62E+00	6.09E-02
492.75	1.03E-01	6.78E-02	8.09E-02	3.62E+00	6.11E-02
494.575	1.03E-01	6.78E-02	8.09E-02	3.62E+00	6.13E-02
496.4	1.03E-01	6.77E-02	8.08E-02	3.62E+00	6.15E-02
498.225	1.03E-01	6.77E-02	8.08E-02	3.62E+00	6.17E-02
500.05	1.03E-01	6.77E-02	8.07E-02	3.62E+00	6.19E-02
501.875	1.03E-01	6.76E-02	8.07E-02	3.62E+00	6.21E-02
503.7	1.03E-01	6.76E-02	8.06E-02	3.62E+00	6.23E-02
505.525	1.03E-01	6.76E-02	8.06E-02	3.62E+00	6.25E-02
507.35	1.04E-01	6.75E-02	8.06E-02	3.62E+00	6.27E-02
509.175	1.04E-01	6.75E-02	8.05E-02	3.62E+00	6.29E-02
511	1.04E-01	6.75E-02	8.05E-02	3.62E+00	6.31E-02
512.825	1.04E-01	6.75E-02	8.04E-02	3.62E+00	6.33E-02
514.65	1.04E-01	6.74E-02	8.04E-02	3.62E+00	6.34E-02
516.475	1.04E-01	6.74E-02	8.03E-02	3.61E+00	6.36E-02
518.3	1.04E-01	6.74E-02	8.03E-02	3.61E+00	6.38E-02
520.125	1.04E-01	6.73E-02	8.03E-02	3.61E+00	6.40E-02
521.95	1.04E-01	6.73E-02	8.02E-02	3.61E+00	6.42E-02
523.775	1.04E-01	6.73E-02	8.02E-02	3.61E+00	6.44E-02
525.6	1.04E-01	6.73E-02	8.01E-02	3.61E+00	6.46E-02
527.425	1.04E-01	6.72E-02	8.01E-02	3.61E+00	6.48E-02
529.25	1.04E-01	6.72E-02	8.01E-02	3.61E+00	6.50E-02
531.075	1.04E-01	6.72E-02	8.00E-02	3.61E+00	6.52E-02
532.9	1.04E-01	6.71E-02	8.00E-02	3.61E+00	6.54E-02
534.725	1.04E-01	6.71E-02	8.00E-02	3.61E+00	6.56E-02
536.55	1.04E-01	6.71E-02	7.99E-02	3.61E+00	6.58E-02
538.375	1.04E-01	6.71E-02	7.99E-02	3.61E+00	6.60E-02
540.2	1.04E-01	6.70E-02	7.98E-02	3.61E+00	6.61E-02
542.025	1.04E-01	6.70E-02	7.98E-02	3.61E+00	6.63E-02
543.85	1.04E-01	6.70E-02	7.98E-02	3.61E+00	6.65E-02
545.675	1.04E-01	6.70E-02	7.97E-02	3.60E+00	6.67E-02
547.5	1.04E-01	6.69E-02	7.97E-02	3.60E+00	6.69E-02
549.325	1.04E-01	6.69E-02	7.97E-02	3.60E+00	6.71E-02
551.15	1.04E-01	6.69E-02	7.96E-02	3.60E+00	6.73E-02
552.975	1.04E-01	6.68E-02	7.96E-02	3.60E+00	6.75E-02
554.8	1.04E-01	6.68E-02	7.96E-02	3.60E+00	6.77E-02
556.625	1.04E-01	6.68E-02	7.95E-02	3.60E+00	6.79E-02
558.45	1.04E-01	6.68E-02	7.95E-02	3.60E+00	6.81E-02
560.275	1.04E-01	6.67E-02	7.95E-02	3.60E+00	6.83E-02
562.1	1.04E-01	6.67E-02	7.94E-02	3.60E+00	6.85E-02
563.925	1.04E-01	6.67E-02	7.94E-02	3.60E+00	6.86E-02
565.75	1.04E-01	6.67E-02	7.94E-02	3.60E+00	6.88E-02
567.575	1.04E-01	6.67E-02	7.93E-02	3.60E+00	6.90E-02
569.4	1.04E-01	6.66E-02	7.93E-02	3.60E+00	6.92E-02
571.225	1.04E-01	6.66E-02	7.93E-02	3.60E+00	6.94E-02
573.05	1.04E-01	6.66E-02	7.92E-02	3.60E+00	6.96E-02
574.875	1.04E-01	6.66E-02	7.92E-02	3.59E+00	6.98E-02
576.7	1.04E-01	6.65E-02	7.92E-02	3.59E+00	7.00E-02
578.525	1.04E-01	6.65E-02	7.91E-02	3.59E+00	7.02E-02
580.35	1.04E-01	6.65E-02	7.91E-02	3.59E+00	7.04E-02
582.175	1.04E-01	6.65E-02	7.91E-02	3.59E+00	7.06E-02
584	1.04E-01	6.64E-02	7.91E-02	3.59E+00	7.08E-02
585.825	1.04E-01	6.64E-02	7.90E-02	3.59E+00	7.10E-02
587.65	1.04E-01	6.64E-02	7.90E-02	3.59E+00	7.11E-02
589.475	1.04E-01	6.64E-02	7.90E-02	3.59E+00	7.13E-02
591.3	1.04E-01	6.64E-02	7.89E-02	3.59E+00	7.15E-02
593.125	1.04E-01	6.63E-02	7.89E-02	3.59E+00	7.17E-02
594.95	1.04E-01	6.63E-02	7.89E-02	3.59E+00	7.19E-02
596.775	1.04E-01	6.63E-02	7.89E-02	3.59E+00	7.21E-02
598.6	1.04E-01	6.63E-02	7.88E-02	3.59E+00	7.23E-02
600.425	1.04E-01	6.62E-02	7.88E-02	3.59E+00	7.25E-02
602.25	1.04E-01	6.62E-02	7.88E-02	3.59E+00	7.27E-02
604.075	1.04E-01	6.62E-02	7.87E-02	3.59E+00	7.29E-02
605.9	1.04E-01	6.62E-02	7.87E-02	3.58E+00	7.31E-02
607.725	1.04E-01	6.62E-02	7.87E-02	3.58E+00	7.33E-02
609.55	1.04E-01	6.61E-02	7.87E-02	3.58E+00	7.34E-02
611.375	1.04E-01	6.61E-02	7.86E-02	3.58E+00	7.36E-02
613.2	1.04E-01	6.61E-02	7.86E-02	3.58E+00	7.38E-02
615.025	1.04E-01	6.61E-02	7.86E-02	3.58E+00	7.40E-02
616.85	1.04E-01	6.61E-02	7.86E-02	3.58E+00	7.42E-02
618.675	1.04E-01	6.60E-02	7.85E-02	3.58E+00	7.44E-02
620.5	1.04E-01	6.60E-02	7.85E-02	3.58E+00	7.46E-02
622.325	1.04E-01	6.60E-02	7.85E-02	3.58E+00	7.48E-02
624.15	1.04E-01	6.60E-02	7.85E-02	3.58E+00	7.50E-02
625.975	1.04E-01	6.60E-02	7.84E-02	3.58E+00	7.52E-02
627.8	1.04E-01	6.60E-02	7.84E-02	3.58E+00	7.54E-02
629.625	1.04E-01	6.59E-02	7.84E-02	3.58E+00	7.55E-02
631.45	1.04E-01	6.59E-02	7.84E-02	3.58E+00	7.57E-02
633.275	1.04E-01	6.59E-02	7.83E-02	3.58E+00	7.59E-02
635.1	1.04E-01	6.59E-02	7.83E-02	3.58E+00	7.61E-02
636.925	1.04E-01	6.59E-02	7.83E-02	3.58E+00	7.63E-02
638.75	1.04E-01	6.58E-02	7.83E-02	3.57E+00	7.65E-02
640.575	1.04E-01	6.58E-02	7.82E-02	3.57E+00	7.67E-02
642.4	1.04E-01	6.58E-02	7.82E-02	3.57E+00	7.69E-02
644.225	1.04E-01	6.58E-02	7.82E-02	3.57E+00	7.71E-02
646.05	1.04E-01	6.58E-02	7.82E-02	3.57E+00	7.73E-02
647.875	1.04E-01	6.58E-02	7.82E-02	3.57E+00	7.75E-02
649.7	1.04E-01	6.57E-02	7.81E-02	3.57E+00	7.77E-02
651.525	1.04E-01	6.57E-02	7.81E-02	3.57E+00	7.78E-02
653.35	1.04E-01	6.57E-02	7.81E-02	3.57E+00	7.80E-02
655.175	1.04E-01	6.57E-02	7.81E-02	3.57E+00	7.82E-02
657	1.04E-01	6.57E-02	7.81E-02	3.57E+00	7.84E-02
658.825	1.05E-01	6.57E-02	7.80E-02	3.57E+00	7.86E-02
660.65	1.05E-01	6.56E-02	7.80E-02	3.57E+00	7.88E-02
662.475	1.05E-01	6.56E-02	7.80E-02	3.57E+00	7.90E-02
664.3	1.05E-01	6.56E-02	7.80E-02	3.57E+00	7.92E-02
666.125	1.05E-01	6.56E-02	7.80E-02	3.57E+00	7.94E-02
667.95	1.05E-01	6.56E-02	7.79E-02	3.57E+00	7.96E-02
669.775	1.05E-01	6.56E-02	7.79E-02	3.57E+00	7.98E-02
671.6	1.05E-01	6.55E-02	7.79E-02	3.57E+00	7.99E-02
673.425	1.05E-01	6.55E-02	7.79E-02	3.56E+00	8.01E-02
675.25	1.05E-01	6.55E-02	7.79E-02	3.56E+00	8.03E-02
677.075	1.05E-01	6.55E-02	7.78E-02	3.56E+00	8.05E-02
678.9	1.05E-01	6.55E-02	7.78E-02	3.56E+00	8.07E-02
680.725	1.05E-01	6.55E-02	7.78E-02	3.56E+00	8.09E-02
682.55	1.05E-01	6.55E-02	7.78E-02	3.56E+00	8.11E-02
684.375	1.05E-01	6.54E-02	7.78E-02	3.56E+00	8.13E-02
686.2	1.05E-01	6.54E-02	7.77E-02	3.56E+00	8.15E-02
688.025	1.05E-01	6.54E-02	7.77E-02	3.56E+00	8.17E-02
689.85	1.05E-01	6.54E-02	7.77E-02	3.56E+00	8.18E-02
691.675	1.05E-01	6.54E-02	7.77E-02	3.56E+00	8.20E-02
693.5	1.05E-01	6.54E-02	7.77E-02	3.56E+00	8.22E-02
695.325	1.05E-01	6.54E-02	7.77E-02	3.56E+00	8.24E-02
697.15	1.05E-01	6.53E-02	7.76E-02	3.56E+00	8.26E-02
698.975	1.05E-01	6.53E-02	7.76E-02	3.56E+00	8.28E-02
700.8	1.05E-01	6.53E-02	7.76E-02	3.56E+00	8.30E-02
702.625	1.05E-01	6.53E-02	7.76E-02	3.56E+00	8.32E-02
704.45	1.05E-01	6.53E-02	7.76E-02	3.56E+00	8.34E-02
706.275	1.05E-01	6.53E-02	7.76E-02	3.56E+00	8.36E-02
708.1	1.05E-01	6.53E-02	7.75E-02	3.56E+00	8.38E-02
709.925	1.05E-01	6.52E-02	7.75E-02	3.55E+00	8.39E-02
711.75	1.05E-01	6.52E-02	7.75E-02	3.55E+00	8.41E-02
713.575	1.05E-01	6.52E-02	7.75E-02	3.55E+00	8.43E-02
715.4	1.05E-01	6.52E-02	7.75E-02	3.55E+00	8.45E-02
717.225	1.05E-01	6.52E-02	7.75E-02	3.55E+00	8.47E-02
719.05	1.05E-01	6.52E-02	7.74E-02	3.55E+00	8.49E-02
720.875	1.05E-01	6.52E-02	7.74E-02	3.55E+00	8.51E-02
722.7	1.05E-01	6.52E-02	7.74E-02	3.55E+00	8.53E-02
724.525	1.05E-01	6.51E-02	7.74E-02	3.55E+00	8.55E-02
726.35	1.05E-01	6.51E-02	7.74E-02	3.55E+00	8.57E-02
728.175	1.05E-01	6.51E-02	7.74E-02	3.55E+00	8.58E-02
730	1.05E-01	6.51E-02	7.74E-02	3.55E+00	8.60E-02
731.825	1.05E-01	6.51E-02	7.73E-02	3.55E+00	8.62E-02
733.65	1.05E-01	6.51E-02	7.73E-02	3.55E+00	8.64E-02
735.475	1.05E-01	6.51E-02	7.73E-02	3.55E+00	8.66E-02
737.3	1.05E-01	6.51E-02	7.73E-02	3.55E+00	8.68E-02
739.125	1.05E-01	6.50E-02	7.73E-02	3.55E+00	8.70E-02
740.95	1.05E-01	6.50E-02	7.73E-02	3.55E+00	8.72E-02
742.775	1.05E-01	6.50E-02	7.73E-02	3.55E+00	8.74E-02
744.6	1.05E-01	6.50E-02	7.72E-02	3.55E+00	8.76E-02
746.425	1.05E-01	6.50E-02	7.72E-02	3.54E+00	8.77E-02
748.25	1.05E-01	6.50E-02	7.72E-02	3.54E+00	8.79E-02
750.075	1.05E-01	6.50E-02	7.72E-02	3.54E+00	8.81E-02
751.9	1.05E-01	6.50E-02	7.72E-02	3.54E+00	8.83E-02
753.725	1.05E-01	6.50E-02	7.72E-02	3.54E+00	8.85E-02
755.55	1.05E-01	6.49E-02	7.72E-02	3.54E+00	8.87E-02
757.375	1.05E-01	6.49E-02	7.72E-02	3.54E+00	8.89E-02
759.2	1.05E-01	6.49E-02	7.71E-02	3.54E+00	8.91E-02
761.025	1.05E-01	6.49E-02	7.71E-02	3.54E+00	8.93E-02
762.85	1.05E-01	6.49E-02	7.71E-02	3.54E+00	8.95E-02
764.675	1.05E-01	6.49E-02	7.71E-02	3.54E+00	8.96E-02
766.5	1.05E-01	6.49E-02	7.71E-02	3.54E+00	8.98E-02
768.325	1.05E-01	6.49E-02	7.71E-02	3.54E+00	9.00E-02
770.15	1.05E-01	6.49E-02	7.71E-02	3.54E+00	9.02E-02
771.975	1.05E-01	6.48E-02	7.71E-02	3.54E+00	9.04E-02
773.8	1.05E-01	6.48E-02	7.70E-02	3.54E+00	9.06E-02
775.625	1.05E-01	6.48E-02	7.70E-02	3.54E+00	9.08E-02
777.45	1.05E-01	6.48E-02	7.70E-02	3.54E+00	9.10E-02
779.275	1.05E-01	6.48E-02	7.70E-02	3.54E+00	9.12E-02
781.1	1.05E-01	6.48E-02	7.70E-02	3.54E+00	9.14E-02
782.925	1.05E-01	6.48E-02	7.70E-02	3.54E+00	9.15E-02
784.75	1.05E-01	6.48E-02	7.70E-02	3.54E+00	9.17E-02
786.575	1.05E-01	6.48E-02	7.70E-02	3.53E+00	9.19E-02
788.4	1.05E-01	6.48E-02	7.70E-02	3.53E+00	9.21E-02
790.225	1.05E-01	6.47E-02	7.69E-02	3.53E+00	9.23E-02
792.05	1.05E-01	6.47E-02	7.69E-02	3.53E+00	9.25E-02
793.875	1.05E-01	6.47E-02	7.69E-02	3.53E+00	9.27E-02
795.7	1.05E-01	6.47E-02	7.69E-02	3.53E+00	9.29E-02
797.525	1.05E-01	6.47E-02	7.69E-02	3.53E+00	9.31E-02
799.35	1.05E-01	6.47E-02	7.69E-02	3.53E+00	9.33E-02
801.175	1.05E-01	6.47E-02	7.69E-02	3.53E+00	9.34E-02
803	1.05E-01	6.47E-02	7.69E-02	3.53E+00	9.36E-02
804.825	1.05E-01	6.47E-02	7.69E-02	3.53E+00	9.38E-02
806.65	1.05E-01	6.47E-02	7.69E-02	3.53E+00	9.40E-02
808.475	1.05E-01	6.47E-02	7.68E-02	3.53E+00	9.42E-02
810.3	1.05E-01	6.46E-02	7.68E-02	3.53E+00	9.44E-02
812.125	1.05E-01	6.46E-02	7.68E-02	3.53E+00	9.46E-02
813.95	1.05E-01	6.46E-02	7.68E-02	3.53E+00	9.48E-02
815.775	1.05E-01	6.46E-02	7.68E-02	3.53E+00	9.50E-02
817.6	1.05E-01	6.46E-02	7.68E-02	3.53E+00	9.52E-02
819.425	1.05E-01	6.46E-02	7.68E-02	3.53E+00	9.53E-02
821.25	1.05E-01	6.46E-02	7.68E-02	3.53E+00	9.55E-02
823.075	1.05E-01	6.46E-02	7.68E-02	3.53E+00	9.57E-02
824.9	1.05E-01	6.46E-02	7.68E-02	3.53E+00	9.59E-02
826.725	1.05E-01	6.46E-02	7.67E-02	3.53E+00	9.61E-02
828.55	1.05E-01	6.46E-02	7.67E-02	3.52E+00	9.63E-02
830.375	1.05E-01	6.45E-02	7.67E-02	3.52E+00	9.65E-02
832.2	1.05E-01	6.45E-02	7.67E-02	3.52E+00	9.67E-02
834.025	1.05E-01	6.45E-02	7.67E-02	3.52E+00	9.69E-02
835.85	1.05E-01	6.45E-02	7.67E-02	3.52E+00	9.70E-02
837.675	1.05E-01	6.45E-02	7.67E-02	3.52E+00	9.72E-02
839.5	1.05E-01	6.45E-02	7.67E-02	3.52E+00	9.74E-02
841.325	1.05E-01	6.45E-02	7.67E-02	3.52E+00	9.76E-02
843.15	1.05E-01	6.45E-02	7.67E-02	3.52E+00	9.78E-02
844.975	1.05E-01	6.45E-02	7.67E-02	3.52E+00	9.80E-02
846.8	1.05E-01	6.45E-02	7.67E-02	3.52E+00	9.82E-02
848.625	1.05E-01	6.45E-02	7.66E-02	3.52E+00	9.84E-02
850.45	1.05E-01	6.45E-02	7.66E-02	3.52E+00	9.86E-02
852.275	1.05E-01	6.45E-02	7.66E-02	3.52E+00	9.88E-02
854.1	1.05E-01	6.44E-02	7.66E-02	3.52E+00	9.89E-02
855.925	1.05E-01	6.44E-02	7.66E-02	3.52E+00	9.91E-02
857.75	1.05E-01	6.44E-02	7.66E-02	3.52E+00	9.93E-02
859.575	1.05E-01	6.44E-02	7.66E-02	3.52E+00	9.95E-02
861.4	1.05E-01	6.44E-02	7.66E-02	3.52E+00	9.97E-02
863.225	1.05E-01	6.44E-02	7.66E-02	3.52E+00	9.99E-02
865.05	1.05E-01	6.44E-02	7.66E-02	3.52E+00	1.00E-01
866.875	1.05E-01	6.44E-02	7.66E-02	3.52E+00	1.00E-01
868.7	1.05E-01	6.44E-02	7.66E-02	3.52E+00	1.00E-01
870.525	1.05E-01	6.44E-02	7.66E-02	3.52E+00	1.01E-01
872.35	1.05E-01	6.44E-02	7.65E-02	3.51E+00	1.01E-01
874.175	1.05E-01	6.44E-02	7.65E-02	3.51E+00	1.01E-01
876	1.05E-01	6.44E-02	7.65E-02	3.51E+00	1.01E-01
877.825	1.05E-01	6.44E-02	7.65E-02	3.51E+00	1.01E-01
879.65	1.05E-01	6.44E-02	7.65E-02	3.51E+00	1.02E-01
881.475	1.05E-01	6.43E-02	7.65E-02	3.51E+00	1.02E-01
883.3	1.05E-01	6.43E-02	7.65E-02	3.51E+00	1.02E-01
885.125	1.05E-01	6.43E-02	7.65E-02	3.51E+00	1.02E-01
886.95	1.05E-01	6.43E-02	7.65E-02	3.51E+00	1.02E-01
888.775	1.05E-01	6.43E-02	7.65E-02	3.51E+00	1.03E-01
890.6	1.05E-01	6.43E-02	7.65E-02	3.51E+00	1.03E-01
892.425	1.05E-01	6.43E-02	7.65E-02	3.51E+00	1.03E-01
894.25	1.05E-01	6.43E-02	7.65E-02	3.51E+00	1.03E-01
896.075	1.05E-01	6.43E-02	7.65E-02	3.51E+00	1.03E-01
897.9	1.05E-01	6.43E-02	7.64E-02	3.51E+00	1.03E-01
899.725	1.05E-01	6.43E-02	7.64E-02	3.51E+00	1.04E-01
901.55	1.05E-01	6.43E-02	7.64E-02	3.51E+00	1.04E-01
903.375	1.05E-01	6.43E-02	7.64E-02	3.51E+00	1.04E-01
905.2	1.05E-01	6.43E-02	7.64E-02	3.51E+00	1.04E-01
907.025	1.05E-01	6.43E-02	7.64E-02	3.51E+00	1.04E-01
908.85	1.05E-01	6.42E-02	7.64E-02	3.51E+00	1.05E-01
910.675	1.05E-01	6.42E-02	7.64E-02	3.51E+00	1.05E-01
912.5	1.05E-01	6.42E-02	7.64E-02	3.51E+00	1.05E-01
914.325	1.05E-01	6.42E-02	7.64E-02	3.51E+00	1.05E-01
916.15	1.05E-01	6.42E-02	7.64E-02	3.51E+00	1.05E-01
917.975	1.05E-01	6.42E-02	7.64E-02	3.50E+00	1.06E-01
919.8	1.05E-01	6.42E-02	7.64E-02	3.50E+00	1.06E-01
921.625	1.05E-01	6.42E-02	7.64E-02	3.50E+00	1.06E-01
923.45	1.05E-01	6.42E-02	7.64E-02	3.50E+00	1.06E-01
925.275	1.05E-01	6.42E-02	7.64E-02	3.50E+00	1.06E-01
927.1	1.05E-01	6.42E-02	7.64E-02	3.50E+00	1.07E-01
928.925	1.05E-01	6.42E-02	7.63E-02	3.50E+00	1.07E-01
930.75	1.05E-01	6.42E-02	7.63E-02	3.50E+00	1.07E-01
932.575	1.05E-01	6.42E-02	7.63E-02	3.50E+00	1.07E-01
934.4	1.05E-01	6.42E-02	7.63E-02	3.50E+00	1.07E-01
936.225	1.05E-01	6.42E-02	7.63E-02	3.50E+00	1.07E-01
938.05	1.05E-01	6.42E-02	7.63E-02	3.50E+00	1.08E-01
939.875	1.05E-01	6.42E-02	7.63E-02	3.50E+00	1.08E-01
941.7	1.05E-01	6.41E-02	7.63E-02	3.50E+00	1.08E-01
943.525	1.05E-01	6.41E-02	7.63E-02	3.50E+00	1.08E-01
945.35	1.05E-01	6.41E-02	7.63E-02	3.50E+00	1.08E-01
947.175	1.05E-01	6.41E-02	7.63E-02	3.50E+00	1.09E-01
949	1.05E-01	6.41E-02	7.63E-02	3.50E+00	1.09E-01
950.825	1.05E-01	6.41E-02	7.63E-02	3.50E+00	1.09E-01
952.65	1.05E-01	6.41E-02	7.63E-02	3.50E+00	1.09E-01
954.475	1.05E-01	6.41E-02	7.63E-02	3.50E+00	1.09E-01
956.3	1.05E-01	6.41E-02	7.63E-02	3.50E+00	1.10E-01
958.125	1.05E-01	6.41E-02	7.63E-02	3.50E+00	1.10E-01
959.95	1.05E-01	6.41E-02	7.63E-02	3.50E+00	1.10E-01
961.775	1.05E-01	6.41E-02	7.63E-02	3.50E+00	1.10E-01
963.6	1.05E-01	6.41E-02	7.63E-02	3.50E+00	1.10E-01
965.425	1.05E-01	6.41E-02	7.62E-02	3.49E+00	1.10E-01
967.25	1.05E-01	6.41E-02	7.62E-02	3.49E+00	1.11E-01
969.075	1.05E-01	6.41E-02	7.62E-02	3.49E+00	1.11E-01
970.9	1.05E-01	6.41E-02	7.62E-02	3.49E+00	1.11E-01
972.725	1.05E-01	6.41E-02	7.62E-02	3.49E+00	1.11E-01
974.55	1.05E-01	6.41E-02	7.62E-02	3.49E+00	1.11E-01
976.375	1.05E-01	6.41E-02	7.62E-02	3.49E+00	1.12E-01
978.2	1.05E-01	6.41E-02	7.62E-02	3.49E+00	1.12E-01
980.025	1.05E-01	6.40E-02	7.62E-02	3.49E+00	1.12E-01
981.85	1.05E-01	6.40E-02	7.62E-02	3.49E+00	1.12E-01
983.675	1.05E-01	6.40E-02	7.62E-02	3.49E+00	1.12E-01
985.5	1.05E-01	6.40E-02	7.62E-02	3.49E+00	1.13E-01
987.325	1.05E-01	6.40E-02	7.62E-02	3.49E+00	1.13E-01
989.15	1.05E-01	6.40E-02	7.62E-02	3.49E+00	1.13E-01
990.975	1.05E-01	6.40E-02	7.62E-02	3.49E+00	1.13E-01
992.8	1.05E-01	6.40E-02	7.62E-02	3.49E+00	1.13E-01
994.625	1.05E-01	6.40E-02	7.62E-02	3.49E+00	1.14E-01
996.45	1.05E-01	6.40E-02	7.62E-02	3.49E+00	1.14E-01
998.275	1.05E-01	6.40E-02	7.62E-02	3.49E+00	1.14E-01
1000.1	1.05E-01	6.40E-02	7.62E-02	3.49E+00	1.14E-01
1001.92	1.05E-01	6.40E-02	7.62E-02	3.49E+00	1.14E-01
1003.75	1.05E-01	6.40E-02	7.62E-02	3.49E+00	1.14E-01
1005.58	1.05E-01	6.40E-02	7.62E-02	3.49E+00	1.15E-01
1007.4	1.05E-01	6.40E-02	7.62E-02	3.49E+00	1.15E-01
1009.23	1.05E-01	6.40E-02	7.61E-02	3.49E+00	1.15E-01
1011.05	1.05E-01	6.40E-02	7.61E-02	3.49E+00	1.15E-01
1012.88	1.05E-01	6.40E-02	7.61E-02	3.49E+00	1.15E-01
1014.7	1.05E-01	6.40E-02	7.61E-02	3.49E+00	1.16E-01
1016.52	1.05E-01	6.40E-02	7.61E-02	3.48E+00	1.16E-01
1018.35	1.05E-01	6.40E-02	7.61E-02	3.48E+00	1.16E-01
1020.17	1.05E-01	6.40E-02	7.61E-02	3.48E+00	1.16E-01
1022	1.05E-01	6.40E-02	7.61E-02	3.48E+00	1.16E-01
1023.83	1.05E-01	6.39E-02	7.61E-02	3.48E+00	1.17E-01
1025.65	1.05E-01	6.39E-02	7.61E-02	3.48E+00	1.17E-01
1027.47	1.05E-01	6.39E-02	7.61E-02	3.48E+00	1.17E-01
1029.3	1.05E-01	6.39E-02	7.61E-02	3.48E+00	1.17E-01
1031.13	1.05E-01	6.39E-02	7.61E-02	3.48E+00	1.17E-01
1032.95	1.05E-01	6.39E-02	7.61E-02	3.48E+00	1.17E-01
1034.78	1.05E-01	6.39E-02	7.61E-02	3.48E+00	1.18E-01
1036.6	1.05E-01	6.39E-02	7.61E-02	3.48E+00	1.18E-01
1038.42	1.05E-01	6.39E-02	7.61E-02	3.48E+00	1.18E-01
1040.25	1.05E-01	6.39E-02	7.61E-02	3.48E+00	1.18E-01
1042.08	1.05E-01	6.39E-02	7.61E-02	3.48E+00	1.18E-01
1043.9	1.05E-01	6.39E-02	7.61E-02	3.48E+00	1.19E-01
1045.72	1.05E-01	6.39E-02	7.61E-02	3.48E+00	1.19E-01
1047.55	1.05E-01	6.39E-02	7.61E-02	3.48E+00	1.19E-01
1049.38	1.05E-01	6.39E-02	7.61E-02	3.48E+00	1.19E-01
1051.2	1.05E-01	6.39E-02	7.61E-02	3.48E+00	1.19E-01
1053.03	1.05E-01	6.39E-02	7.61E-02	3.48E+00	1.20E-01
1054.85	1.05E-01	6.39E-02	7.61E-02	3.48E+00	1.20E-01
1056.67	1.05E-01	6.39E-02	7.61E-02	3.48E+00	1.20E-01
1058.5	1.05E-01	6.39E-02	7.61E-02	3.48E+00	1.20E-01
1060.33	1.05E-01	6.39E-02	7.61E-02	3.48E+00	1.20E-01
1062.15	1.05E-01	6.39E-02	7.61E-02	3.48E+00	1.21E-01
1063.97	1.05E-01	6.39E-02	7.60E-02	3.48E+00	1.21E-01
1065.8	1.05E-01	6.39E-02	7.60E-02	3.48E+00	1.21E-01
1067.63	1.05E-01	6.39E-02	7.60E-02	3.47E+00	1.21E-01
1069.45	1.05E-01	6.39E-02	7.60E-02	3.47E+00	1.21E-01
1071.28	1.05E-01	6.39E-02	7.60E-02	3.47E+00	1.21E-01
1073.1	1.05E-01	6.39E-02	7.60E-02	3.47E+00	1.22E-01
1074.92	1.05E-01	6.38E-02	7.60E-02	3.47E+00	1.22E-01
1076.75	1.05E-01	6.38E-02	7.60E-02	3.47E+00	1.22E-01
1078.58	1.05E-01	6.38E-02	7.60E-02	3.47E+00	1.22E-01
1080.4	1.05E-01	6.38E-02	7.60E-02	3.47E+00	1.22E-01
1082.22	1.05E-01	6.38E-02	7.60E-02	3.47E+00	1.23E-01
1084.05	1.05E-01	6.38E-02	7.60E-02	3.47E+00	1.23E-01
1085.88	1.05E-01	6.38E-02	7.60E-02	3.47E+00	1.23E-01
1087.7	1.05E-01	6.38E-02	7.60E-02	3.47E+00	1.23E-01
1089.53	1.05E-01	6.38E-02	7.60E-02	3.47E+00	1.23E-01
1091.35	1.05E-01	6.38E-02	7.60E-02	3.47E+00	1.24E-01
1093.17	1.05E-01	6.38E-02	7.60E-02	3.47E+00	1.24E-01
1095	1.05E-01	6.38E-02	7.60E-02	3.47E+00	1.24E-01
1096.83	1.05E-01	6.38E-02	7.60E-02	3.47E+00	1.24E-01
1098.65	1.05E-01	6.38E-02	7.60E-02	3.47E+00	1.24E-01
1100.47	1.05E-01	6.38E-02	7.60E-02	3.47E+00	1.24E-01
1102.3	1.05E-01	6.38E-02	7.60E-02	3.47E+00	1.25E-01
1104.13	1.05E-01	6.38E-02	7.60E-02	3.47E+00	1.25E-01
1105.95	1.05E-01	6.38E-02	7.60E-02	3.47E+00	1.25E-01
1107.78	1.05E-01	6.38E-02	7.60E-02	3.47E+00	1.25E-01
1109.6	1.05E-01	6.38E-02	7.60E-02	3.47E+00	1.25E-01
1111.42	1.05E-01	6.38E-02	7.60E-02	3.47E+00	1.26E-01
1113.25	1.05E-01	6.38E-02	7.60E-02	3.47E+00	1.26E-01
1115.08	1.05E-01	6.38E-02	7.60E-02	3.47E+00	1.26E-01
1116.9	1.05E-01	6.38E-02	7.60E-02	3.47E+00	1.26E-01
1118.72	1.05E-01	6.38E-02	7.60E-02	3.47E+00	1.26E-01
1120.55	1.05E-01	6.38E-02	7.60E-02	3.47E+00	1.27E-01
1122.38	1.05E-01	6.38E-02	7.60E-02	3.47E+00	1.27E-01
1124.2	1.05E-01	6.38E-02	7.60E-02	3.46E+00	1.27E-01
1126.03	1.05E-01	6.38E-02	7.60E-02	3.46E+00	1.27E-01
1127.85	1.05E-01	6.38E-02	7.60E-02	3.46E+00	1.27E-01
1129.67	1.05E-01	6.38E-02	7.60E-02	3.46E+00	1.27E-01
1131.5	1.05E-01	6.38E-02	7.60E-02	3.46E+00	1.28E-01
1133.33	1.05E-01	6.38E-02	7.60E-02	3.46E+00	1.28E-01
1135.15	1.05E-01	6.38E-02	7.60E-02	3.46E+00	1.28E-01
1136.97	1.06E-01	6.38E-02	7.60E-02	3.46E+00	1.28E-01
1138.8	1.06E-01	6.38E-02	7.59E-02	3.46E+00	1.28E-01
1140.63	1.06E-01	6.37E-02	7.59E-02	3.46E+00	1.29E-01
1142.45	1.06E-01	6.37E-02	7.59E-02	3.46E+00	1.29E-01
1144.28	1.06E-01	6.37E-02	7.59E-02	3.46E+00	1.29E-01
1146.1	1.06E-01	6.37E-02	7.59E-02	3.46E+00	1.29E-01
1147.92	1.06E-01	6.37E-02	7.59E-02	3.46E+00	1.29E-01
1149.75	1.06E-01	6.37E-02	7.59E-02	3.46E+00	1.30E-01
1151.58	1.06E-01	6.37E-02	7.59E-02	3.46E+00	1.30E-01
1153.4	1.06E-01	6.37E-02	7.59E-02	3.46E+00	1.30E-01
1155.22	1.06E-01	6.37E-02	7.59E-02	3.46E+00	1.30E-01
1157.05	1.06E-01	6.37E-02	7.59E-02	3.46E+00	1.30E-01
1158.88	1.06E-01	6.37E-02	7.59E-02	3.46E+00	1.31E-01
1160.7	1.06E-01	6.37E-02	7.59E-02	3.46E+00	1.31E-01
1162.53	1.06E-01	6.37E-02	7.59E-02	3.46E+00	1.31E-01
1164.35	1.06E-01	6.37E-02	7.59E-02	3.46E+00	1.31E-01
1166.17	1.06E-01	6.37E-02	7.59E-02	3.46E+00	1.31E-01
1168	1.06E-01	6.37E-02	7.59E-02	3.46E+00	1.31E-01
1169.83	1.06E-01	6.37E-02	7.59E-02	3.46E+00	1.32E-01
1171.65	1.06E-01	6.37E-02	7.59E-02	3.46E+00	1.32E-01
1173.47	1.06E-01	6.37E-02	7.59E-02	3.46E+00	1.32E-01
1175.3	1.06E-01	6.37E-02	7.59E-02	3.46E+00	1.32E-01
1177.13	1.06E-01	6.37E-02	7.59E-02	3.46E+00	1.32E-01
1178.95	1.06E-01	6.37E-02	7.59E-02	3.46E+00	1.33E-01
1180.78	1.06E-01	6.37E-02	7.59E-02	3.45E+00	1.33E-01
1182.6	1.06E-01	6.37E-02	7.59E-02	3.45E+00	1.33E-01
1184.42	1.06E-01	6.37E-02	7.59E-02	3.45E+00	1.33E-01
1186.25	1.06E-01	6.37E-02	7.59E-02	3.45E+00	1.33E-01
1188.08	1.06E-01	6.37E-02	7.59E-02	3.45E+00	1.34E-01
1189.9	1.06E-01	6.37E-02	7.59E-02	3.45E+00	1.34E-01
1191.72	1.06E-01	6.37E-02	7.59E-02	3.45E+00	1.34E-01
1193.55	1.06E-01	6.37E-02	7.59E-02	3.45E+00	1.34E-01
1195.38	1.06E-01	6.37E-02	7.59E-02	3.45E+00	1.34E-01
1197.2	1.06E-01	6.37E-02	7.59E-02	3.45E+00	1.34E-01
1199.03	1.06E-01	6.37E-02	7.59E-02	3.45E+00	1.35E-01
1200.85	1.06E-01	6.37E-02	7.59E-02	3.45E+00	1.35E-01
1202.67	1.06E-01	6.37E-02	7.59E-02	3.45E+00	1.35E-01
1204.5	1.06E-01	6.37E-02	7.59E-02	3.45E+00	1.35E-01
1206.33	1.06E-01	6.37E-02	7.59E-02	3.45E+00	1.35E-01
1208.15	1.06E-01	6.37E-02	7.59E-02	3.45E+00	1.36E-01
1209.97	1.06E-01	6.37E-02	7.59E-02	3.45E+00	1.36E-01
1211.8	1.06E-01	6.37E-02	7.59E-02	3.45E+00	1.36E-01
1213.63	1.06E-01	6.37E-02	7.59E-02	3.45E+00	1.36E-01
1215.45	1.06E-01	6.37E-02	7.59E-02	3.45E+00	1.36E-01
1217.28	1.06E-01	6.37E-02	7.59E-02	3.45E+00	1.37E-01
1219.1	1.06E-01	6.37E-02	7.59E-02	3.45E+00	1.37E-01
1220.92	1.06E-01	6.37E-02	7.59E-02	3.45E+00	1.37E-01
1222.75	1.06E-01	6.37E-02	7.59E-02	3.45E+00	1.37E-01
1224.58	1.06E-01	6.37E-02	7.59E-02	3.45E+00	1.37E-01
1226.4	1.06E-01	6.37E-02	7.59E-02	3.45E+00	1.37E-01
1228.22	1.06E-01	6.36E-02	7.59E-02	3.45E+00	1.38E-01
1230.05	1.06E-01	6.36E-02	7.59E-02	3.45E+00	1.38E-01
1231.88	1.06E-01	6.36E-02	7.59E-02	3.45E+00	1.38E-01
1233.7	1.06E-01	6.36E-02	7.59E-02	3.45E+00	1.38E-01
1235.53	1.06E-01	6.36E-02	7.59E-02	3.45E+00	1.38E-01
1237.35	1.06E-01	6.36E-02	7.59E-02	3.45E+00	1.39E-01
1239.17	1.06E-01	6.36E-02	7.59E-02	3.45E+00	1.39E-01
1241	1.06E-01	6.36E-02	7.59E-02	3.44E+00	1.39E-01
1242.83	1.06E-01	6.36E-02	7.59E-02	3.44E+00	1.39E-01
1244.65	1.06E-01	6.36E-02	7.59E-02	3.44E+00	1.39E-01
1246.47	1.06E-01	6.36E-02	7.59E-02	3.44E+00	1.40E-01
1248.3	1.06E-01	6.36E-02	7.59E-02	3.44E+00	1.40E-01
1250.13	1.06E-01	6.36E-02	7.59E-02	3.44E+00	1.40E-01
1251.95	1.06E-01	6.36E-02	7.59E-02	3.44E+00	1.40E-01
1253.78	1.06E-01	6.36E-02	7.58E-02	3.44E+00	1.40E-01
1255.6	1.06E-01	6.36E-02	7.58E-02	3.44E+00	1.41E-01
1257.42	1.06E-01	6.36E-02	7.58E-02	3.44E+00	1.41E-01
1259.25	1.06E-01	6.36E-02	7.58E-02	3.44E+00	1.41E-01
1261.08	1.06E-01	6.36E-02	7.58E-02	3.44E+00	1.41E-01
1262.9	1.06E-01	6.36E-02	7.58E-02	3.44E+00	1.41E-01
1264.72	1.06E-01	6.36E-02	7.58E-02	3.44E+00	1.41E-01
1266.55	1.06E-01	6.36E-02	7.58E-02	3.44E+00	1.42E-01
1268.38	1.06E-01	6.36E-02	7.58E-02	3.44E+00	1.42E-01
1270.2	1.06E-01	6.36E-02	7.58E-02	3.44E+00	1.42E-01
1272.03	1.06E-01	6.36E-02	7.58E-02	3.44E+00	1.42E-01
1273.85	1.06E-01	6.36E-02	7.58E-02	3.44E+00	1.42E-01
1275.67	1.06E-01	6.36E-02	7.58E-02	3.44E+00	1.43E-01
1277.5	1.06E-01	6.36E-02	7.58E-02	3.44E+00	1.43E-01
1279.33	1.06E-01	6.36E-02	7.58E-02	3.44E+00	1.43E-01
1281.15	1.06E-01	6.36E-02	7.58E-02	3.44E+00	1.43E-01
1282.97	1.06E-01	6.36E-02	7.58E-02	3.44E+00	1.43E-01
1284.8	1.06E-01	6.36E-02	7.58E-02	3.44E+00	1.44E-01
1286.63	1.06E-01	6.36E-02	7.58E-02	3.44E+00	1.44E-01
1288.45	1.06E-01	6.36E-02	7.58E-02	3.44E+00	1.44E-01
1290.28	1.06E-01	6.36E-02	7.58E-02	3.44E+00	1.44E-01
1292.1	1.06E-01	6.36E-02	7.58E-02	3.44E+00	1.44E-01
1293.92	1.06E-01	6.36E-02	7.58E-02	3.44E+00	1.44E-01
1295.75	1.06E-01	6.36E-02	7.58E-02	3.44E+00	1.45E-01
1297.58	1.06E-01	6.36E-02	7.58E-02	3.44E+00	1.45E-01
1299.4	1.06E-01	6.36E-02	7.58E-02	3.44E+00	1.45E-01
1301.22	1.06E-01	6.36E-02	7.58E-02	3.44E+00	1.45E-01
1303.05	1.06E-01	6.36E-02	7.58E-02	3.44E+00	1.45E-01
1304.88	1.06E-01	6.36E-02	7.58E-02	3.43E+00	1.46E-01
1306.7	1.06E-01	6.36E-02	7.58E-02	3.43E+00	1.46E-01
1308.53	1.06E-01	6.36E-02	7.58E-02	3.43E+00	1.46E-01
1310.35	1.06E-01	6.36E-02	7.58E-02	3.43E+00	1.46E-01
1312.17	1.06E-01	6.36E-02	7.58E-02	3.43E+00	1.46E-01
1314	1.06E-01	6.36E-02	7.58E-02	3.43E+00	1.47E-01
1315.83	1.06E-01	6.36E-02	7.58E-02	3.43E+00	1.47E-01
1317.65	1.06E-01	6.36E-02	7.58E-02	3.43E+00	1.47E-01
1319.47	1.06E-01	6.36E-02	7.58E-02	3.43E+00	1.47E-01
1321.3	1.06E-01	6.36E-02	7.58E-02	3.43E+00	1.47E-01
1323.13	1.06E-01	6.36E-02	7.58E-02	3.43E+00	1.47E-01
1324.95	1.06E-01	6.36E-02	7.58E-02	3.43E+00	1.48E-01
1326.78	1.06E-01	6.36E-02	7.58E-02	3.43E+00	1.48E-01
1328.6	1.06E-01	6.36E-02	7.58E-02	3.43E+00	1.48E-01
1330.42	1.06E-01	6.36E-02	7.58E-02	3.43E+00	1.48E-01
1332.25	1.06E-01	6.36E-02	7.58E-02	3.43E+00	1.48E-01
1334.08	1.06E-01	6.36E-02	7.58E-02	3.43E+00	1.49E-01
1335.9	1.06E-01	6.36E-02	7.58E-02	3.43E+00	1.49E-01
1337.72	1.06E-01	6.36E-02	7.58E-02	3.43E+00	1.49E-01
1339.55	1.06E-01	6.36E-02	7.58E-02	3.43E+00	1.49E-01
1341.38	1.06E-01	6.36E-02	7.58E-02	3.43E+00	1.49E-01
1343.2	1.06E-01	6.36E-02	7.58E-02	3.43E+00	1.50E-01
1345.03	1.06E-01	6.36E-02	7.58E-02	3.43E+00	1.50E-01
1346.85	1.06E-01	6.36E-02	7.58E-02	3.43E+00	1.50E-01
1348.67	1.06E-01	6.36E-02	7.58E-02	3.43E+00	1.50E-01
1350.5	1.06E-01	6.36E-02	7.58E-02	3.43E+00	1.50E-01
1352.33	1.06E-01	6.36E-02	7.58E-02	3.43E+00	1.51E-01
1354.15	1.06E-01	6.36E-02	7.58E-02	3.43E+00	1.51E-01
1355.97	1.06E-01	6.36E-02	7.58E-02	3.43E+00	1.51E-01
1357.8	1.06E-01	6.35E-02	7.58E-02	3.43E+00	1.51E-01
1359.63	1.06E-01	6.35E-02	7.58E-02	3.43E+00	1.51E-01
1361.45	1.06E-01	6.35E-02	7.58E-02	3.43E+00	1.51E-01
1363.28	1.06E-01	6.35E-02	7.58E-02	3.43E+00	1.52E-01
1365.1	1.06E-01	6.35E-02	7.58E-02	3.43E+00	1.52E-01
1366.92	1.06E-01	6.35E-02	7.58E-02	3.43E+00	1.52E-01
1368.75	1.06E-01	6.35E-02	7.58E-02	3.43E+00	1.52E-01
1370.58	1.06E-01	6.35E-02	7.58E-02	3.42E+00	1.52E-01
1372.4	1.06E-01	6.35E-02	7.58E-02	3.42E+00	1.53E-01
1374.22	1.06E-01	6.35E-02	7.58E-02	3.42E+00	1.53E-01
1376.05	1.06E-01	6.35E-02	7.58E-02	3.42E+00	1.53E-01
1377.88	1.06E-01	6.35E-02	7.58E-02	3.42E+00	1.53E-01
1379.7	1.06E-01	6.35E-02	7.58E-02	3.42E+00	1.53E-01
1381.53	1.06E-01	6.35E-02	7.58E-02	3.42E+00	1.54E-01
1383.35	1.06E-01	6.35E-02	7.58E-02	3.42E+00	1.54E-01
1385.17	1.06E-01	6.35E-02	7.58E-02	3.42E+00	1.54E-01
1387	1.06E-01	6.35E-02	7.58E-02	3.42E+00	1.54E-01
1388.83	1.06E-01	6.35E-02	7.58E-02	3.42E+00	1.54E-01
1390.65	1.06E-01	6.35E-02	7.58E-02	3.42E+00	1.54E-01
1392.47	1.06E-01	6.35E-02	7.58E-02	3.42E+00	1.55E-01
1394.3	1.06E-01	6.35E-02	7.58E-02	3.42E+00	1.55E-01
1396.13	1.06E-01	6.35E-02	7.58E-02	3.42E+00	1.55E-01
1397.95	1.06E-01	6.35E-02	7.58E-02	3.42E+00	1.55E-01
1399.78	1.06E-01	6.35E-02	7.58E-02	3.42E+00	1.55E-01
1401.6	1.06E-01	6.35E-02	7.58E-02	3.42E+00	1.56E-01
1403.42	1.06E-01	6.35E-02	7.58E-02	3.42E+00	1.56E-01
1405.25	1.06E-01	6.35E-02	7.58E-02	3.42E+00	1.56E-01
1407.08	1.06E-01	6.35E-02	7.58E-02	3.42E+00	1.56E-01
1408.9	1.06E-01	6.35E-02	7.58E-02	3.42E+00	1.56E-01
1410.72	1.06E-01	6.35E-02	7.58E-02	3.42E+00	1.57E-01
1412.55	1.06E-01	6.35E-02	7.58E-02	3.42E+00	1.57E-01
1414.38	1.06E-01	6.35E-02	7.58E-02	3.42E+00	1.57E-01
1416.2	1.06E-01	6.35E-02	7.58E-02	3.42E+00	1.57E-01
1418.03	1.06E-01	6.35E-02	7.58E-02	3.42E+00	1.57E-01
1419.85	1.06E-01	6.35E-02	7.58E-02	3.42E+00	1.57E-01
1421.67	1.06E-01	6.35E-02	7.58E-02	3.42E+00	1.58E-01
1423.5	1.06E-01	6.35E-02	7.58E-02	3.42E+00	1.58E-01
1425.33	1.06E-01	6.35E-02	7.58E-02	3.42E+00	1.58E-01
1427.15	1.06E-01	6.35E-02	7.58E-02	3.42E+00	1.58E-01
1428.97	1.06E-01	6.35E-02	7.58E-02	3.42E+00	1.58E-01
1430.8	1.06E-01	6.35E-02	7.58E-02	3.42E+00	1.59E-01
1432.63	1.06E-01	6.35E-02	7.58E-02	3.42E+00	1.59E-01
1434.45	1.06E-01	6.35E-02	7.58E-02	3.42E+00	1.59E-01
1436.28	1.06E-01	6.35E-02	7.58E-02	3.42E+00	1.59E-01
1438.1	1.06E-01	6.35E-02	7.58E-02	3.42E+00	1.59E-01
1439.92	1.06E-01	6.35E-02	7.58E-02	3.41E+00	1.60E-01
1441.75	1.06E-01	6.35E-02	7.58E-02	3.41E+00	1.60E-01
1443.58	1.06E-01	6.35E-02	7.58E-02	3.41E+00	1.60E-01
1445.4	1.06E-01	6.35E-02	7.58E-02	3.41E+00	1.60E-01
1447.22	1.06E-01	6.35E-02	7.58E-02	3.41E+00	1.60E-01
1449.05	1.06E-01	6.35E-02	7.58E-02	3.41E+00	1.60E-01
1450.88	1.06E-01	6.35E-02	7.58E-02	3.41E+00	1.61E-01
1452.7	1.06E-01	6.35E-02	7.58E-02	3.41E+00	1.61E-01
1454.53	1.06E-01	6.35E-02	7.58E-02	3.41E+00	1.61E-01
1456.35	1.06E-01	6.35E-02	7.58E-02	3.41E+00	1.61E-01
1458.17	1.06E-01	6.35E-02	7.58E-02	3.41E+00	1.61E-01
1460	1.06E-01	6.35E-02	7.58E-02	3.41E+00	1.62E-01
1461.83	1.06E-01	6.35E-02	7.58E-02	3.41E+00	1.62E-01
1463.65	1.06E-01	6.35E-02	7.58E-02	3.41E+00	1.62E-01
1465.47	1.06E-01	6.35E-02	7.58E-02	3.41E+00	1.62E-01
1467.3	1.06E-01	6.35E-02	7.58E-02	3.41E+00	1.62E-01
1469.13	1.06E-01	6.35E-02	7.58E-02	3.41E+00	1.63E-01
1470.95	1.06E-01	6.35E-02	7.58E-02	3.41E+00	1.63E-01
1472.78	1.06E-01	6.35E-02	7.58E-02	3.41E+00	1.63E-01
1474.6	1.06E-01	6.35E-02	7.58E-02	3.41E+00	1.63E-01
1476.42	1.06E-01	6.35E-02	7.58E-02	3.41E+00	1.63E-01
1478.25	1.06E-01	6.35E-02	7.58E-02	3.41E+00	1.64E-01
1480.08	1.06E-01	6.35E-02	7.58E-02	3.41E+00	1.64E-01
1481.9	1.06E-01	6.35E-02	7.58E-02	3.41E+00	1.64E-01
1483.72	1.06E-01	6.35E-02	7.58E-02	3.41E+00	1.64E-01
1485.55	1.06E-01	6.35E-02	7.58E-02	3.41E+00	1.64E-01
1487.38	1.06E-01	6.35E-02	7.58E-02	3.41E+00	1.64E-01
1489.2	1.06E-01	6.35E-02	7.58E-02	3.41E+00	1.65E-01
1491.03	1.06E-01	6.35E-02	7.58E-02	3.41E+00	1.65E-01
1492.85	1.06E-01	6.35E-02	7.58E-02	3.41E+00	1.65E-01
1494.67	1.06E-01	6.35E-02	7.57E-02	3.41E+00	1.65E-01
1496.5	1.06E-01	6.35E-02	7.57E-02	3.41E+00	1.65E-01
1498.33	1.06E-01	6.35E-02	7.57E-02	3.41E+00	1.66E-01
1500.15	1.06E-01	6.35E-02	7.57E-02	3.41E+00	1.66E-01
1501.97	1.06E-01	6.35E-02	7.57E-02	3.41E+00	1.66E-01
1503.8	1.06E-01	6.35E-02	7.57E-02	3.41E+00	1.66E-01
1505.63	1.06E-01	6.35E-02	7.57E-02	3.41E+00	1.66E-01
1507.45	1.06E-01	6.35E-02	7.57E-02	3.41E+00	1.67E-01
1509.28	1.06E-01	6.35E-02	7.57E-02	3.41E+00	1.67E-01
1511.1	1.06E-01	6.35E-02	7.57E-02	3.41E+00	1.67E-01
1512.92	1.06E-01	6.35E-02	7.57E-02	3.40E+00	1.67E-01
1514.75	1.06E-01	6.35E-02	7.57E-02	3.40E+00	1.67E-01
1516.58	1.06E-01	6.35E-02	7.57E-02	3.40E+00	1.67E-01
1518.4	1.06E-01	6.35E-02	7.57E-02	3.40E+00	1.68E-01
1520.22	1.06E-01	6.35E-02	7.57E-02	3.40E+00	1.68E-01
1522.05	1.06E-01	6.35E-02	7.57E-02	3.40E+00	1.68E-01
1523.88	1.06E-01	6.35E-02	7.57E-02	3.40E+00	1.68E-01
1525.7	1.06E-01	6.35E-02	7.57E-02	3.40E+00	1.68E-01
1527.53	1.06E-01	6.35E-02	7.57E-02	3.40E+00	1.69E-01
1529.35	1.06E-01	6.35E-02	7.57E-02	3.40E+00	1.69E-01
1531.17	1.06E-01	6.35E-02	7.57E-02	3.40E+00	1.69E-01
1533	1.06E-01	6.35E-02	7.57E-02	3.40E+00	1.69E-01
1534.83	1.06E-01	6.35E-02	7.57E-02	3.40E+00	1.69E-01
1536.65	1.06E-01	6.35E-02	7.57E-02	3.40E+00	1.70E-01
1538.47	1.06E-01	6.35E-02	7.57E-02	3.40E+00	1.70E-01
1540.3	1.06E-01	6.35E-02	7.57E-02	3.40E+00	1.70E-01
1542.13	1.06E-01	6.35E-02	7.57E-02	3.40E+00	1.70E-01
1543.95	1.06E-01	6.35E-02	7.57E-02	3.40E+00	1.70E-01
1545.78	1.06E-01	6.35E-02	7.57E-02	3.40E+00	1.70E-01
1547.6	1.06E-01	6.35E-02	7.57E-02	3.40E+00	1.71E-01
1549.42	1.06E-01	6.35E-02	7.57E-02	3.40E+00	1.71E-01
1551.25	1.06E-01	6.35E-02	7.57E-02	3.40E+00	1.71E-01
1553.08	1.06E-01	6.35E-02	7.57E-02	3.40E+00	1.71E-01
1554.9	1.06E-01	6.35E-02	7.57E-02	3.40E+00	1.71E-01
1556.72	1.06E-01	6.35E-02	7.57E-02	3.40E+00	1.72E-01
1558.55	1.06E-01	6.35E-02	7.57E-02	3.40E+00	1.72E-01
1560.38	1.06E-01	6.35E-02	7.57E-02	3.40E+00	1.72E-01
1562.2	1.06E-01	6.35E-02	7.57E-02	3.40E+00	1.72E-01
1564.03	1.06E-01	6.35E-02	7.57E-02	3.40E+00	1.72E-01
1565.85	1.06E-01	6.35E-02	7.57E-02	3.40E+00	1.73E-01
1567.67	1.06E-01	6.35E-02	7.57E-02	3.40E+00	1.73E-01
1569.5	1.06E-01	6.35E-02	7.57E-02	3.40E+00	1.73E-01
1571.33	1.06E-01	6.35E-02	7.57E-02	3.40E+00	1.73E-01
1573.15	1.06E-01	6.35E-02	7.57E-02	3.40E+00	1.73E-01
1574.97	1.06E-01	6.35E-02	7.57E-02	3.40E+00	1.73E-01
1576.8	1.06E-01	6.35E-02	7.57E-02	3.40E+00	1.74E-01
1578.63	1.06E-01	6.35E-02	7.57E-02	3.40E+00	1.74E-01
1580.45	1.06E-01	6.35E-02	7.57E-02	3.40E+00	1.74E-01
1582.28	1.06E-01	6.35E-02	7.57E-02	3.40E+00	1.74E-01
1584.1	1.06E-01	6.35E-02	7.57E-02	3.40E+00	1.74E-01
1585.92	1.06E-01	6.35E-02	7.57E-02	3.40E+00	1.75E-01
1587.75	1.06E-01	6.35E-02	7.57E-02	3.40E+00	1.75E-01
1589.58	1.06E-01	6.35E-02	7.57E-02	3.39E+00	1.75E-01
1591.4	1.06E-01	6.35E-02	7.57E-02	3.39E+00	1.75E-01
1593.22	1.06E-01	6.35E-02	7.57E-02	3.39E+00	1.75E-01
1595.05	1.06E-01	6.35E-02	7.57E-02	3.39E+00	1.76E-01
1596.88	1.06E-01	6.35E-02	7.57E-02	3.39E+00	1.76E-01
1598.7	1.06E-01	6.35E-02	7.57E-02	3.39E+00	1.76E-01
1600.53	1.06E-01	6.35E-02	7.57E-02	3.39E+00	1.76E-01
1602.35	1.06E-01	6.35E-02	7.57E-02	3.39E+00	1.76E-01
1604.17	1.06E-01	6.35E-02	7.57E-02	3.39E+00	1.77E-01
1606	1.06E-01	6.35E-02	7.57E-02	3.39E+00	1.77E-01
1607.83	1.06E-01	6.35E-02	7.57E-02	3.39E+00	1.77E-01
1609.65	1.06E-01	6.34E-02	7.57E-02	3.39E+00	1.77E-01
1611.47	1.06E-01	6.34E-02	7.57E-02	3.39E+00	1.77E-01
1613.3	1.06E-01	6.34E-02	7.57E-02	3.39E+00	1.77E-01
1615.13	1.06E-01	6.34E-02	7.57E-02	3.39E+00	1.78E-01
1616.95	1.06E-01	6.34E-02	7.57E-02	3.39E+00	1.78E-01
1618.78	1.06E-01	6.34E-02	7.57E-02	3.39E+00	1.78E-01
1620.6	1.06E-01	6.34E-02	7.57E-02	3.39E+00	1.78E-01
1622.42	1.06E-01	6.34E-02	7.57E-02	3.39E+00	1.78E-01
1624.25	1.06E-01	6.34E-02	7.57E-02	3.39E+00	1.79E-01
1626.08	1.06E-01	6.34E-02	7.57E-02	3.39E+00	1.79E-01
1627.9	1.06E-01	6.34E-02	7.57E-02	3.39E+00	1.79E-01
1629.72	1.06E-01	6.34E-02	7.57E-02	3.39E+00	1.79E-01
1631.55	1.06E-01	6.34E-02	7.57E-02	3.39E+00	1.79E-01
1633.38	1.06E-01	6.34E-02	7.57E-02	3.39E+00	1.80E-01
1635.2	1.06E-01	6.34E-02	7.57E-02	3.39E+00	1.80E-01
1637.03	1.06E-01	6.34E-02	7.57E-02	3.39E+00	1.80E-01
1638.85	1.06E-01	6.34E-02	7.57E-02	3.39E+00	1.80E-01
1640.67	1.06E-01	6.34E-02	7.57E-02	3.39E+00	1.80E-01
1642.5	1.06E-01	6.34E-02	7.57E-02	3.39E+00	1.80E-01
1644.33	1.06E-01	6.34E-02	7.57E-02	3.39E+00	1.81E-01
1646.15	1.06E-01	6.34E-02	7.57E-02	3.39E+00	1.81E-01
1647.97	1.06E-01	6.34E-02	7.57E-02	3.39E+00	1.81E-01
1649.8	1.06E-01	6.34E-02	7.57E-02	3.39E+00	1.81E-01
1651.63	1.06E-01	6.34E-02	7.57E-02	3.39E+00	1.81E-01
1653.45	1.06E-01	6.34E-02	7.57E-02	3.39E+00	1.82E-01
1655.28	1.06E-01	6.34E-02	7.57E-02	3.39E+00	1.82E-01
1657.1	1.06E-01	6.34E-02	7.57E-02	3.39E+00	1.82E-01
1658.92	1.06E-01	6.34E-02	7.57E-02	3.39E+00	1.82E-01
1660.75	1.06E-01	6.34E-02	7.57E-02	3.39E+00	1.82E-01
1662.58	1.06E-01	6.34E-02	7.57E-02	3.39E+00	1.83E-01
1664.4	1.06E-01	6.34E-02	7.57E-02	3.39E+00	1.83E-01
1666.22	1.06E-01	6.34E-02	7.57E-02	3.39E+00	1.83E-01
1668.05	1.06E-01	6.34E-02	7.57E-02	3.38E+00	1.83E-01
1669.88	1.06E-01	6.34E-02	7.57E-02	3.38E+00	1.83E-01
1671.7	1.06E-01	6.34E-02	7.57E-02	3.38E+00	1.83E-01
1673.53	1.06E-01	6.34E-02	7.57E-02	3.38E+00	1.84E-01
1675.35	1.06E-01	6.34E-02	7.57E-02	3.38E+00	1.84E-01
1677.17	1.06E-01	6.34E-02	7.57E-02	3.38E+00	1.84E-01
1679	1.06E-01	6.34E-02	7.57E-02	3.38E+00	1.84E-01
1680.83	1.06E-01	6.34E-02	7.57E-02	3.38E+00	1.84E-01
1682.65	1.06E-01	6.34E-02	7.57E-02	3.38E+00	1.85E-01
1684.47	1.06E-01	6.34E-02	7.57E-02	3.38E+00	1.85E-01
1686.3	1.06E-01	6.34E-02	7.57E-02	3.38E+00	1.85E-01
1688.13	1.06E-01	6.34E-02	7.57E-02	3.38E+00	1.85E-01
1689.95	1.06E-01	6.34E-02	7.57E-02	3.38E+00	1.85E-01
1691.78	1.06E-01	6.34E-02	7.57E-02	3.38E+00	1.86E-01
1693.6	1.06E-01	6.34E-02	7.57E-02	3.38E+00	1.86E-01
1695.42	1.06E-01	6.34E-02	7.57E-02	3.38E+00	1.86E-01
1697.25	1.06E-01	6.34E-02	7.57E-02	3.38E+00	1.86E-01
1699.08	1.06E-01	6.34E-02	7.57E-02	3.38E+00	1.86E-01
1700.9	1.06E-01	6.34E-02	7.57E-02	3.38E+00	1.86E-01
1702.72	1.06E-01	6.34E-02	7.57E-02	3.38E+00	1.87E-01
1704.55	1.06E-01	6.34E-02	7.57E-02	3.38E+00	1.87E-01
1706.38	1.06E-01	6.34E-02	7.57E-02	3.38E+00	1.87E-01
1708.2	1.06E-01	6.34E-02	7.57E-02	3.38E+00	1.87E-01
1710.03	1.06E-01	6.34E-02	7.57E-02	3.38E+00	1.87E-01
1711.85	1.06E-01	6.34E-02	7.57E-02	3.38E+00	1.88E-01
1713.67	1.06E-01	6.34E-02	7.57E-02	3.38E+00	1.88E-01
1715.5	1.06E-01	6.34E-02	7.57E-02	3.38E+00	1.88E-01
1717.33	1.06E-01	6.34E-02	7.57E-02	3.38E+00	1.88E-01
1719.15	1.06E-01	6.34E-02	7.57E-02	3.38E+00	1.88E-01
1720.97	1.06E-01	6.34E-02	7.57E-02	3.38E+00	1.89E-01
1722.8	1.06E-01	6.34E-02	7.57E-02	3.38E+00	1.89E-01
1724.63	1.06E-01	6.34E-02	7.57E-02	3.38E+00	1.89E-01
1726.45	1.06E-01	6.34E-02	7.57E-02	3.38E+00	1.89E-01
1728.28	1.06E-01	6.34E-02	7.57E-02	3.38E+00	1.89E-01
1730.1	1.06E-01	6.34E-02	7.57E-02	3.38E+00	1.89E-01
1731.92	1.06E-01	6.34E-02	7.57E-02	3.38E+00	1.90E-01
1733.75	1.06E-01	6.34E-02	7.57E-02	3.38E+00	1.90E-01
1735.58	1.06E-01	6.34E-02	7.57E-02	3.38E+00	1.90E-01
1737.4	1.06E-01	6.34E-02	7.57E-02	3.38E+00	1.90E-01
1739.22	1.06E-01	6.34E-02	7.57E-02	3.38E+00	1.90E-01
1741.05	1.06E-01	6.34E-02	7.57E-02	3.38E+00	1.91E-01
1742.88	1.06E-01	6.34E-02	7.57E-02	3.38E+00	1.91E-01
1744.7	1.06E-01	6.34E-02	7.57E-02	3.38E+00	1.91E-01
1746.53	1.06E-01	6.34E-02	7.57E-02	3.38E+00	1.91E-01
1748.35	1.06E-01	6.34E-02	7.57E-02	3.38E+00	1.91E-01
1750.17	1.06E-01	6.34E-02	7.57E-02	3.38E+00	1.92E-01
1752	1.06E-01	6.34E-02	7.57E-02	3.37E+00	1.92E-01
1753.83	1.06E-01	6.34E-02	7.57E-02	3.37E+00	1.92E-01
1755.65	1.06E-01	6.34E-02	7.57E-02	3.37E+00	1.92E-01
1757.47	1.06E-01	6.34E-02	7.57E-02	3.37E+00	1.92E-01
1759.3	1.06E-01	6.34E-02	7.57E-02	3.37E+00	1.93E-01
1761.13	1.06E-01	6.34E-02	7.57E-02	3.37E+00	1.93E-01
1762.95	1.06E-01	6.34E-02	7.57E-02	3.37E+00	1.93E-01
1764.78	1.06E-01	6.34E-02	7.57E-02	3.37E+00	1.93E-01
1766.6	1.06E-01	6.34E-02	7.57E-02	3.37E+00	1.93E-01
1768.42	1.06E-01	6.34E-02	7.57E-02	3.37E+00	1.93E-01
1770.25	1.06E-01	6.34E-02	7.57E-02	3.37E+00	1.94E-01
1772.08	1.06E-01	6.34E-02	7.57E-02	3.37E+00	1.94E-01
1773.9	1.06E-01	6.34E-02	7.57E-02	3.37E+00	1.94E-01
1775.72	1.06E-01	6.34E-02	7.57E-02	3.37E+00	1.94E-01
1777.55	1.06E-01	6.34E-02	7.57E-02	3.37E+00	1.94E-01
1779.38	1.06E-01	6.34E-02	7.57E-02	3.37E+00	1.95E-01
1781.2	1.06E-01	6.34E-02	7.57E-02	3.37E+00	1.95E-01
1783.03	1.06E-01	6.34E-02	7.57E-02	3.37E+00	1.95E-01
1784.85	1.06E-01	6.34E-02	7.57E-02	3.37E+00	1.95E-01
1786.67	1.06E-01	6.34E-02	7.57E-02	3.37E+00	1.95E-01
1788.5	1.06E-01	6.34E-02	7.57E-02	3.37E+00	1.96E-01
1790.33	1.06E-01	6.34E-02	7.57E-02	3.37E+00	1.96E-01
1792.15	1.06E-01	6.34E-02	7.57E-02	3.37E+00	1.96E-01
1793.97	1.06E-01	6.34E-02	7.57E-02	3.37E+00	1.96E-01
1795.8	1.06E-01	6.34E-02	7.57E-02	3.37E+00	1.96E-01
1797.63	1.06E-01	6.34E-02	7.57E-02	3.37E+00	1.96E-01
1799.45	1.06E-01	6.34E-02	7.57E-02	3.37E+00	1.97E-01
1801.28	1.06E-01	6.34E-02	7.57E-02	3.37E+00	1.97E-01
1803.1	1.06E-01	6.34E-02	7.57E-02	3.37E+00	1.97E-01
1804.92	1.06E-01	6.34E-02	7.57E-02	3.37E+00	1.97E-01
1806.75	1.06E-01	6.34E-02	7.57E-02	3.37E+00	1.97E-01
1808.58	1.06E-01	6.34E-02	7.57E-02	3.37E+00	1.98E-01
1810.4	1.06E-01	6.34E-02	7.57E-02	3.37E+00	1.98E-01
1812.22	1.06E-01	6.34E-02	7.57E-02	3.37E+00	1.98E-01
1814.05	1.06E-01	6.34E-02	7.57E-02	3.37E+00	1.98E-01
1815.88	1.06E-01	6.34E-02	7.57E-02	3.37E+00	1.98E-01
1817.7	1.06E-01	6.34E-02	7.57E-02	3.37E+00	1.99E-01
1819.53	1.06E-01	6.34E-02	7.57E-02	3.37E+00	1.99E-01
1821.35	1.06E-01	6.34E-02	7.57E-02	3.37E+00	1.99E-01
1823.17	1.06E-01	6.34E-02	7.57E-02	3.37E+00	1.99E-01
1825	1.06E-01	6.34E-02	7.57E-02	3.37E+00	1.99E-01
