title = "dataset Cr_FTC"
variables = "time","sum_cro4-2","delta_53cro4-2","f_eff", "error"
zone t = "eff_B_iso", f=point
1.375	4.384	0.4459	0.0989 0.04
1.625	6.605	0.4677	0.1489 0.04
1.875	8.893	0.427	0.2005 0.04
2.625	13.28	0.4099	0.2994 0.04
3.375	23.38	0.3343	0.5272 0.04
3.875	18.46	0.3693	0.4162 0.04
5.125	28.04	0.3039	0.6322 0.04
6.375	26.63	0.2893	0.6005 0.04
7.625	31.62	0.2514	0.713 0.04
8.875	31.92	0.2179	0.7197 0.04
10.125	32.49	0.2018	0.7326 0.04
11.375	29.89	0.1824	0.674 0.04
12.625	33.65	0.1704	0.7587 0.04
13.875	37.07	0.1574	0.8359 0.04
15.125	36	0.1062	0.8117 0.04
16.375	38.94	0.117	0.878 0.04
17.625	40.29	0.1155	0.9085 0.04
18.875	41.09	0.1252	0.9265 0.04
20.125	39.19	0.1174	0.8837 0.04
21.375	40.97	0.1351	0.9238 0.04
22.625	40.47	0.1423	0.9125 0.04
23.625	41.87	0.1122	0.9441 0.04
zone t = "eff_C_iso", f=point
1.375	5.984	0.4762	0.1323 0.04
1.625	9.246	0.4019	0.2045 0.04
2.375	14.5	0.3937	0.3207 0.04
2.875	20.92	0.3673	0.4626 0.04
3.375	25.04	0.3472	0.5537 0.04
3.875	25	0.374	0.5529 0.04
5.125	30.63	0.3288	0.6774 0.04
6.375	34.5	0.2997	0.7629 0.04
7.625	36.44	0.2786	0.8058 0.04
8.875	37.42	0.2486	0.8275 0.04
10.125	39.17	0.2336	0.8662 0.04
11.375	41.19	0.2108	0.9109 0.04
12.875	40.64	0.1715	0.8987 0.04
13.875	40.65	0.1716	0.8989 0.04
15.125	41.68	0.1618	0.9217 0.04
16.375	40.12	0.1817	0.8872 0.04
17.625	40.5	0.1569	0.8956 0.04
18.875	42.12	0.1179	0.9314 0.04
20.375	42.58	0.1467	0.9416 0.04
21.375	42.63	0.1195	0.9427 0.04
