title = "dataset Cr_FTC"
variables = "time","pH"
zone t = "eff_A_pH", f=point
0.1819	7.5257
0.1875	8.4047
0.1931	8.1703
0.1986	8.4282
0.2042	8.3344
0.2097	8.8736
0.2153	9.0025
0.2208	9.0259
0.2264	9.0728
0.2319	9.3659
0.2375	9.3424
0.2431	9.3424
0.2486	9.4948
0.2542	9.6354
0.2597	9.5182
0.2653	9.5417
0.2708	9.6237
0.2764	9.5886
0.2819	9.7761
0.2875	9.694
0.2931	9.7175
0.2986	9.6589
0.3042	9.7526
0.3097	9.7644
0.3153	9.823
0.3208	9.8464
0.3264	9.8581
0.3319	9.8816
0.3375	9.8816
0.3431	9.8933
0.3486	9.9402
0.3542	9.905
0.3597	9.9402
0.3653	9.9402
0.3708	9.9519
0.3764	9.9753
0.3819	9.9753
0.3875	9.9988
0.3931	9.9519
0.3986	9.9988
0.4042	10.0339
0.4097	10.0457
0.4153	10.0339
0.4208	10.0926
0.4264	10.0457
0.4319	10.0574
0.4375	10.0926
0.4431	10.1277
0.4486	10.0926
0.4542	10.0808
0.4597	10.116
0.4653	10.0926
0.4708	10.1394
0.4764	10.116
0.4819	10.1277
0.4875	10.116
0.4931	10.1512
0.4986	10.1394
0.5042	10.1394
0.5097	10.1512
0.5153	10.1629
0.5208	10.1863
0.5264	10.0926
0.5319	10.1277
0.5375	10.116
0.5431	10.1043
0.5486	10.0926
0.5542	10.1043
0.5597	10.0808
0.5653	10.0926
0.5708	10.0926
0.5764	10.0926
0.5819	10.116
0.5875	10.116
0.5931	10.116
0.5986	10.1394
0.6042	10.1043
0.6097	10.1512
0.6153	10.1863
0.6208	10.1277
0.6264	9.9753
0.6319	10.116
0.6375	10.198
0.6431	10.2332
0.6486	10.116
0.6542	10.1629
0.6597	10.1746
0.6653	10.2215
0.6708	10.1394
0.6764	10.2098
0.6819	10.2332
0.6875	10.2449
0.6931	10.198
0.6986	10.198
0.7042	10.1394
0.7097	10.2215
0.7153	10.198
0.7208	10.198
0.7264	10.2098
0.7319	10.198
0.7375	10.2098
0.7431	10.2215
0.7486	10.2215
0.7542	10.2566
0.7597	10.2098
0.7653	10.2449
0.7708	10.2332
0.7764	10.2215
0.7819	10.2098
0.7875	10.2215
0.7931	10.2215
0.7986	10.2332
0.8042	10.2098
0.8097	10.2215
0.8153	10.1863
0.8208	10.2215
0.8264	10.2332
0.8319	10.2332
0.8375	10.2332
0.8431	10.2332
0.8486	10.2566
0.8542	10.2215
0.8597	10.1746
0.8653	10.2332
0.8708	10.2449
0.8764	10.2449
0.8819	10.2215
0.8875	10.2215
0.8931	10.2332
0.8986	10.2332
0.9042	10.2332
0.9097	10.2098
0.9153	10.2332
0.9208	10.2449
0.9264	10.2684
0.9319	10.2332
0.9375	10.2332
0.9431	10.2098
0.9486	10.2332
0.9542	10.2332
0.9597	10.2332
0.9653	10.2332
0.9708	10.2332
0.9764	10.2449
0.9819	10.2449
0.9875	10.2449
0.9931	10.2684
0.9986	10.2215
1.0042	10.2449
1.0097	10.2332
1.0153	10.2332
1.0208	10.2449
1.0264	10.2332
1.0319	10.2449
1.0375	10.2449
1.0431	10.2332
1.0486	10.2098
1.0542	10.2449
1.0597	10.2332
1.0653	10.2332
1.0708	10.2098
1.0764	10.2332
1.0819	10.2332
1.0875	10.2332
1.0931	10.2449
1.0986	10.2332
1.1042	10.2098
1.1097	10.2566
1.1153	10.2801
1.1208	10.2098
1.1264	10.1512
1.1319	10.1512
1.1375	10.2098
1.1431	10.2332
1.1486	10.5966
1.1542	10.2332
1.1597	10.1629
1.1653	10.1746
1.1708	10.2098
1.1764	10.1629
1.1819	10.2098
1.1875	10.2215
1.1931	10.198
1.1986	10.2098
1.2042	10.2098
1.2097	10.2098
1.2153	10.2215
1.2208	10.2449
1.2264	10.2332
1.2319	10.2332
1.2375	10.2098
1.2431	10.2332
1.2486	10.2098
1.2542	10.2215
1.2597	10.2449
1.2653	10.2332
1.2708	10.2215
1.2764	10.2215
1.2819	10.2332
1.2875	10.2566
1.2931	10.2332
1.2986	10.2332
1.3042	10.2332
1.3097	10.2332
1.3153	10.2215
1.3208	10.2332
1.3264	10.2449
1.3319	10.2215
1.3375	10.2215
1.3431	10.1746
1.3486	10.2215
1.3542	10.2449
1.3597	10.2332
1.3653	10.2449
1.3708	10.2332
1.3764	10.2332
1.3819	10.2449
1.3875	10.2332
1.3931	10.2215
1.3986	10.2684
1.4042	10.2684
1.4097	10.2566
1.4153	10.2566
1.4208	10.2684
1.4264	10.2566
1.4319	10.2566
1.4375	10.2684
1.4431	10.2684
1.4486	10.2566
1.4542	10.2449
1.4597	10.2332
1.4653	10.4207
1.4708	10.2801
1.4764	10.2566
1.4819	10.2801
1.4875	10.2566
1.4931	10.2215
1.4986	10.2332
1.5042	10.2566
1.5097	10.2566
1.5153	10.2566
1.5208	10.2566
1.5264	10.2449
1.5319	10.2684
1.5375	10.2684
1.5431	10.2449
1.5486	9.9167
1.5542	10.2684
1.5597	10.2801
1.5653	10.2566
1.5708	10.2566
1.5764	10.2801
1.5819	10.2566
1.5875	10.2566
1.5931	10.2449
1.5986	10.2566
1.6042	10.2566
1.6097	10.2684
1.6153	10.2449
1.6208	10.2684
1.6264	10.2684
1.6319	10.2566
1.6375	10.2684
1.6431	10.2449
1.6486	10.2566
1.6542	10.2449
1.6597	10.2449
1.6653	10.2684
1.6708	10.1863
1.6764	10.3856
1.6819	10.2098
1.6875	10.1512
1.6931	10.2449
1.6986	10.198
1.7042	10.198
1.7097	10.2918
1.7153	10.2566
1.7208	10.2566
1.7264	10.2449
1.7319	10.2801
1.7375	10.2566
1.7431	10.2332
1.7486	10.2566
1.7542	10.2449
1.7597	10.2449
1.7653	10.2449
1.7708	10.2684
1.7764	10.2449
1.7819	10.2215
1.7875	10.2332
1.7931	10.2332
1.7986	10.2332
1.8042	10.2449
1.8097	10.2215
1.8153	10.2801
1.8208	10.2918
1.8264	10.2566
1.8319	10.2215
1.8375	9.9636
1.8431	10.2449
1.8486	10.198
1.8542	10.2332
1.8597	10.2449
1.8653	10.2215
1.8708	10.2684
1.8764	10.2215
1.8819	10.2684
1.8875	10.2566
1.8931	10.2449
1.8986	10.2449
1.9042	10.2684
1.9097	10.2566
1.9153	10.2449
1.9208	10.2449
1.9264	10.1863
1.9319	10.2449
1.9375	10.3504
1.9431	10.2449
1.9486	10.2566
1.9542	10.2684
1.9597	10.2449
1.9653	10.1863
1.9708	10.2215
1.9764	10.2215
1.9819	10.2684
1.9875	10.2332
1.9931	10.2332
1.9986	10.3035
2.0042	10.198
2.0097	10.2215
2.0153	10.198
2.0208	10.2215
2.0264	10.2801
2.0319	10.2215
2.0375	10.2449
2.0431	10.2449
2.0486	10.2215
2.0542	10.2215
2.0597	10.2098
2.0653	10.2449
2.0708	9.9988
2.0764	10.2449
2.0819	10.2332
2.0875	10.2215
2.0931	10.2098
2.0986	10.2215
2.1042	10.2332
2.1097	10.2098
2.1153	10.2215
2.1208	10.198
2.1264	10.2098
2.1319	10.2332
2.1375	10.2215
2.1431	10.2098
2.1486	10.2566
2.1542	10.2215
2.1597	10.2449
2.1653	10.2332
2.1708	10.2215
2.1764	10.2332
2.1819	10.2449
2.1875	10.2098
2.1931	10.2332
2.1986	10.2332
2.2042	10.2098
2.2097	10.2098
2.2153	10.2215
2.2208	10.2215
2.2264	10.2801
2.2319	10.1863
2.2375	10.2332
2.2431	9.9871
2.2486	10.2215
2.2542	10.198
2.2597	10.2098
2.2653	10.2098
2.2708	10.2098
2.2764	10.198
2.2819	10.2215
2.2875	10.2098
2.2931	10.198
2.2986	10.2215
2.3042	9.9519
2.3097	10.2215
2.3153	10.1512
2.3208	10.198
2.3264	10.198
2.3319	10.2098
2.3375	10.2449
2.3431	10.2098
2.3486	10.2098
2.3542	10.198
2.3597	10.1746
2.3653	10.1629
2.3708	10.1629
2.3764	10.1629
2.3819	10.1863
2.3875	10.2215
2.3931	10.1863
2.3986	10.1746
2.4042	10.198
2.4097	10.1863
2.4153	10.198
2.4264	10.198
2.4319	10.198
2.4375	10.198
2.4431	10.1863
2.4486	10.1746
2.4542	10.198
2.4597	10.1746
2.4653	10.1746
2.4708	10.198
2.4764	10.1863
2.4819	10.198
2.4875	10.1277
2.4931	10.1746
2.4986	10.1863
2.5042	10.1629
2.5097	10.1394
2.5153	10.1512
2.5208	10.1629
2.5264	10.1512
2.5319	10.1043
2.5375	10.1394
2.5431	10.1394
2.5486	10.1043
2.5542	10.1277
2.5597	10.0808
2.5653	10.116
2.5708	10.0926
2.5764	10.1043
2.5819	10.1043
2.5875	10.1043
2.5931	10.0926
2.5986	10.116
2.6042	10.1512
2.6097	10.0926
2.6153	10.0926
2.6208	10.1043
2.6264	10.1277
2.6319	10.116
2.6375	10.1043
2.6431	10.1043
2.6486	10.116
2.6542	10.116
2.6597	10.0808
2.6653	10.116
2.6708	10.1277
2.6764	10.1043
2.6819	10.116
2.6875	10.1277
2.6931	10.116
2.6986	10.1394
2.7042	10.1043
2.7097	10.1512
2.7153	9.9871
2.7208	10.1512
2.7264	10.3153
2.7319	10.1512
2.7375	10.0808
2.7431	10.0926
2.7486	10.1277
2.7542	10.116
2.7597	10.1043
2.7653	10.1394
2.7708	10.116
2.7764	10.1043
2.7819	10.1394
2.7875	10.1394
2.7931	10.1394
2.7986	10.1512
2.8042	10.1394
2.8097	10.116
2.8153	10.1043
2.8208	10.1043
2.8264	10.116
2.8319	10.1512
2.8375	10.1043
2.8431	10.116
2.8486	10.1043
2.8542	10.116
2.8597	10.116
2.8653	10.116
2.8708	10.116
2.8764	10.1043
2.8819	10.1043
2.8875	10.0808
2.8931	10.0926
2.8986	10.0926
2.9042	10.1043
2.9097	10.0926
2.9153	10.1043
2.9208	10.116
2.9264	10.0926
2.9319	10.0926
2.9375	9.9871
2.9431	10.1277
2.9486	10.0574
2.9542	10.0808
2.9597	10.0926
2.9653	10.0808
2.9708	10.0926
2.9764	10.0926
2.9819	10.0926
2.9875	10.0691
2.9931	10.0926
2.9986	10.1043
3.0042	10.1043
3.0097	10.116
3.0153	10.0926
3.0208	10.1277
3.0264	10.0808
3.0319	10.0926
3.0375	10.0691
3.0431	10.0691
3.0486	10.0926
3.0542	10.0691
3.0597	10.1043
3.0653	10.1043
3.0708	10.0926
3.0764	10.116
3.0819	10.0926
3.0875	10.0691
3.0931	10.0691
3.0986	10.2098
3.1042	10.0808
3.1097	10.0691
3.1153	10.0691
3.1208	10.0222
3.1264	10.0808
3.1319	10.0457
3.1375	10.0457
3.1431	10.0808
3.1486	10.0574
3.1542	10.0808
3.1597	10.0574
3.1653	10.116
3.1708	10.0926
3.1764	10.0105
3.1819	10.0808
3.1875	10.0457
3.1931	10.0457
3.1986	10.0574
3.2042	10.0574
3.2097	10.0339
3.2153	10.0691
3.2208	10.0339
3.2264	10.0222
3.2319	10.0339
3.2375	10.0691
3.2431	10.0574
3.2486	9.823
3.2542	10.0691
3.2597	10.0339
3.2653	10.0574
3.2708	10.0457
3.2764	10.0222
3.2819	10.0574
3.2875	10.0339
3.2931	10.0691
3.2986	9.9988
3.3042	10.0457
3.3097	10.1277
3.3153	10.0574
3.3208	10.0457
3.3264	10.3387
3.3319	10.0339
3.3375	10.0222
3.3431	9.8347
3.3486	9.9753
3.3542	10.0339
3.3597	10.0457
3.3653	10.0222
3.3708	10.0339
3.3764	10.0105
3.3819	10.0339
3.3875	10.0222
3.3931	10.0339
3.3986	10.0574
3.4042	10.0457
3.4097	10.0222
3.4153	10.0339
3.4208	9.9753
3.4264	10.0105
3.4319	10.0339
3.4375	10.0222
3.4431	9.9519
3.4486	10.0105
3.4542	10.0339
3.4597	10.0222
3.4653	10.0339
3.4708	10.0339
3.4764	10.0339
3.4819	10.0105
3.4875	10.0222
3.4931	10.0222
3.4986	9.9988
3.5042	10.0222
3.5097	9.9988
3.5153	10.0222
3.5208	10.0339
3.5264	10.0222
3.5319	9.9988
3.5375	9.6706
3.5431	10.0222
3.5486	10.1277
3.5542	9.8699
3.5597	9.9988
3.5653	10.0222
3.5708	9.9988
3.5764	10.0222
3.5819	9.9167
3.5875	10.0339
3.5931	9.9988
3.5986	9.8699
3.6042	10.0105
3.6097	9.9988
3.6153	9.9988
3.6208	10.0105
3.6264	10.0457
3.6319	9.9871
3.6375	9.9753
3.6431	10.0691
3.6486	10.0339
3.6542	10.0339
3.6597	9.7292
3.6653	9.9636
3.6708	9.9871
3.6764	9.9871
3.6819	9.9988
3.6875	9.9753
3.6931	10.0457
3.6986	9.9753
3.7042	9.9753
3.7097	9.9871
3.7153	10.0222
3.7208	9.9636
3.7264	9.9753
3.7319	9.9871
3.7375	9.9871
3.7431	9.9519
3.7486	9.9988
3.7542	9.9753
3.7597	10.0222
3.7653	10.0222
3.7708	9.9988
3.7764	9.9753
3.7819	9.9636
3.7875	9.9988
3.7931	9.9636
3.7986	9.9753
3.8042	9.9871
3.8097	9.9636
3.8153	9.9519
3.8208	9.9988
3.8264	9.9871
3.8319	9.9753
3.8375	9.9519
3.8431	9.9753
3.8486	9.9636
3.8542	9.9871
3.8597	9.9636
3.8653	10.1629
3.8708	9.9753
3.8764	9.9636
3.8819	9.9871
3.8875	9.8816
3.8931	9.9519
3.8986	9.9753
3.9042	9.9871
3.9097	9.9871
3.9153	9.9753
3.9208	9.9519
3.9264	10.0457
3.9319	10.5028
3.9375	9.9402
3.9431	9.9871
3.9486	9.9871
3.9542	9.9988
3.9597	9.9988
3.9653	10.0222
3.9708	9.9402
3.9764	9.905
3.9819	9.905
3.9875	9.7292
3.9931	9.8699
3.9986	9.9636
4.0042	9.9167
4.0097	9.9402
4.0153	9.9402
4.0208	9.8581
4.0264	9.7526
4.0319	9.9402
4.0375	9.905
4.0431	9.8699
4.0486	9.9636
4.0542	10.5848
4.0597	9.9988
4.0653	9.9402
4.0708	10.0691
4.0764	9.7058
4.0819	9.6472
4.0875	10.1629
4.0931	9.7644
4.0986	10.913
4.1042	9.9285
4.1097	9.8816
4.1153	9.9167
4.1208	9.9753
4.1264	9.8816
4.1319	9.9285
4.1375	10.198
4.1431	9.9167
4.1486	9.8816
4.1542	9.9285
4.1597	10.0574
4.1653	9.9285
4.1708	9.9167
4.1764	9.9285
4.1819	9.9402
4.1875	9.8112
4.1931	9.9753
4.1986	9.9285
4.2042	9.8581
4.2097	9.905
4.2153	9.9167
4.2208	9.9753
4.2264	9.6823
4.2319	9.9402
4.2375	9.905
4.2431	9.8933
4.2486	9.905
4.2542	9.9167
4.2597	9.9402
4.2653	9.9167
4.2708	9.905
4.2764	9.9167
4.2819	9.9285
4.2875	9.9285
4.2931	9.9285
4.2986	9.9402
4.3042	9.9167
4.3097	9.905
4.3153	9.9402
4.3208	9.8933
4.3264	9.8933
4.3319	9.905
4.3375	9.9167
4.3431	9.9167
4.3486	9.9285
4.3542	9.8464
4.3597	9.905
4.3653	9.905
4.3708	9.9167
4.3764	9.8816
4.3819	9.8816
4.3875	9.8816
4.3931	9.905
4.3986	9.8699
4.4042	9.8699
4.4097	9.8816
4.4153	9.8816
4.4208	9.9167
4.4264	9.8816
4.4319	9.905
4.4375	9.8933
4.4431	9.9167
4.4486	9.8816
4.4542	9.8933
4.4597	9.8816
4.4653	9.8933
4.4708	9.8581
4.4764	9.8464
4.4819	9.8816
4.4875	9.8464
4.4931	9.9167
4.4986	9.8581
4.5042	9.8699
4.5097	9.8933
4.5153	9.8933
4.5208	9.8699
4.5264	9.8933
4.5319	9.905
4.5375	9.8581
4.5431	9.8581
4.5486	9.8816
4.5542	9.8699
4.5597	9.8933
4.5653	9.9167
4.5708	9.8464
4.5764	9.8464
4.5819	9.8581
4.5875	9.8347
4.5931	9.8699
4.5986	9.8816
4.6042	9.7995
4.6097	9.8581
4.6153	9.8699
4.6208	9.9636
4.6264	9.8699
4.6319	9.8933
4.6375	9.8699
4.6431	9.8581
4.6486	9.8581
4.6542	9.8112
4.6597	9.8464
4.6653	9.7995
4.6708	9.8347
4.6764	9.8581
4.6819	9.8347
4.6875	9.8347
4.6931	9.8464
4.6986	9.8347
4.7042	9.8347
4.7097	9.823
4.7153	9.8347
4.7208	9.8347
4.7264	9.823
4.7319	9.8112
4.7375	9.8347
4.7431	9.823
4.7486	9.8347
4.7542	9.823
4.7597	9.8347
4.7653	9.8816
4.7708	9.823
4.7764	9.8347
4.7819	9.8347
4.7875	9.8347
4.7931	9.7995
4.7986	9.8581
4.8042	9.8347
4.8097	9.8347
4.8153	9.8581
4.8208	9.8464
4.8264	9.823
4.8319	9.8347
4.8375	9.8699
4.8431	9.8464
4.8486	9.8112
4.8542	9.8699
4.8597	9.8347
4.8653	9.8347
4.8708	9.8464
4.8764	9.8581
4.8819	9.823
4.8875	9.8347
4.8931	9.8699
4.8986	9.8347
4.9042	9.8581
4.9097	9.8464
4.9153	9.8347
4.9208	9.8699
4.9264	9.8464
4.9319	9.8347
4.9375	9.8699
4.9431	9.8464
4.9486	9.8464
4.9542	9.823
4.9597	9.823
4.9653	9.823
4.9708	9.823
4.9764	9.8347
4.9819	9.823
4.9875	9.8347
4.9931	9.8464
4.9986	9.8464
5.0042	9.823
5.0097	9.823
5.0153	9.8347
5.0208	9.8112
5.0264	9.8112
5.0319	9.7995
5.0375	9.823
5.0431	9.823
5.0486	9.823
5.0542	9.8112
5.0597	9.7995
5.0653	9.7995
5.0708	9.7995
5.0764	9.8112
5.0819	9.8112
5.0875	9.7761
5.0931	9.7995
5.0986	9.7878
5.1042	9.8347
5.1097	9.7644
5.1153	9.8112
5.1208	9.7995
5.1264	9.7878
5.1319	9.7995
5.1375	9.7995
5.1431	9.7995
5.1486	9.8112
5.1542	9.8112
5.1597	9.7644
5.1653	9.7995
5.1708	9.8112
5.1764	9.7995
5.1819	9.7526
5.1875	9.7878
5.1931	9.7878
5.1986	9.7644
5.2042	9.7878
5.2097	9.7761
5.2153	9.7995
5.2208	9.7995
5.2264	9.7761
5.2319	9.7761
5.2375	9.7878
5.2431	9.7878
5.2486	9.7878
5.2542	9.7878
5.2597	9.7995
5.2653	9.7761
5.2708	9.7878
5.2764	9.7878
5.2819	9.7761
5.2875	9.7878
5.2931	9.7761
5.2986	9.7761
5.3042	9.7644
5.3097	9.7175
5.3153	9.7995
5.3208	9.8464
5.3264	9.7761
5.3319	9.7878
5.3375	9.7761
5.3431	9.7761
5.3486	9.7526
5.3542	9.7644
5.3597	9.7761
5.3653	9.7878
5.3708	9.7878
5.3764	9.7292
5.3819	9.7644
5.3875	9.7644
5.3931	9.7761
5.3986	9.7761
5.4042	9.7175
5.4097	9.7526
5.4153	9.7526
5.4208	9.7644
5.4264	9.7175
5.4319	9.7409
5.4375	9.7878
5.4431	9.7761
5.4486	9.7878
5.4542	9.7878
5.4597	9.7878
5.4653	9.7644
5.4708	9.7644
5.4764	9.7409
5.4819	9.7761
5.4875	9.7526
5.4931	9.7409
5.4986	9.7644
5.5042	9.7644
5.5097	9.694
5.5153	9.7409
5.5208	9.7292
5.5264	9.7292
5.5319	9.7409
5.5375	9.7409
5.5431	9.7644
5.5486	9.7058
5.5542	9.7644
5.5597	9.7409
5.5653	9.7761
5.5708	9.7526
5.5764	9.7292
5.5819	9.7409
5.5875	9.7526
5.5931	9.7644
5.5986	9.7644
5.6042	9.7409
5.6097	9.7526
5.6153	9.7526
5.6208	9.7526
5.6264	9.7409
5.6319	9.7644
5.6375	9.7761
5.6431	9.7526
5.6486	9.7761
5.6542	9.7644
5.6597	9.7526
5.6653	9.7409
5.6708	9.7878
5.6764	9.7761
5.6819	9.7175
5.6875	9.7292
5.6931	9.7526
5.6986	9.7526
5.7042	9.7526
5.7097	9.6706
5.7153	9.7292
5.7208	9.7292
5.7264	9.7175
5.7319	9.7292
5.7375	9.7175
5.7431	9.7292
5.7486	9.7175
5.7542	9.7292
5.7597	9.7409
5.7653	9.7292
5.7708	9.7409
5.7764	9.7292
5.7819	9.7292
5.7875	9.7175
5.7931	9.7409
5.7986	9.7409
5.8042	9.7175
5.8097	9.7292
5.8153	9.7175
5.8208	9.7175
5.8264	9.7175
5.8319	9.7175
5.8375	9.7175
5.8431	9.7644
5.8486	9.7292
5.8542	9.7409
5.8597	9.7526
5.8653	9.6823
5.8708	9.7292
5.8764	9.7292
5.8819	9.7409
5.8875	9.7292
5.8931	9.6589
5.8986	9.7058
5.9042	9.6823
5.9097	9.7292
5.9153	9.7175
5.9208	9.7175
5.9264	9.6823
5.9319	9.7292
5.9375	9.694
5.9431	9.7175
5.9486	9.7526
5.9542	9.7175
5.9597	9.7175
5.9653	9.6237
5.9708	9.7058
5.9764	9.694
5.9819	9.7292
5.9875	9.7058
5.9931	9.6589
5.9986	9.694
6.0042	9.7175
6.0097	9.7058
6.0153	9.6823
6.0208	9.7292
6.0264	9.6823
6.0319	9.7292
6.0375	9.7292
6.0431	9.7175
6.0486	9.694
6.0542	9.6706
6.0597	9.7058
6.0653	9.7409
6.0708	9.7175
6.0764	9.7292
6.0819	9.7526
6.0875	9.7292
6.0931	9.7058
6.0986	9.6823
6.1042	9.7175
6.1097	9.6472
6.1153	9.694
6.1208	9.7058
6.1264	9.7058
6.1319	9.7175
6.1375	9.694
6.1431	9.694
6.1486	9.7058
6.1542	9.694
6.1597	9.7058
6.1653	9.694
6.1708	9.694
6.1764	9.6823
6.1819	9.694
6.1875	9.6706
6.1931	9.7175
6.1986	9.7058
6.2042	9.6706
6.2097	9.6823
6.2153	9.6472
6.2208	9.6823
6.2264	9.6823
6.2319	9.6706
6.2375	9.6823
6.2431	9.6706
6.2486	9.6706
6.2542	9.7058
6.2597	9.6823
6.2653	9.694
6.2708	9.6706
6.2764	9.6706
6.2819	9.6472
6.2875	9.6472
6.2931	9.6706
6.2986	9.6589
6.3042	9.6706
6.3097	9.6823
6.3153	9.6823
6.3208	9.6589
6.3264	9.694
6.3319	9.6823
6.3375	9.6706
6.3431	9.6472
6.3486	9.6706
6.3542	9.6589
6.3597	9.6823
6.3653	9.6237
6.3708	9.7292
6.3764	9.6823
6.3819	9.6706
6.3875	9.6472
6.3931	9.6706
6.3986	9.6589
6.4042	9.6823
6.4097	9.6823
6.4153	9.6706
6.4208	9.6706
6.4264	9.6589
6.4319	9.6237
6.4375	9.6706
6.4431	9.6706
6.4486	9.6823
6.4542	9.6823
6.4597	9.6589
6.4653	9.6589
6.4708	9.6589
6.4764	9.694
6.4819	9.694
6.4875	9.6706
6.4931	9.6237
6.4986	9.6589
6.5042	9.6589
6.5097	9.6706
6.5153	9.6472
6.5208	9.6823
6.5264	9.6706
6.5319	9.6589
6.5375	9.6823
6.5431	9.7058
6.5486	9.6589
6.5542	9.612
6.5597	9.6706
6.5653	9.6589
6.5708	9.6354
6.5764	9.6706
6.5819	9.6823
6.5875	9.6472
6.5931	9.6823
6.5986	9.6472
6.6042	9.6589
6.6097	9.694
6.6153	9.6472
6.6208	9.6823
6.6264	9.6003
6.6319	9.6589
6.6375	9.6706
6.6431	9.6003
6.6486	9.6589
6.6542	9.6237
6.6597	9.6472
6.6653	9.6589
6.6708	9.6472
6.6764	9.6237
6.6819	9.6706
6.6875	9.6589
6.6931	9.6589
6.6986	9.6823
6.7042	9.6237
6.7097	9.6354
6.7153	9.6237
6.7208	9.612
6.7264	9.6354
6.7319	9.6354
6.7375	9.6354
6.7431	9.6003
6.7486	9.6237
6.7542	9.5768
6.7597	9.6003
6.7653	9.6472
6.7708	9.5886
6.7764	9.5768
6.7819	9.6354
6.7875	9.5534
6.7931	9.4948
6.7986	9.5651
6.8042	9.5534
6.8097	9.5886
6.8153	9.5651
6.8208	9.6003
6.8264	9.5886
6.8319	9.5534
6.8375	9.5651
6.8431	9.5768
6.8486	9.5886
6.8542	9.5886
6.8597	9.5768
6.8653	9.5886
6.8708	9.5417
6.8764	9.5768
6.8819	9.6003
6.8875	9.6003
6.8931	9.5768
6.8986	9.5065
6.9042	9.6003
6.9097	9.5768
6.9153	9.6003
6.9208	9.6003
6.9264	9.5886
6.9319	9.5182
6.9375	9.5768
6.9431	9.6003
6.9486	9.5886
6.9542	9.6354
6.9597	9.6003
6.9653	9.5886
6.9708	9.5886
6.9764	9.612
6.9819	9.5651
6.9875	9.6354
6.9931	9.5768
6.9986	9.6237
7.0042	9.6354
7.0097	9.5651
7.0153	9.6003
7.0208	9.612
7.0264	9.5651
7.0319	9.5886
7.0375	9.5768
7.0431	9.5768
7.0486	9.6003
7.0542	9.5886
7.0597	9.5651
7.0653	9.5886
7.0708	9.6003
7.0764	9.6003
7.0819	9.6003
7.0875	9.6237
7.0931	9.5768
7.0986	9.5768
7.1042	9.5886
7.1097	9.5886
7.1153	9.6003
7.1208	9.6003
7.1264	9.6003
7.1319	9.6003
7.1375	9.6237
7.1431	9.5651
7.1486	9.5768
7.1542	9.6003
7.1597	9.5768
7.1653	9.5299
7.1708	9.5886
7.1764	9.5768
7.1819	9.5768
7.1875	9.5065
7.1931	9.5886
7.1986	9.5886
7.2042	9.5417
7.2097	9.5534
7.2153	9.5886
7.2208	9.6003
7.2264	9.6003
7.2319	9.5768
7.2375	9.5651
7.2431	9.5768
7.2486	9.5886
7.2542	9.5417
7.2597	9.6003
7.2653	9.5886
7.2708	9.5534
7.2764	9.5768
7.2819	9.5417
7.2875	9.4948
7.2931	9.5651
7.2986	9.5182
7.3042	9.5651
7.3097	9.5886
7.3153	9.5651
7.3208	9.5534
7.3264	9.5534
7.3319	9.612
7.3375	9.5651
7.3431	9.5651
7.3486	9.5651
7.3542	9.5651
7.3597	9.5417
7.3653	9.5065
7.3708	9.5417
7.3764	9.4948
7.3819	9.5768
7.3875	9.5534
7.3931	9.5534
7.3986	9.5768
7.4042	9.5299
7.4097	9.4831
7.4153	9.5299
7.4208	9.5299
7.4264	9.5417
7.4319	9.5534
7.4375	9.5417
7.4431	9.5417
7.4486	9.5299
7.4542	9.5768
7.4597	9.5534
7.4653	9.5534
7.4708	9.612
7.4764	9.5417
7.4819	9.5534
7.4875	9.5299
7.4931	9.5417
7.4986	9.4948
7.5042	9.5534
7.5097	9.4713
7.5153	9.4948
7.5208	9.5534
7.5264	9.5299
7.5319	9.5534
7.5375	9.5534
7.5431	9.5651
7.5486	9.5417
7.5542	9.4713
7.5597	9.5299
7.5653	9.5299
7.5708	9.5534
7.5764	9.5417
7.5819	9.5534
7.5875	9.5534
7.5931	9.5065
7.5986	9.5417
7.6042	9.4948
7.6097	9.5182
7.6153	9.5651
7.6208	9.5534
7.6264	9.5534
7.6319	9.5417
7.6375	9.5534
7.6431	9.5417
7.6486	9.5182
7.6542	9.5182
7.6597	9.5417
7.6653	9.4948
7.6708	9.5886
7.6764	9.5651
7.6819	9.5534
7.6875	9.5417
7.6931	9.5299
7.6986	9.5417
7.7042	9.5886
7.7097	9.5534
7.7153	9.5417
7.7208	9.5417
7.7264	9.5534
7.7319	9.5417
7.7375	9.5417
7.7431	9.5182
7.7486	9.5417
7.7542	9.5065
7.7597	9.5886
7.7653	9.4831
7.7708	9.5182
7.7764	9.5417
7.7819	9.5299
7.7875	9.5417
7.7931	9.5417
7.7986	9.5299
7.8042	9.823
7.8097	9.5065
7.8153	9.5299
7.8208	9.5182
7.8264	9.5182
7.8319	9.5299
7.8375	9.5182
7.8431	9.5182
7.8486	9.5299
7.8542	9.5065
7.8597	9.5065
7.8653	9.5299
7.8708	9.5299
7.8764	9.5299
7.8819	9.5299
7.8875	9.5182
7.8931	9.5299
7.8986	9.5065
7.9042	9.5299
7.9097	9.5065
7.9153	9.5182
7.9208	9.7292
7.9264	9.5299
7.9319	9.5065
7.9375	9.5299
7.9431	9.5065
7.9486	9.5299
7.9542	9.5299
7.9597	9.5534
7.9653	9.5065
7.9708	9.5299
7.9764	9.5065
7.9819	9.5299
7.9875	9.5534
7.9931	9.4948
7.9986	9.5182
8.0042	9.5417
8.0097	9.5182
8.0153	9.5417
8.0208	9.4596
8.0264	9.5065
8.0319	9.5182
8.0375	9.5182
8.0431	9.5182
8.0486	9.5417
8.0542	9.5417
8.0597	9.5299
8.0653	9.5299
8.0708	9.4948
8.0764	9.5651
8.0819	9.5182
8.0875	9.5182
8.0931	9.4831
8.0986	9.5182
8.1042	9.5182
8.1097	9.6589
8.1153	9.5299
8.1208	9.5065
8.1264	9.5065
8.1319	9.5299
8.1375	9.5534
8.1431	9.5065
8.1486	9.5768
8.1542	9.5182
8.1597	9.5065
8.1653	9.5182
8.1708	9.5065
8.1764	9.5065
8.1819	9.5417
8.1875	9.4948
8.1931	9.4831
8.1986	9.5299
8.2042	9.5065
8.2097	9.5182
8.2153	9.5299
8.2208	9.4948
8.2264	9.5299
8.2319	9.4948
8.2375	9.5065
8.2431	9.5065
8.2486	9.5299
8.2542	9.5182
8.2597	9.5299
8.2653	9.5299
8.2708	9.5182
8.2764	9.5182
8.2819	9.4948
8.2875	9.5065
8.2931	9.4948
8.2986	9.5065
8.3042	9.4362
8.3097	9.5299
8.3153	9.4362
8.3208	9.4948
8.3264	9.4713
8.3319	9.4479
8.3375	9.4831
8.3431	9.5299
8.3486	9.4948
8.3542	9.4831
8.3597	9.4479
8.3653	9.4831
8.3708	9.4245
8.3764	9.4127
8.3819	9.5182
8.3875	9.4948
8.3931	9.4596
8.3986	9.4831
8.4042	9.4948
8.4097	9.4948
8.4153	9.4831
8.4208	9.4948
8.4264	9.5299
8.4319	9.4948
8.4375	9.5182
8.4431	9.5299
8.4486	9.5417
8.4542	9.5182
8.4597	9.5065
8.4653	9.4948
8.4708	9.401
8.4764	9.4479
8.4819	9.4362
8.4875	9.4831
8.4931	9.4948
8.4986	9.5065
8.5042	9.5417
8.5097	9.5065
8.5153	9.5299
8.5208	9.4948
8.5264	9.5182
8.5319	9.5182
8.5375	9.4831
8.5431	9.4948
8.5486	9.4948
8.5542	9.4596
8.5597	9.4831
8.5653	9.5065
8.5708	9.4948
8.5764	9.4713
8.5819	9.5065
8.5875	9.4831
8.5931	9.4245
8.5986	9.4713
8.6042	9.4831
8.6097	9.5065
8.6153	9.5065
8.6208	9.4831
8.6264	9.5065
8.6319	9.4948
8.6375	9.4831
8.6431	9.4831
8.6486	9.4831
8.6542	9.4948
8.6597	9.4713
8.6653	9.4831
8.6708	9.4948
8.6764	9.4245
8.6819	9.4713
8.6875	9.4831
8.6931	9.4479
8.6986	9.5065
8.7042	9.4596
8.7097	9.4831
8.7153	9.4713
8.7208	9.4948
8.7264	9.4596
8.7319	9.4831
8.7375	9.4948
8.7431	9.4713
8.7486	9.4713
8.7542	9.4713
8.7597	9.4713
8.7653	9.4245
8.7708	9.4479
8.7764	9.401
8.7819	9.4479
8.7875	9.4596
8.7931	9.4713
8.7986	9.4479
8.8042	9.4948
8.8097	9.4713
8.8153	9.4479
8.8208	9.4479
8.8264	9.4362
8.8319	9.5065
8.8375	9.4713
8.8431	9.401
8.8486	9.4596
8.8542	9.4479
8.8597	9.4479
8.8653	9.4362
8.8708	9.4362
8.8764	9.4479
8.8819	9.4127
8.8875	9.4479
8.8931	9.4479
8.8986	9.4479
8.9042	9.4479
8.9097	9.4948
8.9153	9.4362
8.9208	9.4479
8.9264	9.4245
8.9319	9.4245
8.9375	9.4362
8.9431	9.4479
8.9486	9.4596
8.9542	9.401
8.9597	9.4127
8.9653	9.401
8.9708	9.3776
8.9764	9.3893
8.9819	9.4127
8.9875	9.3659
8.9931	9.3893
8.9986	9.3424
9.0042	9.3893
9.0097	9.3659
9.0153	9.3659
9.0208	9.3893
9.0264	9.3307
9.0319	9.3893
9.0375	9.3659
9.0431	9.3659
9.0486	9.3659
9.0542	9.401
9.0597	9.3541
9.0653	9.3893
9.0708	9.4127
9.0764	9.3776
9.0819	9.3776
9.0875	9.3541
9.0931	9.3659
9.0986	9.3659
9.1042	9.401
9.1097	9.3893
9.1153	9.3424
9.1208	9.3659
9.1264	9.3893
9.1319	9.3776
9.1375	9.3893
9.1431	9.4127
9.1486	9.3776
9.1542	9.3893
9.1597	9.3893
9.1653	9.3776
9.1708	9.3893
9.1764	9.3893
9.1819	9.401
9.1875	9.3307
9.1931	9.3776
9.1986	9.3776
9.2042	9.3776
9.2097	9.3893
9.2153	9.3893
9.2208	9.3659
9.2264	9.3893
9.2319	9.3776
9.2375	9.4127
9.2431	9.3307
9.2486	9.3893
9.2542	9.3776
9.2597	9.3541
9.2653	9.3776
9.2708	9.3424
9.2764	9.3659
9.2819	9.3424
9.2875	9.3893
9.2931	9.3893
9.2986	9.3541
9.3042	9.3659
9.3097	9.3541
9.3153	9.3893
9.3208	9.3659
9.3264	9.3893
9.3319	9.3893
9.3375	9.3776
9.3431	9.3776
9.3486	9.3424
9.3542	9.3776
9.3597	9.3307
9.3653	9.2955
9.3708	9.3072
9.3764	9.3424
9.3819	9.3307
9.3875	9.3541
9.3931	9.3541
9.3986	9.3541
9.4042	9.3893
9.4097	9.3659
9.4153	9.3307
9.4208	9.3424
9.4264	9.3659
9.4319	9.3541
9.4375	9.3659
9.4431	9.3776
9.4486	9.319
9.4542	9.3541
9.4597	9.319
9.4653	9.3541
9.4708	9.3659
9.4764	9.401
9.4819	9.3424
9.4875	9.3659
9.4931	9.4362
9.4986	9.3424
9.5042	9.3893
9.5097	9.3776
9.5153	9.3541
9.5208	9.3776
11.5042	9.2135
11.54	8.8501
11.5567	9.0377
11.5733	9.1666
11.59	9.0845
11.6067	9.108
11.6233	9.0728
11.64	9.1197
11.6567	9.1197
11.6733	9.1666
11.69	9.0845
11.7067	9.1197
11.7233	9.0845
11.74	9.1666
11.7567	9.0728
11.7733	9.1432
11.79	9.1197
11.8067	9.1314
11.8233	9.0963
11.84	9.1197
11.8567	9.0963
11.8733	9.0963
11.89	9.1314
11.9067	9.0494
11.9233	9.108
11.94	9.1197
11.9567	9.1314
11.9733	9.1197
11.99	9.1197
12.0067	9.1666
12.0233	9.1314
12.04	9.1549
12.0567	9.1197
12.0733	9.1197
12.09	9.2018
12.1067	9.1197
12.1233	9.1197
12.14	9.108
12.1567	9.1197
12.1733	9.108
12.19	9.108
12.2067	9.0845
12.2233	9.0259
12.24	9.108
12.2567	9.1197
12.2733	9.108
12.29	9.1197
12.3067	9.0611
12.3233	9.1197
12.34	9.108
12.3567	9.108
12.3733	9.1432
12.39	9.108
12.4067	9.108
12.4233	9.1432
12.44	9.108
12.4567	9.1549
12.4733	9.0377
12.49	9.0728
12.5067	9.0845
12.5233	9.108
12.54	9.108
12.5567	9.0845
12.5733	9.0845
12.59	9.0963
12.6067	9.108
12.6233	9.0845
12.64	9.0963
12.6567	9.0963
12.6733	9.0728
12.69	9.1314
12.7067	9.0494
12.7233	9.1197
12.74	9.0845
12.7567	9.0611
12.7733	9.0845
12.79	9.0728
12.8067	9.0611
12.8233	9.0728
12.84	9.0377
12.8567	9.0377
12.8733	9.0377
12.89	9.0611
12.9067	9.0377
12.9233	8.9791
12.94	9.0259
12.9567	9.0611
12.9733	9.0142
12.99	9.0377
13.0067	9.0025
13.0233	9.0494
13.04	9.0611
13.0567	9.0025
13.0733	9.0611
13.09	9.0963
13.1067	9.0728
13.1233	9.0025
13.14	9.0728
13.1567	9.0494
13.1733	9.0377
13.19	9.0494
13.2067	9.0377
13.2233	9.0377
13.24	9.0728
13.2567	9.0494
13.2733	9.0728
13.29	9.0728
13.3067	9.0494
13.3233	9.0377
13.34	9.0377
13.3567	9.0728
13.3733	9.0611
13.39	9.0611
13.4067	9.0377
13.4233	9.0611
13.44	8.9791
13.4567	9.0728
13.4733	9.0494
13.49	9.0494
13.5067	9.0377
13.5233	9.0611
13.54	9.0259
13.5567	9.0377
13.5733	9.0377
13.59	9.0142
13.6067	9.0611
13.6233	9.0845
13.64	9.0259
13.6567	9.0142
13.6733	9.0963
13.69	9.0494
13.7067	9.0259
13.7233	9.0377
13.74	9.0377
13.7567	9.0494
13.7733	9.0259
13.79	9.0611
13.8067	9.0259
13.8233	9.0377
13.84	9.0494
13.8567	9.0377
13.8733	9.0259
13.89	9.0377
13.9067	8.9791
13.9233	9.0025
13.94	9.0142
13.9567	9.0142
13.9733	9.0259
13.99	9.0377
14.0067	9.0142
14.0233	9.0259
14.04	9.0494
14.0567	9.0494
14.0733	9.0259
14.09	9.0611
14.1067	9.0025
14.1233	9.0259
14.14	9.0142
14.1567	8.9908
14.1733	9.0377
14.19	9.0259
14.2067	9.0025
14.2233	9.0142
14.24	8.9908
14.2567	9.0377
14.2733	9.0142
14.29	9.0142
14.3067	9.0142
14.3233	9.0025
14.34	9.0494
14.3567	8.9908
14.3733	9.0377
14.39	9.0142
14.4067	9.0025
14.4233	9.0259
14.44	9.0025
14.4567	8.9908
14.4733	9.0025
14.49	8.9908
14.5067	9.0025
14.5233	9.0494
14.54	9.0377
14.5567	8.9673
14.5733	8.9205
14.59	9.0142
14.6067	9.0142
14.6233	8.9673
14.64	9.0025
14.6567	9.0025
14.6733	8.9908
14.69	9.0142
14.7067	8.9908
14.7233	9.0142
14.74	9.0259
14.7567	9.0025
14.7733	9.0025
14.79	9.0259
14.8067	9.0494
14.8233	9.0494
14.84	9.0025
14.8567	9.0025
14.8733	8.9322
14.89	8.9908
14.9067	9.0494
14.9233	8.9908
14.94	8.9908
14.9567	9.0259
14.9733	8.9791
14.99	8.9439
15.0067	8.9439
15.0233	8.9673
15.04	9.0142
15.0567	8.9439
15.0733	8.9322
15.09	8.9322
15.1067	8.9322
15.1233	8.8853
15.14	8.9322
15.1567	8.897
15.1733	8.9556
15.19	8.8618
15.2067	8.9322
15.2233	8.9439
15.24	8.9673
15.2567	8.9439
15.2733	8.8736
15.29	8.9556
15.3067	8.9205
15.3233	8.897
15.34	8.9322
15.3567	8.9205
15.3733	8.9322
15.39	8.9673
15.4067	8.9439
15.4233	8.9205
15.44	8.9439
15.4567	8.9439
15.4733	8.9556
15.49	8.9322
15.5067	8.9205
15.5233	8.9087
15.54	8.9205
15.5567	8.9439
15.5733	8.9322
15.59	8.9322
15.6067	8.9322
15.6233	8.9205
15.64	8.9439
15.6567	8.9322
15.6733	8.897
15.69	8.9791
15.7067	8.9205
15.7233	8.9087
15.74	8.9205
15.7567	8.9205
15.7733	8.9322
15.79	8.9439
15.8067	8.9322
15.8233	8.9205
15.84	8.9087
15.8567	8.8501
15.8733	8.8618
15.89	8.9322
15.9067	8.897
15.9233	8.8618
15.94	8.9322
15.9567	8.897
15.9733	8.9205
15.99	8.8736
16.0067	8.8736
16.0233	8.897
16.04	8.8853
16.0567	8.9322
16.0733	8.9087
16.09	8.9322
16.1067	8.8853
16.1233	8.9205
16.14	8.8501
16.1567	8.9322
16.1733	8.897
16.19	8.9439
16.2067	8.8032
16.2233	8.897
16.24	8.9205
16.2567	8.9205
16.2733	8.8618
16.29	8.9087
16.3067	8.8853
16.3233	8.9087
16.34	8.8618
16.3567	8.8853
16.3733	8.8736
16.39	8.8853
16.4067	8.9087
16.4233	8.8853
16.44	8.8853
16.4567	8.8853
16.4733	8.8853
16.49	8.8853
16.5067	8.897
16.5233	8.8853
16.54	8.897
16.5567	8.897
16.5733	8.897
16.59	8.9087
16.6067	8.8384
16.6233	8.897
16.64	8.9205
16.6567	8.897
16.6733	8.8853
16.69	8.8853
16.7067	8.9439
16.7233	8.897
16.74	8.897
16.7567	8.8853
16.7733	8.8501
16.79	8.8853
16.8067	8.8853
16.8233	8.8618
16.84	8.8736
16.8567	8.8853
16.8733	8.9205
16.89	8.8736
16.9067	8.9087
16.9233	8.815
16.94	8.8618
16.9567	8.897
16.9733	8.9205
16.99	8.8736
17.0067	8.8618
17.0233	8.897
17.04	8.8618
17.0567	8.8736
17.0733	8.8853
17.09	8.8853
17.1067	8.8618
17.1233	8.8736
17.14	8.8853
17.1567	8.8853
17.1733	8.9087
17.19	8.8736
17.2067	8.8501
17.2233	8.8032
17.24	8.8501
17.2567	8.8384
17.2733	8.815
17.29	8.8384
17.3067	8.8267
17.3233	8.8267
17.34	8.7564
17.3567	8.6274
17.3733	8.7095
17.39	8.8736
17.4067	8.8384
17.4233	8.8267
17.44	8.7681
17.4567	8.8032
17.4733	8.8501
17.49	8.8501
17.5067	8.8501
17.5233	8.8267
17.54	8.8032
17.5567	8.7564
17.5733	8.8267
17.59	8.8267
17.6067	8.8501
17.6233	8.8501
17.64	8.8618
17.6567	8.8384
17.6733	8.8618
17.69	8.7915
17.7067	8.8267
17.7233	8.8032
17.74	8.7798
17.7567	8.815
17.7733	8.8618
17.79	8.8267
17.8067	8.8384
17.8233	8.8384
17.84	8.8032
17.8567	8.8267
17.8733	8.8618
17.89	8.815
17.9067	8.8618
17.9233	8.8032
17.94	8.8267
17.9567	8.815
17.9733	8.8501
17.99	8.8032
18.0067	8.8384
18.0233	8.815
18.04	8.815
18.0567	8.8267
18.0733	8.815
18.09	8.7681
18.1067	8.8501
18.1233	8.8384
18.14	8.7915
18.1567	8.8384
18.1733	8.8384
18.2067	8.7681
18.2233	8.7681
18.24	8.7915
18.2567	8.8267
18.2733	8.8267
18.29	8.8501
18.3067	8.8267
18.3233	8.8267
18.34	8.8501
18.3567	8.815
18.3733	8.8384
18.39	8.8267
18.4067	8.8032
18.4233	8.8267
18.44	8.8032
18.4567	8.8032
18.4733	8.8736
18.49	8.7681
18.5067	8.8032
18.5233	8.8267
18.54	8.8032
18.5567	8.815
18.5733	8.7446
18.59	8.8501
18.6067	8.8032
18.6233	8.8032
18.64	8.8384
18.6567	8.815
18.6733	8.8032
18.69	8.8384
18.7067	8.8853
18.7233	8.815
18.74	8.815
18.7567	8.8384
18.7733	8.8384
18.79	8.8267
18.8067	8.8384
18.8233	8.7798
18.84	8.815
18.8567	8.8032
18.8733	8.8267
18.89	8.8501
18.9067	8.8618
18.9233	8.8267
18.94	8.8032
18.9567	8.8384
18.9733	8.8267
18.99	8.7681
19.0067	8.8267
19.0233	8.815
19.04	8.8384
19.0567	8.8384
19.0733	8.8501
19.09	8.7915
19.1067	8.8032
19.1233	8.8032
19.14	8.815
19.1567	8.7798
19.1733	8.8267
19.19	8.8032
19.2067	8.8267
19.2233	8.7915
19.24	8.8267
19.2567	8.8267
19.2733	8.8032
19.29	8.7798
19.3067	8.8267
19.3233	8.815
19.34	8.8267
19.3567	8.8618
19.3733	8.815
19.39	8.8267
19.4067	8.8736
19.4233	8.7681
19.44	8.815
19.4567	8.8501
19.4733	8.7915
19.49	8.815
19.5067	8.8032
19.5233	8.8501
19.54	8.8384
19.5567	8.7564
19.5733	8.7681
19.59	8.8267
19.6067	8.815
19.6233	8.815
19.64	8.8384
19.6567	8.8384
19.6733	8.815
19.69	8.8267
19.7067	8.815
19.7233	8.7915
19.74	8.815
19.7567	8.7446
19.7733	8.8384
19.79	8.7681
19.8067	8.8032
19.8233	8.8384
19.84	8.815
19.8567	8.815
19.8733	8.815
19.89	8.7798
19.9067	8.8267
19.9233	8.8267
19.94	8.815
19.9567	8.8384
19.9733	8.8501
19.99	8.7798
20.0067	8.7915
20.0233	8.7564
20.04	8.8032
20.0567	8.7681
20.0733	8.7681
20.09	8.7564
20.1067	8.7564
20.1233	8.7915
20.14	8.7564
20.1567	8.7915
20.1733	8.8032
20.19	8.7681
20.2067	8.7915
20.2233	8.7681
20.24	8.7798
20.2567	8.7329
20.2733	8.8384
20.29	8.7681
20.3067	8.7915
20.3233	8.7798
20.34	8.7915
20.3567	8.7212
20.3733	8.9087
20.39	8.7798
20.4067	8.7915
20.4233	8.8032
20.44	8.8384
20.4567	8.7681
20.4733	8.7915
20.49	8.7798
20.5067	8.7915
20.5233	8.7798
20.54	8.815
20.5567	8.8032
20.5733	8.8032
20.59	8.7798
20.6067	8.7681
20.6233	8.8267
20.64	8.8032
20.6567	8.7564
20.6733	8.8032
20.69	8.815
20.7067	8.7798
20.7233	8.6978
20.74	8.8032
20.7567	8.7915
20.7733	8.7915
20.79	8.8032
20.8067	8.8267
20.8233	8.7329
20.84	8.8032
20.8567	8.815
20.8733	8.7446
20.89	8.7798
20.9067	8.7915
20.9233	8.7915
20.94	8.7915
20.9567	8.8032
20.9733	8.7915
20.99	8.7915
21.0067	8.7681
21.0233	8.8032
21.04	8.7798
21.0567	8.7798
21.0733	8.7798
21.09	8.7446
21.1067	8.7798
21.1233	8.7798
21.14	8.8267
21.1567	8.7915
21.1733	8.7915
21.19	8.815
21.2067	8.7681
21.2233	8.7915
21.24	8.7681
21.2567	8.7798
21.2733	8.7564
21.29	8.815
21.3067	8.7798
21.3233	8.7564
21.34	8.7564
21.3567	8.7798
21.3733	8.7564
21.39	8.7681
21.4067	8.7798
21.4233	8.8032
21.44	8.7681
21.4567	8.7564
21.4733	8.7915
21.49	8.7681
21.5067	8.7681
21.5233	8.815
21.54	8.815
21.5567	8.815
21.5733	8.8032
21.59	8.8032
21.6067	8.7798
21.6233	8.7446
21.64	8.7564
21.6567	8.7564
21.6733	8.7564
21.69	8.7681
21.7067	8.7798
21.7233	8.8032
21.74	8.7681
21.7567	8.7798
21.7733	8.7798
21.79	8.7446
21.8067	8.7798
21.8233	8.7681
21.84	8.7681
21.8567	8.7329
21.8733	8.7681
21.89	8.8032
21.9067	8.7446
21.9233	8.7681
21.94	8.7681
21.9567	8.7095
21.9733	8.8267
21.99	8.7212
22.0067	8.8032
22.0233	8.815
22.04	8.8032
22.0567	8.7915
22.0733	8.8032
22.09	8.7798
22.1067	8.8267
22.1233	8.8032
22.14	8.8032
22.1567	8.815
22.1733	8.8267
22.19	8.815
22.2067	8.8032
22.2233	8.7681
22.24	8.8032
22.2567	8.8032
22.2733	8.7681
22.29	8.7798
22.3067	8.815
22.3233	8.815
22.34	8.7798
22.3567	8.8032
22.3733	8.815
22.39	8.8267
22.4067	8.7915
22.4233	8.7798
22.44	8.815
22.4567	8.8384
22.4733	8.8032
22.49	8.8267
22.5067	8.8032
22.5233	8.8267
22.54	8.7329
22.5567	8.8384
22.5733	8.7915
22.59	8.8267
22.6067	8.7798
22.6233	8.7915
22.64	8.815
22.6567	8.8501
22.6733	8.815
22.69	8.815
22.7067	8.815
22.7233	8.8032
22.74	8.815
22.7567	8.815
22.7733	8.8501
22.79	8.7915
22.8067	8.815
22.8233	8.815
22.84	8.8501
22.8567	8.8032
22.8733	8.8032
22.89	8.7915
22.9067	8.7212
22.9233	8.7798
22.94	8.8032
22.9567	8.7915
22.9733	8.7329
22.99	8.7446
23.0067	8.7446
23.0233	8.7798
23.04	8.7446
23.0567	8.7681
23.0733	8.7095
23.09	8.7681
23.1067	8.7446
23.1233	8.7564
23.14	8.7446
23.1567	8.7915
23.1733	8.7446
23.19	8.7798
23.2067	8.7564
23.2233	8.7095
23.24	8.7564
23.2567	8.7681
23.2733	8.8032
23.29	8.7564
23.3067	8.7212
23.3233	8.7446
23.34	8.7798
23.3567	8.7798
23.3733	8.7329
23.39	8.7915
23.4067	8.7798
23.4233	8.686
23.44	8.7446
23.4567	8.7095
23.4733	8.7329
23.49	8.7915
23.5067	8.7095
23.5233	8.7681
23.54	8.7681
23.5567	8.8267
23.5733	8.7446
23.59	8.7446
23.6067	8.7329
23.6233	8.7681
23.64	8.7681
23.6567	8.7564
23.6733	8.7564
23.69	8.7564
23.7067	8.7681
23.7233	8.7446
23.74	8.7446
23.7567	8.7564
23.7733	8.7681
23.79	8.7329
23.8067	8.7564
23.8233	8.7915
23.84	8.686
23.8567	8.7564
23.8733	8.7798
23.89	8.7564
23.9067	8.7681
23.9233	8.7446
23.94	8.7329
23.9567	8.7681
23.9733	8.7446
23.99	8.7681
24.0067	8.7564
24.0233	8.7329
24.04	8.7095
24.0567	8.686
24.0733	8.7681
24.09	8.7446
24.1067	8.7329
24.1233	8.7329
24.14	8.7446
24.1567	8.7446
24.1733	8.6626
24.19	8.7564
24.2067	8.7212
24.2233	8.7564
24.24	8.7329
24.2567	8.7446
24.2733	8.7681
24.29	8.7564
24.3067	8.7681
24.3233	8.686
24.34	8.7798
24.3567	8.6978
24.3733	8.7446
24.39	8.7329
24.4067	8.7681
24.4233	8.7095
24.44	8.7446
24.4567	8.7446
24.4733	8.7446
24.49	8.5571
24.5067	8.6978
24.5233	8.7564
24.54	8.6743
24.5567	8.7212
24.5733	8.393
24.59	8.7564
24.6067	8.7329
24.6233	8.7564
24.64	8.7564
24.6567	8.7212
24.6733	8.7681
24.69	8.7681
24.7067	8.7212
24.7233	8.6743
24.74	8.7564
24.7567	8.7446
24.7733	8.7329
24.79	8.7095
24.8067	8.7681
24.8233	8.7212
24.84	8.7564
24.8567	8.7681
24.8733	8.6743
24.89	8.7446
24.9067	8.7681
24.9233	8.6274
24.94	8.7681
24.9567	8.7329
24.9733	8.6978
24.99	8.7095
25.0067	8.7329
25.0233	8.7564
25.04	8.7095
25.0567	8.7564
25.0733	8.604
25.09	8.7798
zone t = "eff_B_pH", f=point
0.0447	8.0414
0.0613	8.1703
0.078	8.2524
0.0947	8.311
0.1113	8.393
0.128	8.5102
0.1447	8.6274
0.1613	8.7212
0.178	8.8267
0.1947	8.897
0.2113	8.9439
0.228	9.0025
0.2447	9.0377
0.2613	9.0728
0.278	9.0963
0.2947	9.1197
0.3113	9.1549
0.328	9.1783
0.3447	9.19
0.3613	9.2252
0.378	9.2486
0.3947	9.2721
0.4113	9.2838
0.428	9.3072
0.4447	9.3307
0.4613	9.3541
0.478	9.3659
0.4947	9.3893
0.5113	9.401
0.528	9.4127
0.5447	9.4479
0.5613	9.4596
0.578	9.4713
0.5947	9.4831
0.6113	9.4948
0.628	9.5065
0.6447	9.5299
0.6613	9.5417
0.678	9.5534
0.6947	9.5768
0.7113	9.5886
0.728	9.5886
0.7447	9.6003
0.7613	9.612
0.778	9.6237
0.7947	9.6354
0.8113	9.6472
0.828	9.6472
0.8447	9.6589
0.8613	9.6706
0.878	9.6706
0.8947	9.6706
0.9113	9.6823
0.928	9.694
0.9447	9.694
0.9613	9.694
0.978	9.7175
0.9947	9.7292
1.0113	9.7292
1.028	9.7409
1.0447	9.7409
1.0613	9.7526
1.078	9.7526
1.0947	9.7644
1.1113	9.7761
1.128	9.7761
1.1447	9.7761
1.1613	9.7878
1.178	9.7878
1.1947	9.7995
1.2113	9.7995
1.228	9.8112
1.2447	9.8112
1.2613	9.8112
1.278	9.8112
1.2947	9.823
1.3113	9.8464
1.328	9.8347
1.3447	9.8464
1.3613	9.8464
1.378	9.8464
1.3947	9.8581
1.4113	9.8581
1.428	9.8699
1.4447	9.8699
1.4613	9.8581
1.478	9.8699
1.4947	9.8816
1.5113	9.8816
1.528	9.8933
1.5447	9.8933
1.5613	9.8933
1.578	9.905
1.5947	9.905
1.6113	9.905
1.628	9.9167
1.6447	9.9167
1.6613	9.9167
1.678	9.9285
1.6947	9.9285
1.7113	9.9285
1.728	9.9285
1.7447	9.9402
1.7613	9.9402
1.778	9.9402
1.7947	9.9402
1.8113	9.9519
1.828	9.9519
1.8447	9.9636
1.8613	9.9636
1.878	9.9636
1.8947	9.9636
1.9113	9.9871
1.928	9.9753
1.9447	9.9753
1.9613	9.9753
1.978	9.9753
1.9947	9.9871
2.0113	9.9871
2.028	9.9871
2.0447	9.9871
2.0613	9.9871
2.078	9.9871
2.0947	9.9988
2.1113	9.9988
2.128	9.9988
2.1447	9.9988
2.1613	9.9988
2.178	9.9988
2.1947	9.9988
2.2113	9.9988
2.228	9.9988
2.2447	10.0105
2.2613	10.0105
2.278	10.0222
2.2947	10.0222
2.3113	10.0222
2.328	10.0222
2.3447	10.0222
2.3613	10.0222
2.378	10.0222
2.3947	10.0339
2.4113	10.0222
2.428	10.0339
2.4447	10.0222
2.4613	10.0222
2.478	10.0339
2.4947	10.0222
2.5113	10.0339
2.528	10.0339
2.5447	10.0339
2.5613	10.0339
2.578	10.0339
2.5947	10.0339
2.6113	10.0339
2.628	10.0339
2.6447	10.0339
2.6613	10.0339
2.678	10.0339
2.6947	10.0457
2.7113	10.0339
2.728	10.0457
2.7447	10.0457
2.7613	10.0457
2.778	10.0457
2.7947	10.0457
2.8113	10.0457
2.828	10.0574
2.8447	10.0457
2.8613	10.0457
2.878	10.0457
2.8947	10.0574
2.9113	10.0457
2.928	10.0457
2.9447	10.0457
2.9613	10.0457
2.978	10.0457
2.9947	10.0457
3.0113	10.0457
3.028	10.0457
3.0447	10.0457
3.0613	10.0457
3.078	10.0457
3.0947	10.0339
3.1113	10.0457
3.128	10.0339
3.1447	10.0339
3.1613	10.0339
3.178	10.0339
3.1947	10.0457
3.2113	10.0339
3.228	10.0457
3.2447	10.0339
3.2613	10.0339
3.278	10.0339
3.2947	10.0339
3.3113	10.0339
3.328	10.0339
3.3447	10.0222
3.3613	10.0222
3.378	10.0222
3.3947	10.0222
3.4113	10.0222
3.428	10.0105
3.4447	10.0105
3.4613	10.0105
3.478	10.0105
3.4947	9.9988
3.5113	9.9988
3.528	9.9988
3.5447	9.9871
3.5613	9.9871
3.578	9.9871
3.5947	9.9871
3.6113	9.9871
3.628	9.9871
3.6447	9.9753
3.6613	9.9753
3.678	9.9753
3.6947	9.9753
3.7113	9.9753
3.728	9.9636
3.7447	9.9753
3.7613	9.9636
3.778	9.9636
3.7947	9.9636
3.8113	9.9519
3.828	9.9519
3.8447	9.9519
3.8613	9.9402
3.878	9.9402
3.8947	9.9402
3.9113	9.9402
3.928	9.9285
3.9447	9.9285
3.9613	9.9285
3.978	9.9285
3.9947	9.9167
4.0113	9.9167
4.028	9.9167
4.0447	9.905
4.0613	9.905
4.078	9.8933
4.0947	9.905
4.1113	9.8933
4.128	9.905
4.1447	9.8816
4.1613	9.8816
4.178	9.8816
4.1947	9.8816
4.2113	9.8699
4.228	9.8699
4.2447	9.8699
4.2613	9.8581
4.278	9.8581
4.2947	9.8464
4.3113	9.8464
4.328	9.8464
4.3447	9.8464
4.3613	9.8347
4.378	9.8347
4.3947	9.823
4.4113	9.823
4.428	9.823
4.4447	9.823
4.4613	9.8112
4.478	9.8112
4.4947	9.8112
4.5113	9.8112
4.528	9.8112
4.5447	9.7995
4.5613	9.7995
4.578	9.7995
4.5947	9.7878
4.6113	9.7878
4.628	9.7878
4.6447	9.7761
4.6613	9.7761
4.678	9.7761
4.6947	9.7644
4.7113	9.7644
4.728	9.7644
4.7447	9.7526
4.7613	9.7526
4.778	9.7526
4.7947	9.7526
4.8113	9.7409
4.828	9.7292
4.8447	9.7409
4.8613	9.7292
4.878	9.7292
4.8947	9.7175
4.9113	9.7175
4.928	9.7058
4.9447	9.7058
4.9613	9.7175
4.978	9.7058
4.9947	9.694
5.0113	9.694
5.028	9.6823
5.0447	9.6823
5.0613	9.694
5.078	9.6823
5.0947	9.6823
5.1113	9.6706
5.128	9.6706
5.1447	9.6706
5.1613	9.6706
5.178	9.6589
5.1947	9.6589
5.2113	9.6589
5.228	9.6472
5.2447	9.6472
5.2613	9.6472
5.278	9.6354
5.2947	9.6354
5.3113	9.6354
5.328	9.6354
5.3447	9.6237
5.3613	9.6237
5.378	9.6237
5.3947	9.6237
5.4113	9.612
5.428	9.612
5.4447	9.612
5.4613	9.6003
5.478	9.6003
5.4947	9.6003
5.5113	9.6003
5.528	9.5886
5.5447	9.5886
5.5613	9.5886
5.578	9.5768
5.5947	9.5768
5.6113	9.5768
5.628	9.5768
5.6447	9.5651
5.6613	9.5651
5.678	9.5651
5.6947	9.5651
5.7113	9.5534
5.728	9.5534
5.7447	9.5534
5.7613	9.5417
5.778	9.5417
5.7947	9.5299
5.8113	9.5299
5.828	9.5299
5.8447	9.5299
5.8613	9.5182
5.878	9.5182
5.8947	9.5182
5.9113	9.5065
5.928	9.5065
5.9447	9.5065
5.9613	9.5065
5.978	9.5065
5.9947	9.4948
6.0113	9.4948
6.028	9.4831
6.0447	9.4831
6.0613	9.4831
6.078	9.4831
6.0947	9.4713
6.1113	9.4713
6.128	9.4713
6.1447	9.4596
6.1613	9.4596
6.178	9.4596
6.1947	9.4479
6.2113	9.4479
6.228	9.4479
6.2447	9.4362
6.2613	9.4362
6.278	9.4362
6.2947	9.4362
6.3113	9.4245
6.328	9.4245
6.3447	9.4245
6.3613	9.4127
6.378	9.4127
6.3947	9.4127
6.4113	9.401
6.428	9.401
6.4447	9.401
6.4613	9.401
6.478	9.401
6.4947	9.3893
6.5113	9.3893
6.528	9.3893
6.5447	9.3893
6.5613	9.3893
6.578	9.3776
6.5947	9.3776
6.6113	9.3776
6.628	9.3659
6.6447	9.3659
6.6613	9.3659
6.678	9.3659
6.6947	9.3541
6.7113	9.3541
6.728	9.3541
6.7447	9.3541
6.7613	9.3541
6.778	9.3424
6.7947	9.3424
6.8113	9.3424
6.828	9.3424
6.8447	9.3424
6.8613	9.3307
6.878	9.3307
6.8947	9.3307
6.9113	9.3307
6.928	9.319
6.9447	9.319
6.9613	9.319
6.978	9.319
6.9947	9.3072
7.0113	9.3072
7.028	9.3072
7.0447	9.3072
7.0613	9.3072
7.078	9.2955
7.0947	9.2955
7.1113	9.2955
7.128	9.2838
7.1447	9.2838
7.1613	9.2838
7.178	9.2838
7.1947	9.2721
7.2113	9.2721
7.228	9.2721
7.2447	9.2721
7.2613	9.2604
7.278	9.2604
7.2947	9.2604
7.3113	9.2604
7.328	9.2486
7.3447	9.2486
7.3613	9.2486
7.378	9.2486
7.3947	9.2486
7.4113	9.2369
7.428	9.2369
7.4447	9.2369
7.4613	9.2369
7.478	9.2252
7.4947	9.2252
7.5113	9.2135
7.528	9.2252
7.5447	9.2252
7.5613	9.2135
7.578	9.2135
7.5947	9.2135
7.6113	9.2018
7.628	9.2018
7.6447	9.2018
7.6613	9.19
7.678	9.19
7.6947	9.19
7.7113	9.19
7.728	9.19
7.7447	9.19
7.7613	9.1783
7.778	9.1783
7.7947	9.1783
7.8113	9.1783
7.828	9.1783
7.8447	9.1783
7.8613	9.1783
7.878	9.1783
7.8947	9.1783
7.9113	9.1783
7.928	9.1666
7.9447	9.1666
7.9613	9.1666
7.978	9.1666
7.9947	9.1666
8.0113	9.1666
8.028	9.1549
8.0447	9.1549
8.0613	9.1549
8.078	9.1549
8.0947	9.1432
8.1113	9.1432
8.128	9.1432
8.1447	9.1432
8.1613	9.1432
8.178	9.1314
8.1947	9.1314
8.2113	9.1314
8.228	9.1314
8.2447	9.1197
8.2613	9.1197
8.278	9.1197
8.2947	9.1197
8.3113	9.1197
8.328	9.108
8.3447	9.108
8.3613	9.108
8.378	9.108
8.3947	9.0963
8.4113	9.0963
8.428	9.0963
8.4447	9.0963
8.4613	9.0963
8.478	9.0963
8.4947	9.0963
8.5113	9.0845
8.528	9.0845
8.5447	9.0845
8.5613	9.0845
8.578	9.0845
8.5947	9.0728
8.6113	9.0728
8.628	9.0728
8.6447	9.0728
8.6613	9.0728
8.678	9.0728
8.6947	9.0728
8.7113	9.0728
8.728	9.0611
8.7447	9.0611
8.7613	9.0611
8.778	9.0611
8.7947	9.0611
8.8113	9.0611
8.828	9.0611
8.8447	9.0494
8.8613	9.0494
8.878	9.0494
8.8947	9.0494
8.9113	9.0494
8.928	9.0494
8.9447	9.0494
8.9613	9.0377
8.978	9.0377
8.9947	9.0377
9.0113	9.0377
9.028	9.0377
9.0447	9.0377
9.0613	9.0259
9.078	9.0259
9.0947	9.0259
9.1113	9.0259
9.128	9.0259
9.1447	9.0259
9.1613	9.0142
9.178	9.0259
9.1947	9.0259
9.2113	9.0142
9.228	9.0142
9.2447	9.0142
9.2613	9.0142
9.278	9.0142
9.2947	9.0025
9.3113	9.0025
9.328	9.0025
9.3447	9.0025
9.3613	8.9791
9.378	8.9791
9.3947	8.9791
9.4113	8.9791
9.428	8.9673
9.4447	8.9673
9.4613	8.9673
9.478	8.9673
9.4947	8.9556
9.5113	8.9556
9.528	8.9556
9.5447	8.9556
9.5613	8.9673
9.578	8.9673
9.5947	8.9673
9.6113	8.9673
9.628	8.9673
9.6447	8.9673
9.6613	8.9556
9.678	8.9556
9.6947	8.9556
9.7113	8.9556
9.728	8.9556
9.7447	8.9673
9.7613	8.9322
9.778	8.9322
9.7947	8.9439
9.8113	8.9439
9.828	8.9439
9.8447	8.9439
9.8613	8.9439
9.878	8.9439
9.8947	8.9439
9.9113	8.9556
9.928	8.9556
9.9447	8.9556
9.9613	8.9439
9.978	8.9556
9.9947	8.9673
10.0113	8.9673
10.028	8.9791
10.0447	8.9556
10.0613	8.9673
10.078	8.9556
10.0947	8.9673
10.1113	8.9673
10.128	8.9791
10.1447	8.9908
10.1613	8.9908
10.178	9.0025
10.1947	8.9908
10.2113	8.9908
10.228	9.0025
10.2447	9.0025
10.2613	9.0025
10.278	9.0025
10.2947	8.9908
10.3113	9.0025
10.328	8.9087
10.3447	8.9087
10.3613	8.897
10.378	8.897
10.3947	8.897
10.4113	8.897
10.428	8.8853
10.4447	8.8853
10.4613	8.8853
10.478	8.8853
10.4947	8.8736
10.5113	8.8736
10.528	8.8736
10.5447	8.8736
10.5613	8.8736
10.578	8.8618
10.5947	8.8618
10.6113	8.8618
10.628	8.8618
10.6447	8.8618
10.6613	8.8618
10.678	8.8618
10.6947	8.8618
10.7113	8.8618
10.728	8.8736
10.7447	8.8618
10.7613	8.8618
10.778	8.8618
10.7947	8.8618
10.8113	8.8618
10.828	8.8501
10.8447	8.8501
10.8613	8.8501
10.878	8.8618
10.8947	8.8501
10.9113	8.8501
10.928	8.897
10.9447	8.897
10.9613	8.8618
10.978	8.8618
10.9947	8.8736
11.0113	8.8853
11.028	8.8853
11.0447	8.8853
11.0613	8.8853
11.078	8.897
11.0947	8.8853
11.1113	8.8853
11.128	8.897
11.1447	8.8853
11.1613	8.897
11.178	8.8736
11.1947	8.8853
11.2113	8.8853
11.228	8.8853
11.2447	8.897
11.2613	8.897
11.278	8.897
11.2947	8.8736
11.3113	8.9087
11.328	8.897
11.3447	8.9087
11.3613	8.9087
11.378	8.9205
11.3947	8.9205
11.4113	8.9205
11.428	8.9205
11.4447	8.9205
11.4613	8.9205
11.478	8.9322
11.4947	8.9205
11.5113	8.8736
11.528	8.8853
11.5447	8.897
11.5613	8.8853
11.578	8.8853
11.5947	8.8853
11.6113	8.8853
11.628	8.897
11.6447	8.897
11.6613	8.9087
11.678	8.9087
11.6947	8.897
11.7113	8.9087
11.728	8.9087
11.7447	8.9087
11.7613	8.9205
11.778	8.9322
11.7947	8.9322
11.8113	8.9322
11.828	8.9322
11.8447	8.9322
11.8613	8.9439
11.878	8.9439
11.8947	8.9439
11.9113	8.9439
11.928	8.9439
11.9447	8.9556
11.9613	8.9556
11.978	8.9556
11.9947	8.9439
12.0113	8.9439
12.028	8.9439
12.0447	8.9205
12.0613	8.9439
12.078	8.9556
12.0947	8.9556
12.1113	8.9556
12.128	8.9439
12.1447	8.9439
12.1613	8.9439
12.178	8.9556
12.1947	8.9439
12.2113	8.9556
12.228	8.9556
12.2447	8.9556
12.2613	8.9556
12.278	8.9556
12.2947	8.9673
12.3113	8.7798
12.328	8.7681
12.3447	8.7564
12.3613	8.7564
12.378	8.7564
12.3947	8.7564
12.4113	8.7564
12.428	8.7564
12.4447	8.7446
12.4613	8.7446
12.478	8.7446
12.4947	8.7446
12.5113	8.7446
12.528	8.7446
12.5447	8.7446
12.5613	8.7446
12.578	8.7446
12.5947	8.7329
12.6113	8.7329
12.628	8.7446
12.6447	8.7446
12.6613	8.7446
12.678	8.7446
12.6947	8.7446
12.7113	8.7446
12.728	8.7446
12.7447	8.7564
12.7613	8.7446
12.778	8.7446
12.7947	8.7329
12.8113	8.7329
12.828	8.7329
12.8447	8.7329
12.8613	8.7329
12.878	8.7329
12.8947	8.7212
12.9113	8.7095
12.928	8.7212
12.9447	8.7212
12.9613	8.7446
12.978	8.7446
12.9947	8.7446
13.0113	8.7446
13.028	8.7446
13.0447	8.7446
13.0613	8.7446
13.078	8.7329
13.0947	8.7329
13.1113	8.7329
13.128	8.7329
13.1447	8.7329
13.1613	8.7329
13.178	8.7446
13.1947	8.7446
zone t = "eff_C_ph", f=point
0.05	9.0494
0.0667	9.8347
0.0833	9.8816
0.1	9.9753
0.1167	10.0457
0.1333	10.0926
0.15	10.116
0.1667	10.1277
0.1833	10.1277
0.2	10.1394
0.2167	10.1277
0.2333	10.1394
0.25	10.1394
0.2667	10.1394
0.2833	10.1512
0.3	10.1629
0.3167	10.1629
0.3333	10.1746
0.35	10.1863
0.3667	10.198
0.3833	10.2098
0.4	10.2215
0.4167	10.2332
0.4333	10.2449
0.45	10.2566
0.4667	10.2684
0.4833	10.2801
0.5	10.2918
0.5167	10.3035
0.5333	10.3153
0.55	10.327
0.5667	10.3387
0.5833	10.3504
0.6	10.3621
0.6167	10.3739
0.6333	10.3856
0.65	10.3973
0.6667	10.409
0.6833	10.4207
0.7	10.4325
0.7167	10.4442
0.7333	10.4442
0.75	10.4559
0.7667	10.4676
0.7833	10.4793
0.8	10.4793
0.8167	10.4911
0.8333	10.5028
0.85	10.5145
0.8667	10.5262
0.8833	10.538
0.9	10.538
0.9167	10.5497
0.9333	10.5614
0.95	10.5731
0.9667	10.5731
0.9833	10.5848
1	10.5966
1.0167	10.5966
1.0333	10.6083
1.05	10.62
1.0667	10.62
1.0833	10.62
1.1	10.6317
1.1167	10.6434
1.1333	10.6434
1.15	10.6552
1.1667	10.6317
1.1833	10.62
1.2	10.62
1.2167	10.6434
1.2333	10.6434
1.25	10.6552
1.2667	10.6669
1.2833	10.6669
1.3	10.6786
1.3167	10.6786
1.3333	10.6903
1.35	10.6903
1.3667	10.6903
1.3833	10.702
1.4	10.702
1.4167	10.702
1.4333	10.702
1.45	10.7138
1.4667	10.7138
1.4833	10.7138
1.5	10.7138
1.5167	10.7138
1.5333	10.7138
1.55	10.7255
1.5667	10.7255
1.5833	10.7255
1.6	10.7372
1.6167	10.7372
1.6333	10.7372
1.65	10.7372
1.6667	10.7372
1.6833	10.7489
1.7	10.7489
1.7167	10.7489
1.7333	10.7489
1.75	10.7489
1.7667	10.7489
1.7833	10.7607
1.8	10.7607
1.8167	10.7607
1.8333	10.7607
1.85	10.7607
1.8667	10.7607
1.8833	10.7607
1.9	10.7607
1.9167	10.7607
1.9333	10.7607
1.95	10.7607
1.9667	10.7607
1.9833	10.7724
2	10.7607
2.0167	10.7724
2.0333	10.7724
2.05	10.7724
2.0667	10.7724
2.0833	10.7724
2.1	10.7724
2.1167	10.7724
2.1333	10.7607
2.15	10.7724
2.1667	10.7607
2.1833	10.7607
2.2	10.7607
2.2167	10.7607
2.2333	10.7607
2.25	10.7607
2.2667	10.7489
2.2833	10.7489
2.3	10.7489
2.3167	10.7489
2.3333	10.7489
2.35	10.7372
2.3667	10.7372
2.3833	10.7372
2.4	10.7372
2.4167	10.7255
2.4333	10.7255
2.45	10.7255
2.4667	10.7255
2.4833	10.7138
2.5	10.7138
2.5167	10.7138
2.5333	10.7138
2.55	10.702
2.5667	10.702
2.5833	10.6903
2.6	10.6786
2.6167	10.6786
2.6333	10.6669
2.65	10.6552
2.6667	10.6552
2.6833	10.6434
2.7	10.6317
2.7167	10.6317
2.7333	10.62
2.75	10.62
2.7667	10.6083
2.7833	10.6083
2.8	10.6083
2.8167	10.5966
2.8333	10.5848
2.85	10.62
2.8667	10.62
2.8833	10.6083
2.9	10.6083
2.9167	10.5966
2.9333	10.5966
2.95	10.5848
2.9667	10.5731
2.9833	10.5731
3	10.5614
3.0167	10.5614
3.0333	10.5497
3.05	10.538
3.0667	10.5262
3.0833	10.5262
3.1	10.5145
3.1167	10.5145
3.1333	10.5028
3.15	10.4911
3.1667	10.4793
3.1833	10.4676
3.2	10.4559
3.2167	10.4559
3.2333	10.4442
3.25	10.4442
3.2667	10.4207
3.2833	10.4207
3.3	10.409
3.3167	10.3973
3.3333	10.3973
3.35	10.3856
3.3667	10.3739
3.3833	10.3621
3.4	10.3621
3.4167	10.3504
3.4333	10.3504
3.4667	10.3387
3.4833	10.327
3.5	10.327
3.5167	10.3153
3.5333	10.3153
3.55	10.3035
3.5667	10.3035
3.5833	10.2918
3.6	10.2801
3.6167	10.2684
3.6333	10.2684
3.65	10.2684
3.6667	10.2684
3.6833	10.2566
3.7	10.2449
3.7167	10.2449
3.75	10.2332
3.7667	10.2215
3.7833	10.2098
3.8	10.2098
3.8167	10.2098
3.8333	10.198
3.85	10.198
3.8667	10.1863
3.8833	10.1863
3.9	10.1746
3.9167	10.1629
3.9333	10.1512
3.95	10.1512
3.9667	10.1394
3.9833	10.1394
4	10.1277
4.0167	10.1277
4.0333	10.116
4.05	10.116
4.0667	10.1043
4.0833	10.1043
4.1	10.0926
4.1167	10.0926
4.1333	10.0808
4.15	10.0808
4.1667	10.0926
4.1833	10.0808
4.2	10.0808
4.2167	10.0808
4.2333	10.0691
4.25	10.0691
4.2667	10.0808
4.2833	10.0808
4.3	10.0691
4.3167	10.0691
4.3333	10.0574
4.35	10.0457
4.3667	10.0457
4.3833	10.0339
4.4	10.0339
4.4167	10.0222
4.4333	10.0105
4.45	10.0105
4.4667	9.9988
4.4833	9.9871
4.5	9.9871
4.5167	9.9753
4.5333	9.9753
4.55	9.9753
4.5667	9.9753
4.5833	9.9871
4.6	9.9871
4.6167	9.9871
4.6333	9.9871
4.65	9.9753
4.6667	9.9753
4.6833	9.9753
4.7	9.9636
4.7167	9.9636
4.7333	9.9519
4.75	9.9519
4.7667	9.9402
4.7833	9.9402
4.8	9.9285
4.8167	9.9285
4.8333	9.9167
4.85	9.9167
4.8667	9.905
4.8833	9.905
4.9	9.905
4.9167	9.8933
4.9333	9.8933
4.95	9.8816
4.9667	9.8816
4.9833	9.8816
5	9.8816
5.0167	9.8816
5.0333	9.8816
5.05	9.8699
5.0667	9.8699
5.0833	9.8581
5.1	9.8581
5.1167	9.8581
5.1333	9.8581
5.15	9.8464
5.1667	9.8464
5.1833	9.8464
5.2	9.8347
5.2167	9.8347
5.2333	9.8347
5.25	9.823
5.2667	9.823
5.2833	9.8112
5.3	9.8112
5.3167	9.8112
5.3333	9.7995
5.35	9.7995
5.3667	9.7995
5.3833	9.7995
5.4	9.7995
5.4167	9.7995
5.4333	9.7878
5.45	9.7761
5.4667	9.7761
5.4833	9.7761
5.5	9.7644
5.5167	9.7644
5.5333	9.7644
5.55	9.7175
5.5667	9.7292
5.5833	9.7175
5.6	9.7175
5.6167	9.7058
5.6333	9.7058
5.65	9.7058
5.6667	9.694
5.6833	9.694
5.7	9.5886
5.7167	9.5651
5.7333	9.5651
5.75	9.5534
5.7667	9.5534
5.7833	9.5534
5.8	9.5534
5.8167	9.5534
5.8333	9.5886
5.85	9.5886
5.8667	9.5768
5.8833	9.5768
5.9	9.5768
5.9167	9.5651
5.9333	9.5651
5.95	9.5534
5.9667	9.5534
5.9833	9.5534
6	9.5417
6.0167	9.5417
6.0333	9.5299
6.05	9.5417
6.0667	9.5417
6.0833	9.5299
6.1	9.5299
6.1167	9.5299
6.1333	9.5299
6.15	9.5299
6.1667	9.5182
6.1833	9.5299
6.2	9.5299
6.2167	9.5299
6.2333	9.5182
6.25	9.5182
6.2667	9.5182
6.2833	9.5182
6.3	9.5182
6.3167	9.5299
6.3333	9.5417
6.35	9.5417
6.3667	9.5417
6.3833	9.5417
6.4	9.5299
6.4167	9.5299
6.4333	9.5417
6.45	9.5534
6.4667	9.5534
6.4833	9.5417
6.5	9.5417
6.5167	9.5417
6.5333	9.5417
6.55	9.5417
6.5667	9.5417
6.5833	9.5651
6.6	9.5651
6.6167	9.5651
6.6333	9.5768
6.65	9.5886
6.6667	9.5768
6.6833	9.5768
6.7	9.5768
6.7167	9.5768
6.7333	9.5651
6.75	9.5651
6.7667	9.5651
6.7833	9.5651
6.8	9.5534
6.8167	9.5534
6.8333	9.5534
6.85	9.5768
6.8667	9.5768
6.8833	9.5768
6.9	9.5651
6.9167	9.5534
6.9333	9.5299
6.95	9.5299
6.9667	9.5182
6.9833	9.5182
7	9.5182
7.0167	9.5065
7.0333	9.4948
7.05	9.4948
7.0667	9.4831
7.0833	9.4713
7.1	9.4713
7.1167	9.4479
7.1333	9.4362
7.15	9.4245
7.1667	9.4127
7.1833	9.401
7.2	9.401
7.2167	9.3893
7.2333	9.3776
7.25	9.3541
7.2667	9.3541
7.2833	9.3659
7.3	9.3776
7.3167	9.3893
7.3333	9.3893
7.35	9.4127
7.3667	9.3424
7.3833	9.319
7.4	9.2955
7.4167	9.2838
7.4333	9.2721
7.45	9.2721
7.4667	9.2955
7.4833	9.3307
7.5	9.2955
7.5167	9.2252
7.5333	9.2135
7.55	9.2369
7.5667	9.2486
7.5833	9.2604
7.6	9.3541
7.6167	9.401
7.6333	9.4245
7.65	9.4362
7.6667	9.4479
7.6833	9.4479
7.7	9.4479
7.7167	9.4713
7.7333	9.4596
7.75	9.4596
7.7667	9.4596
7.7833	9.4479
7.8	9.4479
7.8167	9.4479
7.8333	9.4479
7.85	9.4479
7.8667	9.4479
7.8833	9.4362
7.9	9.4362
7.9167	9.4362
7.9333	9.4362
7.95	9.4362
7.9667	9.4362
7.9833	9.4362
8	9.4245
8.0167	9.4245
8.0333	9.4127
8.05	9.4127
8.0667	9.401
8.0833	9.3541
8.1	9.3776
8.1167	9.3776
8.1333	9.3659
8.15	9.3541
8.1667	9.3424
8.1833	9.319
8.2	9.2955
8.2167	9.2721
8.2333	9.2604
8.25	9.2369
8.2667	9.2252
8.2833	9.2252
8.3	9.2252
8.3167	9.1549
8.3333	9.0963
8.35	9.1783
8.3667	9.1432
8.3833	9.1314
8.4	9.1432
8.4167	9.1314
8.4333	9.108
8.45	9.1197
8.4667	9.1197
8.4833	9.1314
8.5	9.1432
8.5167	9.1432
8.5333	9.1314
8.55	9.1432
8.5667	9.1314
8.5833	9.1314
8.6	9.1314
8.6167	9.1314
8.6333	9.1314
8.65	9.1197
8.6667	9.1197
8.6833	9.1197
8.7	9.108
8.7167	9.0611
8.7333	9.0494
8.75	9.1197
8.7667	9.1549
8.7833	9.1666
8.8	9.1549
8.8167	9.1432
8.8333	9.1432
8.85	9.1197
8.8667	9.108
8.8833	9.0963
8.9	9.0845
8.9167	9.0728
8.9333	9.0728
8.95	9.0611
8.9667	9.0611
8.9833	9.0494
9	9.0494
9.0167	9.0377
9.0333	9.0377
9.05	9.0494
9.0667	9.0611
9.0833	9.0728
9.1	9.0494
9.1167	9.0025
9.1333	8.9908
9.15	9.0142
9.1667	9.0259
9.1833	9.0142
9.2	9.0142
9.2167	9.0142
9.2333	9.0142
9.25	9.0025
9.2667	9.0025
9.2833	9.0142
9.3	9.0259
9.3167	9.0142
9.3333	8.9673
9.35	8.9556
9.3667	8.9556
9.3833	9.0494
9.4	8.9908
9.4167	8.9791
9.4333	8.9791
9.45	8.9908
9.4667	8.9908
9.4833	9.0142
9.5	9.0259
9.5167	9.0142
9.5333	9.0142
9.55	9.0259
9.5667	9.0142
9.5833	9.0142
9.6	9.0142
9.6167	9.0142
9.6333	9.0259
9.65	8.9791
9.6667	8.9556
9.6833	8.9439
9.7	8.9439
9.7167	9.0494
9.7333	9.0025
9.75	9.0025
9.7667	8.9908
9.7833	8.9908
9.8	8.9908
9.8167	8.9908
9.8333	8.9908
9.85	9.0025
9.8667	9.0025
9.8833	8.9908
9.9	8.9908
9.9167	8.9908
9.9333	8.9908
9.95	8.9908
9.9667	8.9791
9.9833	8.9791
10	8.9791
10.0167	8.9791
10.0333	8.9791
10.05	8.9673
10.0667	8.9556
10.0833	8.9673
10.1	8.9673
10.1167	8.9791
10.1333	8.9673
10.15	8.9673
10.1667	8.9791
10.1833	8.9908
10.2	8.9908
10.2167	9.0025
10.2333	9.0025
10.25	8.9908
10.2667	8.9791
10.2833	8.9791
10.3	8.9791
10.3167	8.9791
10.3333	8.9791
10.35	8.9556
10.3667	8.9439
10.3833	8.9556
10.4	8.9556
10.4167	8.9556
10.4333	8.9673
10.45	8.9673
10.4667	8.9791
10.4833	8.9673
10.5	8.9673
10.5167	8.9556
10.5333	8.9556
10.55	8.9439
10.5667	8.9322
10.5833	8.9322
10.6	8.9322
10.6167	8.9439
10.6333	8.9556
10.65	8.9673
10.6667	8.9673
10.6833	8.9791
10.7	8.9791
10.7167	8.9908
10.7333	8.9556
10.75	8.9556
10.7667	8.9556
10.7833	8.9556
10.8	8.9556
10.8167	8.9556
10.8333	8.9556
10.85	8.9556
10.8667	8.9556
10.8833	8.9439
10.9	8.9439
10.9167	8.9322
10.9333	8.9087
10.95	8.9087
10.9667	8.9087
10.9833	8.9205
11	8.9439
11.0167	8.9439
11.0333	8.9439
11.05	8.9439
11.0667	8.9439
11.0833	8.9556
11.1	8.9556
11.1167	8.9205
11.1333	8.9087
11.15	8.9205
11.1667	8.9087
11.1833	8.9087
11.2	8.9087
11.2167	8.9087
11.2333	8.9087
11.25	8.9087
11.2667	8.9087
11.2833	8.9087
11.3	8.897
11.3167	8.897
11.3333	8.897
11.35	8.9087
11.3667	8.9087
11.3833	8.9087
11.4	8.9087
11.4167	8.9205
11.4333	8.9205
11.45	8.9205
11.4667	8.9322
11.4833	8.9205
11.5	8.9205
11.5167	8.9087
11.5333	8.9087
11.55	8.9087
11.5667	8.9087
11.5833	8.9087
11.6	8.897
11.6167	8.897
11.6333	8.897
11.65	8.8853
11.6667	8.8853
11.6833	8.8736
11.7	8.897
11.7167	8.897
11.7333	8.897
11.75	8.8853
11.7667	8.8853
11.7833	8.8853
11.8	8.8736
11.8167	8.8736
11.8333	8.8736
11.85	8.8853
11.8667	8.8853
11.8833	8.897
11.9	8.897
11.9167	8.897
11.9333	8.897
11.95	8.9087
11.9667	8.9087
11.9833	8.9087
12	8.8853
12.0167	8.8853
12.0333	8.8853
12.05	8.8736
12.0667	8.8267
12.0833	8.8032
12.1	8.8032
12.1167	8.8032
12.1333	8.8032
12.15	8.7915
12.1667	8.8032
12.1833	8.7915
12.2	8.7915
12.2167	8.7915
12.2333	8.8032
12.25	8.8032
12.2667	8.7915
12.2833	8.7915
12.3	8.8032
12.3167	8.7915
12.3333	8.8267
12.35	8.8501
12.3667	8.8501
12.3833	8.8501
12.4	8.8501
12.4167	8.8501
12.4333	8.8501
12.45	8.8501
12.4667	8.8384
12.4833	8.8384
12.5	8.8267
12.5167	8.8267
12.5333	8.8267
12.55	8.8267
12.5667	8.8267
12.5833	8.8267
12.6	8.815
12.6167	8.815
12.6333	8.8032
12.65	8.7915
12.6667	8.7681
12.6833	8.7681
12.7	8.7681
12.7167	8.7681
12.7333	8.7681
12.75	8.7681
12.7667	8.7681
12.7833	8.7681
12.8	8.7681
12.8167	8.7681
12.8333	8.7681
12.85	8.7681
12.8667	8.7681
12.8833	8.7798
12.9	8.7798
12.9167	8.8032
12.9333	8.8032
12.95	8.815
12.9667	8.815
12.9833	8.815
13	8.815
13.0167	8.8267
13.0333	8.815
13.05	8.815
13.0667	8.815
13.0833	8.8032
13.1	8.8032
13.1167	8.7915
13.1333	8.7915
13.15	8.7915
13.1667	8.7915
13.1833	8.7915
13.2	8.7915
13.2167	8.7915
13.2333	8.7915
13.25	8.7798
13.2667	8.7798
13.2833	8.7798
13.3	8.7681
13.3167	8.7681
13.3333	8.7681
13.35	8.7681
13.3667	8.7681
13.3833	8.7681
13.4	8.7681
13.4167	8.7681
13.4333	8.7564
13.45	8.7681
13.4667	8.7681
13.4833	8.7681
13.5	8.7681
13.5167	8.7564
13.5333	8.7681
13.55	8.7564
13.5667	8.7681
13.5833	8.7681
13.6	8.7798
13.6167	8.7798
13.6333	8.7798
13.65	8.7798
13.6667	8.7798
13.6833	8.7798
13.7	8.7798
13.7167	8.7798
13.7333	8.7798
13.75	8.7798
13.7667	8.7798
13.7833	8.7798
13.8	8.7681
13.8167	8.7681
13.8333	8.7681
13.85	8.7564
13.8667	8.7564
13.8833	8.7564
13.9	8.7564
13.9167	8.7564
13.9333	8.7564
13.95	8.7564
13.9667	8.7564
13.9833	8.7446
14	8.7446
14.0167	8.7446
14.0333	8.7446
14.05	8.7446
14.0667	8.7446
14.0833	8.7446
14.1	8.7446
14.1167	8.7446
14.1333	8.7446
14.15	8.7446
14.1667	8.7446
14.1833	8.7446
14.2	8.7446
14.2167	8.7446
14.2333	8.7446
14.25	8.7446
14.2667	8.7564
14.2833	8.7446
14.3	8.7564
14.3167	8.7564
14.3333	8.7564
14.35	8.7564
14.3667	8.7564
14.3833	8.7564
14.4	8.7564
14.4167	8.7564
14.4333	8.7446
14.45	8.7446
14.4667	8.7446
14.4833	8.7446
14.5	8.7446
14.5167	8.7446
14.5333	8.7446
14.55	8.7446
14.5667	8.7446
14.5833	8.7446
14.6	8.7446
14.6167	8.7446
14.6333	8.7446
14.65	8.7446
14.6667	8.7446
14.6833	8.7446
14.7	8.7446
14.7167	8.7446
14.7333	8.7446
14.75	8.7446
14.7667	8.7446
14.7833	8.7446
14.8	8.7446
14.8167	8.7446
14.8333	8.7446
14.85	8.7446
14.8667	8.7446
14.8833	8.7329
14.9	8.7329
14.9167	8.7329
14.9333	8.7329
14.95	8.7446
14.9667	8.7329
14.9833	8.7446
15	8.7446
15.0167	8.7446
15.0333	8.7446
15.05	8.7329
15.0667	8.7329
15.0833	8.7329
15.1	8.7329
15.1167	8.7329
15.1333	8.7329
15.15	8.7329
15.1667	8.7329
15.1833	8.7329
15.2	8.7329
15.2167	8.7329
15.2333	8.7329
15.25	8.7329
15.2667	8.7212
15.2833	8.7329
15.3	8.7212
15.3167	8.7212
15.3333	8.7212
15.35	8.7212
15.3667	8.7212
15.3833	8.7212
15.4	8.7212
15.4167	8.7212
15.4333	8.7212
15.45	8.7212
15.4667	8.7212
15.4833	8.7329
15.5	8.7329
15.5167	8.7329
15.5333	8.7329
15.55	8.7329
15.5667	8.7329
15.5833	8.7329
15.6	8.7329
15.6167	8.7329
15.6333	8.7329
15.65	8.7329
15.6667	8.7329
15.6833	8.7329
15.7	8.7329
15.7167	8.7329
15.7333	8.7329
15.75	8.7329
15.7667	8.7329
15.7833	8.7329
15.8	8.7329
15.8167	8.7212
15.8333	8.7212
15.85	8.7212
15.8667	8.7212
15.8833	8.7212
15.9	8.7212
15.9167	8.7212
15.9333	8.7212
15.95	8.7212
15.9667	8.7212
15.9833	8.7212
16	8.7329
16.0167	8.7212
16.0333	8.7212
16.05	8.7212
16.0667	8.7212
16.0833	8.7212
16.1	8.7212
16.1167	8.7212
16.1333	8.7212
16.15	8.7095
16.1667	8.7095
16.1833	8.7095
16.2	8.7095
16.2167	8.7095
16.2333	8.6978
16.25	8.6978
16.2667	8.6978
16.2833	8.6978
16.3	8.6978
16.3167	8.686
16.3333	8.686
16.35	8.686
16.3667	8.686
16.3833	8.686
16.4	8.686
16.4167	8.686
16.4333	8.686
16.45	8.686
16.4667	8.686
16.4833	8.686
16.5	8.686
16.5167	8.686
16.5333	8.686
16.55	8.686
16.5667	8.686
16.5833	8.686
16.6	8.686
16.6167	8.686
16.6333	8.686
16.65	8.686
16.6667	8.686
16.6833	8.686
16.7	8.6743
16.7167	8.6743
16.7333	8.6743
16.75	8.6743
16.7667	8.6743
16.7833	8.6743
16.8	8.6743
16.8167	8.6743
16.8333	8.6743
16.85	8.6743
16.8667	8.6743
16.8833	8.686
16.9	8.6743
16.9167	8.686
16.9333	8.686
16.95	8.686
16.9667	8.686
16.9833	8.686
17	8.686
17.0167	8.686
17.0333	8.686
17.05	8.686
17.0667	8.686
17.0833	8.686
17.1	8.6743
17.1167	8.6743
17.1333	8.6743
17.15	8.6743
17.1667	8.6743
17.1833	8.6743
17.2	8.6743
17.2167	8.6743
17.2333	8.6743
17.25	8.6743
17.2667	8.6743
17.2833	8.6743
17.3	8.6626
17.3167	8.6626
17.3333	8.6626
17.35	8.6626
17.3667	8.6626
17.3833	8.6626
17.4	8.6509
17.4167	8.6626
17.4333	8.6626
17.45	8.6626
17.4667	8.6626
17.4833	8.6626
17.5	8.6626
17.5167	8.6626
17.5333	8.6626
17.55	8.6509
17.5667	8.6626
17.5833	8.6509
17.6	8.6626
17.6167	8.6509
17.6333	8.6509
17.65	8.6509
17.6667	8.6509
17.6833	8.6509
17.7	8.6509
17.7167	8.6626
17.7333	8.6509
17.75	8.6626
17.7667	8.6626
17.7833	8.6626
17.8	8.6626
17.8167	8.6626
17.8333	8.6626
17.85	8.6626
17.8667	8.6626
17.8833	8.6626
17.9	8.6626
17.9167	8.6626
17.9333	8.6626
17.95	8.6509
17.9667	8.6626
17.9833	8.6626
18	8.6509
18.0167	8.6626
18.0333	8.6509
18.05	8.6626
18.0667	8.6509
18.0833	8.6509
18.1	8.6509
18.1167	8.6509
18.1333	8.6509
18.15	8.6509
18.1667	8.6509
18.1833	8.6509
18.2	8.6509
18.2167	8.6392
18.2333	8.6509
18.25	8.6509
18.2667	8.6509
18.2833	8.6392
18.3	8.6509
18.3167	8.6509
18.3333	8.6626
18.35	8.6626
18.3667	8.6626
18.3833	8.6626
18.4	8.6626
18.4167	8.6626
18.4333	8.6626
18.45	8.6626
18.4667	8.6626
18.4833	8.6626
18.5	8.6626
18.5167	8.6626
18.5333	8.6626
18.55	8.6626
18.5667	8.6626
18.5833	8.6509
18.6	8.6509
18.6167	8.6626
18.6333	8.6509
18.65	8.6509
18.6667	8.6509
18.6833	8.6509
18.7	8.6509
18.7167	8.6509
18.7333	8.6509
18.75	8.6509
18.7667	8.6509
18.7833	8.6509
18.8	8.6509
18.8167	8.6509
18.8333	8.6509
18.85	8.6509
18.8667	8.6509
18.8833	8.6509
18.9	8.6509
18.9167	8.6392
18.9333	8.6392
18.95	8.6509
18.9667	8.6392
18.9833	8.6392
19	8.6509
19.0167	8.6392
19.0333	8.6392
19.05	8.6392
19.0667	8.6392
19.0833	8.6392
19.1	8.6392
19.1167	8.6392
19.1333	8.6392
19.15	8.6392
19.1667	8.6274
19.1833	8.6274
19.2	8.6274
19.2167	8.6274
19.2333	8.6274
19.25	8.6274
19.2667	8.6274
19.2833	8.6274
19.3	8.6157
19.3167	8.6157
19.3333	8.6157
19.35	8.6157
19.3667	8.6157
19.3833	8.6157
19.4	8.6157
19.4167	8.6157
19.4333	8.6157
19.45	8.6157
19.4667	8.6157
19.4833	8.604
19.5	8.604
19.5167	8.604
19.5333	8.604
19.55	8.604
19.5667	8.604
19.5833	8.604
19.6	8.604
19.6167	8.604
19.6333	8.604
19.65	8.604
19.6667	8.604
19.6833	8.604
19.7	8.604
19.7167	8.604
19.7333	8.5923
19.75	8.5923
19.7667	8.5923
19.7833	8.5923
19.8	8.5923
19.8167	8.5923
19.8333	8.5923
19.85	8.5923
19.8667	8.5923
19.8833	8.5923
19.9	8.5923
19.9167	8.5923
19.9333	8.5923
19.95	8.5923
19.9667	8.604
19.9833	8.604
20	8.604
20.0167	8.604
20.0333	8.5923
20.05	8.5923
20.0667	8.5923
20.0833	8.5923
20.1	8.5923
20.1167	8.5923
20.1333	8.5923
20.15	8.5805
20.1667	8.5923
20.1833	8.5805
20.2	8.5805
20.2167	8.5805
20.2333	8.5805
20.25	8.5805
20.2667	8.5923
20.2833	8.5805
20.3	8.5805
20.3167	8.5805
20.3333	8.5805
20.35	8.5805
20.3667	8.5805
20.3833	8.5805
20.4	8.5805
20.4167	8.5805
20.4333	8.5805
20.45	8.5805
20.4667	8.5805
20.4833	8.5805
20.5	8.5805
20.5167	8.5805
20.5333	8.5805
20.55	8.5688
20.5667	8.5688
20.5833	8.5688
20.6	8.5688
20.6167	8.5688
20.6333	8.5688
20.65	8.5688
20.6667	8.5688
20.6833	8.5688
20.7	8.5571
20.7167	8.5571
20.7333	8.5571
20.75	8.5688
20.7667	8.5571
20.7833	8.5571
20.8	8.5688
20.8167	8.5688
20.8333	8.5571
20.85	8.5688
20.8667	8.5571
20.8833	8.5571
20.9	8.5571
20.9167	8.5571
20.9333	8.5571
20.95	8.5571
20.9667	8.5571
20.9833	8.5571
21	8.5571
21.0167	8.5571
21.0333	8.5571
21.05	8.5571
21.0667	8.5571
21.0833	8.5571
21.1	8.5571
21.1167	8.5571
21.1333	8.5454
21.15	8.5454
21.1667	8.5454
21.1833	8.5454
21.2	8.5454
21.2167	8.5454
21.2333	8.5454
21.25	8.5454
21.2667	8.5454
21.2833	8.5454
21.3	8.5454
21.3167	8.5454
21.3333	8.5454
21.35	8.5454
21.3667	8.5454
21.3833	8.5454
21.4	8.5454
21.4167	8.5454
21.4333	8.5454
21.45	8.5454
21.4667	8.5454
21.4833	8.5454
21.5	8.5337
21.5167	8.5337
21.5333	8.5337
21.55	8.5337
21.5667	8.5337
21.5833	8.5337
21.6	8.5337
21.6167	8.5337
21.6333	8.5337
21.65	8.5337
21.6667	8.5337
21.6833	8.5337
21.7	8.5337
21.7167	8.5337
21.7333	8.5337
21.75	8.5337
21.7667	8.5337
21.7833	8.5337
21.8	8.5337
21.8167	8.5337
21.8333	8.5337
21.85	8.5337
21.8667	8.5337
21.8833	8.5219
21.9	8.5219
21.9167	8.5219
21.9333	8.5219
21.95	8.5219
21.9667	8.5219
21.9833	8.5219
22	8.5219
22.0167	8.5219
22.0333	8.5219
22.05	8.5219
22.0667	8.5219
22.0833	8.5219
22.1	8.5219
22.1167	8.5219
22.1333	8.5219
22.15	8.5219
22.1667	8.5219
22.1833	8.5219
22.2	8.5219
22.2167	8.5219
22.2333	8.5219
22.25	8.4985
22.2667	8.4985
22.2833	8.5219
22.3	8.5219
22.3167	8.5102
22.3333	8.5102

  