title = "bemidji water level data"
variables = "time","water level"
zone t = "310_wl", f=point
30461.00	424.015
30475.00	424.012
30483.00	424.02
30488.00	424.03
30566.00	424.079
30610.00	424.061
30715.00	424.027
30739.00	423.93
30778.00	423.939
30785.00	423.948
30799.00	423.969
30806.00	424.03
30830.00	424.046
30839.00	424.052
30848.00	424.113
30854.00	424.204
30861.00	424.225
30869.00	424.219
30881.00	424.207
30888.00	424.195
30897.00	424.137
30904.00	424.119
30911.00	424.088
30917.00	424.101
30925.00	424.07
30934.00	424.055
30945.00	424.03
30979.00	424.067
30986.00	424.101
30993.00	424.11
31002.00	424.094
31007.00	424.101
31016.00	424.094
31021.00	424.073
31029.00	424.064
31039.00	424.033
31046.00	424.024
31053.00	424.018
31060.00	424.003
31076.00	423.976
31081.00	423.969
31088.00	423.954
31095.00	423.942
31102.00	423.933
31109.00	423.918
31116.00	423.912
31123.00	423.905
31130.00	423.942
31137.00	423.942
31144.00	423.951
31150.00	423.948
31151.00	423.957
31158.00	423.966
31165.00	423.979
31172.00	424.046
31179.00	424.14
31186.00	424.177
31193.00	424.189
31200.00	424.219
31207.00	424.229
31214.00	424.232
31216.00	424.222
31228.00	424.247
31235.00	424.232
31242.00	424.225
31249.00	424.232
31256.00	424.232
31263.00	424.235
31270.00	424.241
31272.00	424.235
31277.00	424.232
31284.00	424.241
31291.00	424.238
31298.00	424.238
31305.00	424.244
31312.00	424.225
31319.00	424.216
31326.00	424.204
31333.00	424.192
31340.00	424.189
31347.00	424.18
31431.00	424.097
31437.00	424.079
31445.00	424.061
31451.00	424.049
31458.00	424.049
31465.00	424.033
31473.00	424.03
31480.00	424.027
31487.00	424.012
31493.00	424.006
31500.00	424.055
31507.00	424.064
31515.00	424.094
31522.00	424.076
31529.00	424.137
31537.00	424.165
31551.00	424.216
31578.00	424.192
31592.00	424.198
31602.00	424.165
31606.00	424.158
31614.00	424.149
31719.00	424.046
31760.00	424.043
31774.00	423.994
31780.00	423.985
31788.00	423.979
31903.00	423.939
32047.00	424.189
32231.00	423.969
32235.00	423.988
32242.00	424.015
32245.00	424.03
32263.00	424.055
32297.00	424.113
32313.00	424.012
32320.00	423.957
32321.00	424.018
32351.00	423.973
32410.00	423.905
32411.00	423.893
32476.00	423.875
32605.00	423.855
32613.00	423.896
32641.00	424.026
32660.00	424.015
32743.00	423.93
32759.00	423.927
32800.00	423.909
32808.00	423.915
33257.00	423.703
33312.00	423.659
33679.00	423.74
33686.00	423.76
33695.00	423.73
33699.00	423.79
33700.00	423.79
33702.00	423.796
33709.00	423.751
33771.00	423.825
34010.00	423.861
34033.00	423.84
34044.00	423.826
34058.00	423.841
34075.00	423.881
34086.00	423.912
34100.00	423.952
34110.00	423.967
34134.75	423.905952
34135.00	423.905952
34135.25	423.905952
34135.50	423.905952
34135.75	423.918144
34136.00	423.921192
34136.25	423.918144
34136.50	423.918144
34136.75	423.918144
34137.00	423.918144
34137.25	423.918144
34250.00	423.942528
34251.00	423.942528
34252.00	423.945576
34253.00	423.945576
34254.00	423.942528
34255.00	423.93948
34256.00	423.93948
34257.00	423.93948
34258.00	423.93948
34259.00	423.93948
34260.00	423.936432
34261.00	423.936432
34262.00	423.936432
34263.00	423.933384
34264.00	423.933384
34265.00	423.933384
34266.00	423.930336
34267.00	423.930336
34268.00	423.927288
34269.00	423.930336
34270.00	423.933384
34271.00	423.92424
34272.00	423.921192
34273.00	423.921192
34274.00	423.921192
34275.00	423.921192
34276.00	423.921192
34277.00	423.921192
34278.00	423.918144
34279.00	423.915096
34280.00	423.918144
34281.00	423.915096
34282.00	423.915096
34283.00	423.915096
34284.00	423.915096
34285.00	423.915096
34286.00	423.915096
34287.00	423.909
34288.00	423.909
34289.00	423.909
34290.00	423.905952
34291.00	423.909
34292.00	423.909
34293.00	423.905952
34294.00	423.905952
34295.00	423.899856
34296.00	423.899856
34297.00	423.896808
34298.00	423.899856
34299.00	423.899856
34300.00	423.899856
34301.00	423.899856
34302.00	423.89376
34303.00	423.89376
34304.00	423.896808
34305.00	423.89376
34306.00	423.89376
34307.00	423.89376
34308.00	423.89376
34309.00	423.89376
34310.00	423.89376
34311.00	423.89376
34312.00	423.89376
34313.00	423.887664
34314.00	423.890712
34315.00	423.89376
34316.00	423.887664
34317.00	423.881568
34318.00	423.881568
34319.00	423.881568
34320.00	423.881568
34321.00	423.881568
34322.00	423.881568
34323.00	423.881568
34324.00	423.87852
34325.00	423.87852
34326.00	423.875472
34327.00	423.87852
34328.00	423.875472
34329.00	423.872424
34330.00	423.869376
34331.00	423.872424
34332.00	423.869376
34333.00	423.872424
34334.00	423.869376
34335.00	423.869376
34336.00	423.866328
34337.00	423.869376
34338.00	423.866328
34339.00	423.866328
34340.00	423.866328
34341.00	423.860232
34342.00	423.857184
34343.00	423.857184
34344.00	423.857184
34345.00	423.857184
34346.00	423.854136
34347.00	423.854136
34348.00	423.854136
34349.00	423.851088
34350.00	423.851088
34351.00	423.851088
34352.00	423.851088
34353.00	423.84804
34354.00	423.84804
34355.00	423.844992
34356.00	423.844992
34357.00	423.844992
34358.00	423.844992
34359.00	423.841944
34360.00	423.841944
34361.00	423.841944
34362.00	423.841944
34363.00	423.838896
34364.00	423.838896
34365.00	423.8328
34366.00	423.829752
34367.00	423.8328
34368.00	423.8328
34369.00	423.829752
34370.00	423.829752
34371.00	423.826704
34372.00	423.823656
34373.00	423.823656
34374.00	423.823656
34375.00	423.820608
34376.00	423.820608
34377.00	423.81756
34378.00	423.81756
34379.00	423.81756
34380.00	423.814512
34381.00	423.814512
34382.00	423.811464
34383.00	423.811464
34384.00	423.808
34385.00	423.808
34386.00	423.805
34387.00	423.802
34388.00	423.802
34389.00	423.802
34390.00	423.799
34391.00	423.796
34392.00	423.796
34393.00	423.796
34394.00	423.796
34395.00	423.793
34396.00	423.793
34397.00	423.793
34398.00	423.793
34399.00	423.793
34400.00	423.796
34401.00	423.796
34460.00	423.869
34461.00	423.869
34462.00	423.872
34463.00	423.875
34464.00	423.879
34465.00	423.882
34466.00	423.882
34467.00	423.888
34468.00	423.891
34469.00	423.891
34470.00	423.894
34471.00	423.894
34472.00	423.894
34473.00	423.897
34474.00	423.900
34475.00	423.903
34476.00	423.903
34477.00	423.903
34478.00	423.903
34479.00	423.903
34480.00	423.906
34481.00	423.906
34482.00	423.909
34483.00	423.909
34484.00	423.912
34485.00	423.912
34486.00	423.912
34487.00	423.912
34488.00	423.909
34489.00	423.909
34490.00	423.909
34491.00	423.909
34492.00	423.909
34493.00	423.909
34494.00	423.909
34495.00	423.909
34496.00	423.909
34497.00	423.909
34498.00	423.906
34499.00	423.900
34500.00	423.900
34501.00	423.900
34502.00	423.900
34503.00	423.900
34504.00	423.903
34505.00	423.903
34506.00	423.903
34507.00	423.903
34508.00	423.909
34509.00	423.915
34510.00	423.921
34511.00	423.921
34512.00	423.921
34513.00	423.921
34514.00	423.924
34515.00	423.927
34516.00	423.927
34517.00	423.927
34518.00	423.927
34519.00	423.933
34520.00	423.933
34522.00	423.933
34523.00	423.933
34524.00	423.933
34525.00	423.933
34526.00	423.933
34527.00	423.933
34528.00	423.933
34529.00	423.933
34530.00	423.933
34531.00	423.933
34532.00	423.933
34533.00	423.939
34534.00	423.949
34535.00	423.949
34536.00	423.952
34537.00	423.955
34538.00	423.961
34539.00	423.964
34540.00	423.967
34541.00	423.970
34542.00	423.973
34543.00	423.976
34544.00	423.976
34545.00	423.982
34546.00	423.985
34547.00	423.985
34548.00	423.985
34549.00	423.988
34550.00	423.988
34551.00	423.988
34552.00	423.991
34553.00	423.994
34554.00	423.991
34555.00	423.994
34556.00	423.994
34557.00	423.994
34558.00	423.997
34559.00	423.994
34560.00	423.994
34561.00	423.994
34562.00	423.994
34563.00	423.994
34564.00	423.994
34565.00	423.994
34566.00	423.991
34567.00	423.991
34568.00	423.991
34569.00	423.991
34570.00	423.988
34571.00	423.985
34572.00	423.985
34573.00	423.988
34574.00	423.988
34575.00	423.985
34576.00	423.985
34577.00	423.985
34578.00	423.985
34579.00	423.985
34580.00	423.985
34581.00	423.985
34582.00	423.985
34583.00	423.985
34584.00	423.985
34585.00	423.985
34586.00	423.985
34587.00	423.982
34588.00	423.976
34617.00	423.955
34618.00	423.955
34619.00	423.958
34620.00	423.961
34621.00	423.958
34622.00	423.958
34623.00	423.958
34624.00	423.961
34625.00	423.961
34626.00	423.961
34627.00	423.961
34628.00	423.961
34629.00	423.961
34630.00	423.964
34631.00	423.970
34632.00	423.970
34633.00	423.970
34634.00	423.970
34635.00	423.970
34636.00	423.970
34637.00	423.970
34638.00	423.970
34639.00	423.970
34640.00	423.973
34641.00	423.976
34642.00	423.976
34643.00	423.976
34644.00	423.976
34645.00	423.976
34646.00	423.976
34647.00	423.976
34648.00	423.976
34649.00	423.976
34650.00	423.976
34651.00	423.979
34652.00	423.979
34653.00	423.979
34654.00	423.979
34655.00	423.979
34656.00	423.979
34657.00	423.982
34658.00	423.979
34659.00	423.979
34660.00	423.982
34661.00	423.982
34662.00	423.979
34663.00	423.979
34664.00	423.979
34665.00	423.982
34666.00	423.982
34667.00	423.982
34668.00	423.982
34669.00	423.982
34670.00	423.982
34671.00	423.982
34672.00	423.985
34673.00	423.985
34674.00	423.985
34675.00	423.985
34676.00	423.985
34677.00	423.985
34678.00	423.985
34679.00	423.985
34680.00	423.985
34681.00	423.985
34682.00	423.994
34683.00	423.994
34684.00	423.994
34685.00	423.994
34686.00	423.994
34687.00	423.994
34688.00	423.994
34689.00	423.991
34690.00	423.991
34691.00	423.991
34692.00	423.991
34693.00	423.991
34694.00	423.991
34695.00	423.991
34696.00	423.982
34697.00	423.982
34698.00	423.982
34699.00	423.982
34700.00	423.982
34701.00	423.979
34703.00	423.985
34704.00	423.991
34705.00	423.988
34706.00	423.985
34707.00	423.982
34708.00	423.976
34709.00	423.976
34710.00	423.979
34711.00	423.973
34712.00	423.973
34713.00	423.970
34714.00	423.970
34715.00	423.970
34716.00	423.970
34717.00	423.964
34718.00	423.961
34719.00	423.961
34720.00	423.961
34721.00	423.958
34722.00	423.958
34723.00	423.955
34724.00	423.952
34725.00	423.952
34726.00	423.952
34727.00	423.949
34728.00	423.946
34729.00	423.949
34730.00	423.949
34731.00	423.943
34732.00	423.939
34733.00	423.936
34734.00	423.933
34735.00	423.933
34736.00	423.933
34737.00	423.927
34738.00	423.927
34739.00	423.927
34740.00	423.927
34741.00	423.924
34742.00	423.924
34743.00	423.921
34744.00	423.921
34745.00	423.921
34746.00	423.915
34747.00	423.915
34748.00	423.915
34749.00	423.912
34750.00	423.909
34751.00	423.909
34752.00	423.909
34753.00	423.906
34754.00	423.906
34755.00	423.906
34756.00	423.903
34757.00	423.903
34758.00	423.903
34759.00	423.903
34760.00	423.903
34761.00	423.903
34762.00	423.900
34763.00	423.900
34764.00	423.900
34765.00	423.900
34766.00	423.897
34767.00	423.897
34768.00	423.897
34769.00	423.897
34770.00	423.897
34771.00	423.900
34772.00	423.906
34773.00	423.909
34774.00	423.909
34776.00	423.946
34777.00	423.949
34778.00	423.949
34779.00	423.949
34780.00	423.949
34781.00	423.949
34782.00	423.949
34783.00	423.949
34784.00	423.949
34785.00	423.949
34786.00	423.949
34787.00	423.949
34788.00	423.952
34789.00	423.952
34790.00	423.955
34791.00	423.961
34792.00	423.958
34793.00	423.958
34794.00	423.964
34795.00	423.967
34796.00	423.967
34797.00	423.967
34798.00	423.967
34799.00	423.967
34800.00	423.967
34801.00	423.967
34802.00	423.967
34803.00	423.967
34804.00	423.970
34805.00	423.970
34806.00	423.970
34807.00	423.973
34808.00	423.973
34809.00	423.973
34810.00	423.976
34811.00	423.976
34812.00	423.979
34813.00	423.982
34814.00	423.982
34815.00	423.982
34816.00	423.985
34817.00	423.988
34818.00	423.988
34819.00	423.988
34820.00	423.991
34821.00	423.994
34822.00	423.994
34823.00	423.994
34824.00	423.994
34825.00	423.997
34826.00	424.000
34827.00	424.000
34828.00	424.000
34829.00	424.000
34830.00	424.007
34831.00	424.007
34832.00	424.010
34833.00	424.010
34834.00	424.016
34835.00	424.022
34836.00	424.028
34837.00	424.031
34838.00	424.037
34839.00	424.040
34840.00	424.043
34841.00	424.049
34842.00	424.052
34843.00	424.055
34844.00	424.058
34845.00	424.058
34846.00	424.064
34847.00	424.067
34848.00	424.071
34849.00	424.071
34850.00	424.074
34851.00	424.074
34852.00	424.077
34853.00	424.077
34854.00	424.077
34855.00	424.077
34856.00	424.080
34857.00	424.080
34858.00	424.077
34859.00	424.077
34860.00	424.077
34861.00	424.077
34862.00	424.077
34863.00	424.077
34864.00	424.077
34865.00	424.077
34866.00	424.077
34867.00	424.074
34868.00	424.071
34869.00	424.071
34870.00	424.067
34871.00	424.064
34872.00	424.061
34873.00	424.058
34874.00	424.058
34875.00	424.058
34876.00	424.055
34877.00	424.055
34878.00	424.055
34879.00	424.055
34880.00	424.052
34881.00	424.052
34882.00	424.052
34883.00	424.049
34884.00	424.046
34885.00	424.046
34886.00	424.043
34887.00	424.043
34888.00	424.043
34889.00	424.043
34890.00	424.049
34891.00	424.049
34892.00	424.052
34893.00	424.052
34894.00	424.061
34895.00	424.061
34896.00	424.067
34897.00	424.071
34898.00	424.074
34899.00	424.077
34900.00	424.077
34901.00	424.080
34902.00	424.080
34903.00	424.080
34904.00	424.080
34905.00	424.080
34906.00	424.077
34907.00	424.077
34908.00	424.077
34909.00	424.074
34910.00	424.074
34911.00	424.067
34912.00	424.064
34913.00	424.064
34914.00	424.061
34915.00	424.058
34916.00	424.058
34917.00	424.058
34918.00	424.052
34919.00	424.052
34920.00	424.049
34921.00	424.049
34922.00	424.046
34923.00	424.040
34924.00	424.040
34925.00	424.037
34926.00	424.034
34927.00	424.031
34928.00	424.025
34929.00	424.025
34930.00	424.019
34931.00	424.022
34932.00	424.022
34933.00	424.019
34934.00	424.019
34935.00	424.019
34936.00	424.019
34937.00	424.016
34938.00	424.016
34939.00	424.016
34940.00	424.016
34941.00	424.016
34942.00	424.016
34943.00	424.016
34944.00	424.013
34945.00	424.013
34946.00	424.010
34947.00	424.010
34948.00	424.010
34949.00	424.003
34950.00	424.003
34951.00	424.003
34952.00	424.003
34953.00	424.025
34954.00	424.025
34955.00	424.022
34956.00	424.019
34957.00	424.019
34958.00	424.019
34959.00	424.016
34960.00	424.016
34961.00	424.016
34962.00	424.013
34963.00	424.013
34964.00	424.013
34965.00	424.013
34966.00	424.013
34967.00	424.013
34968.00	424.013
34969.00	424.013
34970.00	424.013
34971.00	424.013
34972.00	424.013
34973.00	424.013
34974.00	424.013
34975.00	424.013
34976.00	424.013
34977.00	424.013
34978.00	424.013
34979.00	424.013
34980.00	424.016
34981.00	424.016
34982.00	424.016
34983.00	424.019
34984.00	424.019
34985.00	424.022
34986.00	424.022
34987.00	424.022
34988.00	424.022
34989.00	424.028
34990.00	424.031
34991.00	424.034
34992.00	424.034
34993.00	424.037
34994.00	424.037
34995.00	424.034
34996.00	424.034
34997.00	424.034
34998.00	424.034
34999.00	424.034
35000.00	424.034
35001.00	424.034
35002.00	424.034
35003.00	424.034
35004.00	424.034
35005.00	424.034
35006.00	424.034
35007.00	424.034
35008.00	424.034
35009.00	424.037
35010.00	424.034
35011.00	424.034
35012.00	424.037
35013.00	424.034
35014.00	424.034
35015.00	424.034
35016.00	424.034
35017.00	424.034
35018.00	424.034
35019.00	424.034
35020.00	424.034
35021.00	424.034
35022.00	424.034
35023.00	424.034
35024.00	424.034
35046.00	424.019
35047.00	424.019
35048.00	424.019
35049.00	424.019
35050.00	424.013
35051.00	424.013
35052.00	424.013
35053.00	424.013
35054.00	424.013
35055.00	424.013
35056.00	424.013
35057.00	424.010
35058.00	424.010
35059.00	424.010
35060.00	424.003
35061.00	424.000
35062.00	424.000
35063.00	424.000
35064.00	424.000
35065.00	424.000
35066.00	423.997
35067.00	423.997
35068.00	423.994
35069.00	423.994
35070.00	423.994
35071.00	423.994
35072.00	423.997
35073.00	423.994
35074.00	423.991
35075.00	423.991
35076.00	423.991
35077.00	423.991
35078.00	423.988
35079.00	423.988
35080.00	423.991
35081.00	423.988
35082.00	423.985
35083.00	423.985
35084.00	423.985
35085.00	423.985
35086.00	423.985
35087.00	423.985
35088.00	423.985
35089.00	423.985
35090.00	423.982
35091.00	423.982
35092.00	423.982
35093.00	423.982
35094.00	423.979
35095.00	423.979
35096.00	423.979
35097.00	423.976
35098.00	423.976
35099.00	423.976
35100.00	423.973
35101.00	423.976
35102.00	423.976
35103.00	423.973
35104.00	423.973
35105.00	423.970
35106.00	423.967
35107.00	423.967
35108.00	423.973
35109.00	423.970
35110.00	423.964
35111.00	423.967
35112.00	423.964
35113.00	423.967
35114.00	423.973
35115.00	423.967
35116.00	423.964
35117.00	423.964
35118.00	423.967
35119.00	423.964
35120.00	423.961
35121.00	423.961
35122.00	423.961
35123.00	423.961
35124.00	423.961
35125.00	423.964
35126.00	423.964
35127.00	423.961
35128.00	423.961
35129.00	423.961
35130.00	423.958
35131.00	423.958
35132.00	423.958
35133.00	423.958
35134.00	423.958
35135.00	423.958
35136.00	423.958
35137.00	423.958
35138.00	423.958
35139.00	423.958
35140.00	423.958
35141.00	423.958
35142.00	423.958
35143.00	423.952
35144.00	423.946
35145.00	423.949
35146.00	423.949
35147.00	423.949
35148.00	423.949
35149.00	423.949
35150.00	423.949
35151.00	423.946
35152.00	423.946
35153.00	423.927
35154.00	423.909
35155.00	423.909
35156.00	423.909
35157.00	423.909
35158.00	423.909
35159.00	423.909
35160.00	423.909
35161.00	423.909
35162.00	423.909
35163.00	423.909
35164.00	423.909
35165.00	423.909
35166.00	423.909
35167.00	423.909
35168.00	423.912
35169.00	423.915
35170.00	423.921
35171.00	423.927
35172.00	423.936
35173.00	423.946
35174.00	423.955
35175.00	423.967
35176.00	423.982
35177.00	423.991
35178.00	424.000
35179.00	424.013
35180.00	424.019
35181.00	424.022
35182.00	424.031
35183.00	424.037
35184.00	424.046
35185.00	424.055
35186.00	424.061
35187.00	424.067
35188.00	424.074
35189.00	424.080
35190.00	424.086
35191.00	424.095
35192.00	424.101
35193.00	424.107
35194.00	424.110
35195.00	424.116
35196.00	424.122
35197.00	424.128
35198.00	424.132
35199.00	424.138
35200.00	424.144
35201.00	424.147
35202.00	424.156
35203.00	424.156
35204.00	424.159
35205.00	424.159
35206.00	424.162
35207.00	424.165
35208.00	424.165
35209.00	424.165
35210.00	424.168
35211.00	424.171
35212.00	424.171
35213.00	424.174
35214.00	424.177
35215.00	424.177
35216.00	424.177
35217.00	424.177
35218.00	424.177
35219.00	424.177
35220.00	424.177
35221.00	424.180
35222.00	424.186
35223.00	424.186
35224.00	424.186
35225.00	424.186
35226.00	424.186
35227.00	424.186
35228.00	424.186
35229.00	424.183
35230.00	424.183
35231.00	424.180
35232.00	424.177
35233.00	424.177
35234.00	424.177
35235.00	424.171
35236.00	424.168
35237.00	424.168
35238.00	424.168
35239.00	424.168
35240.00	424.162
35241.00	424.156
35242.00	424.156
35243.00	424.156
35244.00	424.156
35245.00	424.156
35246.00	424.156
35247.00	424.153
35248.00	424.150
35249.00	424.144
35250.00	424.141
35251.00	424.138
35252.00	424.135
35253.00	424.128
35254.00	424.125
35255.00	424.125
35256.00	424.122
35257.00	424.116
35258.00	424.113
35259.00	424.113
35260.00	424.113
35261.00	424.110
35262.00	424.110
35263.00	424.107
35264.00	424.107
35265.00	424.104
35266.00	424.104
35267.00	424.101
35268.00	424.098
35269.00	424.098
35270.00	424.095
35271.00	424.095
35272.00	424.092
35273.00	424.092
35274.00	424.092
35275.00	424.089
35276.00	424.089
35277.00	424.086
35278.00	424.083
35279.00	424.080
35280.00	424.074
35281.00	424.071
35282.00	424.071
35283.00	424.071
35284.00	424.067
35285.00	424.064
35287.00	424.058
35288.00	424.058
35289.00	424.055
35290.00	424.052
35291.00	424.052
35292.00	424.049
35293.00	424.046
35294.00	424.046
35295.00	424.043
35296.00	424.040
35297.00	424.037
35298.00	424.037
35299.00	424.037
35300.00	424.034
35301.00	424.034
35302.00	424.031
35303.00	424.031
35304.00	424.031
35305.00	424.025
35306.00	424.022
35307.00	424.022
35308.00	424.019
35309.00	424.019
35310.00	424.013
35311.00	424.007
35312.00	424.003
35313.00	424.000
35314.00	424.000
35315.00	423.997
35316.00	423.997
35317.00	423.994
35318.00	423.988
35319.00	423.988
35320.00	423.988
35321.00	423.985
35322.00	423.985
35323.00	423.982
35324.00	423.979
35325.00	423.976
35326.00	423.973
35327.00	423.973
35328.00	423.973
35329.00	423.970
35330.00	423.967
35331.00	423.964
35332.00	423.964
35333.00	423.961
35334.00	423.961
35335.00	423.961
35336.00	423.958
35337.00	423.958
35338.00	423.955
35339.00	423.955
35340.00	423.952
35341.00	423.952
35342.00	423.952
35343.00	423.952
35344.00	423.949
35345.00	423.949
35346.00	423.949
35347.00	423.949
35348.00	423.946
35349.00	423.952
35350.00	423.949
35351.00	423.946
35352.00	423.949
35353.00	423.946
35354.00	423.946
35355.00	423.949
35356.00	423.943
35357.00	423.946
35358.00	423.946
35359.00	423.946
35360.00	423.949
35361.00	423.949
35362.00	423.952
35363.00	423.952
35364.00	423.952
35365.00	423.946
35366.00	423.949
35367.00	423.955
35368.00	423.952
35369.00	423.955
35370.00	423.961
35371.00	423.967
35372.00	423.973
35373.00	423.976
35374.00	423.979
35375.00	423.985
35376.00	423.985
35377.00	423.985
35378.00	423.985
35379.00	423.982
35380.00	423.982
35381.00	423.982
35382.00	423.982
35383.00	423.982
35384.00	423.988
35385.00	423.985
35386.00	423.988
35387.00	423.982
35388.00	423.982
35389.00	423.982
35390.00	423.979
35391.00	423.979
35392.00	423.979
35393.00	423.976
35394.00	423.976
35395.00	423.973
35396.00	423.973
35397.00	423.976
35398.00	423.976
35399.00	423.976
35400.00	423.976
35419.00	423.958
35420.00	423.955
35421.00	423.955
35422.00	423.955
35423.00	423.952
35424.00	423.952
35425.00	423.952
35426.00	423.952
35427.00	423.952
35428.00	423.949
35429.00	423.949
35430.00	423.949
35431.00	423.952
35432.00	423.949
35433.00	423.946
35434.00	423.946
35435.00	423.946
35436.00	423.943
35437.00	423.943
35438.00	423.943
35439.00	423.943
35440.00	423.943
35441.00	423.939
35442.00	423.936
35443.00	423.936
35444.00	423.936
35445.00	423.939
35446.00	423.933
35447.00	423.933
35448.00	423.936
35449.00	423.933
35450.00	423.930
35451.00	423.933
35452.00	423.927
35453.00	423.924
35454.00	423.924
35455.00	423.921
35456.00	423.921
35457.00	423.921
35458.00	423.921
35459.00	423.918
35460.00	423.924
35461.00	423.924
35462.00	423.921
35463.00	423.918
35464.00	423.918
35465.00	423.915
35466.00	423.912
35467.00	423.912
35468.00	423.912
35469.00	423.912
35470.00	423.912
35471.00	423.909
35472.00	423.909
35473.00	423.909
35474.00	423.909
35475.00	423.906
35476.00	423.903
35477.00	423.903
35478.00	423.906
35479.00	423.903
35480.00	423.900
35481.00	423.900
35482.00	423.900
35483.00	423.900
35484.00	423.897
35485.00	423.897
35486.00	423.900
35487.00	423.897
35488.00	423.891
35489.00	423.891
35490.00	423.894
35491.00	423.888
35492.00	423.888
35493.00	423.888
35494.00	423.888
35495.00	423.888
35496.00	423.888
35497.00	423.885
35498.00	423.885
35499.00	423.885
35500.00	423.882
35501.00	423.882
35502.00	423.882
35503.00	423.879
35504.00	423.879
35505.00	423.882
35506.00	423.875
35507.00	423.875
35508.00	423.879
35509.00	423.875
35510.00	423.875
35511.00	423.875
35512.00	423.875
35513.00	423.875
35514.00	423.875
35515.00	423.875
35516.00	423.872
35517.00	423.872
35518.00	423.869
35519.00	423.869
35520.00	423.872
35521.00	423.872
35522.00	423.875
35523.00	423.888
35524.00	423.891
35525.00	423.897
35526.00	423.909
35527.00	423.921
35528.00	423.939
35529.00	423.955
35530.00	423.970
35531.00	423.982
35532.00	423.991
35533.00	424.000
35534.00	424.010
35535.00	424.016
35536.00	424.028
35537.00	424.037
35538.00	424.043
35539.00	424.049
35540.00	424.055
35541.00	424.058
35542.00	424.064
35543.00	424.067
35544.00	424.071
35545.00	424.074
35546.00	424.080
35547.00	424.083
35548.00	424.089
35549.00	424.092
35550.00	424.098
35551.00	424.104
35552.00	424.107
35553.00	424.107
35554.00	424.110
35555.00	424.116
35556.00	424.116
35557.00	424.119
35558.00	424.119
35559.00	424.119
35560.00	424.125
35561.00	424.128
35562.00	424.128
35563.00	424.128
35564.00	424.128
35565.00	424.128
35566.00	424.135
35567.00	424.135
35568.00	424.138
35569.00	424.138
35570.00	424.138
35571.00	424.138
35572.00	424.138
35573.00	424.138
35574.00	424.138
35575.00	424.138
35576.00	424.138
35577.00	424.138
35578.00	424.138
35579.00	424.138
35580.00	424.138
35581.00	424.138
35582.00	424.141
35583.00	424.141
35584.00	424.141
35585.00	424.141
35586.00	424.141
35587.00	424.141
35588.00	424.141
35589.00	424.138
35590.00	424.138
35591.00	424.138
35592.00	424.138
35593.00	424.138
35594.00	424.132
35595.00	424.132
35596.00	424.132
35597.00	424.128
35598.00	424.125
35599.00	424.122
35600.00	424.122
35601.00	424.122
35602.00	424.119
35603.00	424.116
35604.00	424.116
35605.00	424.116
35606.00	424.116
35607.00	424.116
35608.00	424.116
35609.00	424.110
35610.00	424.113
35611.00	424.116
35612.00	424.122
35613.00	424.128
35614.00	424.125
35615.00	424.128
35616.00	424.135
35617.00	424.138
35618.00	424.147
35619.00	424.153
35620.00	424.159
35621.00	424.165
35622.00	424.171
35623.00	424.174
35624.00	424.177
35625.00	424.180
35626.00	424.183
35627.00	424.192
35628.00	424.196
35629.00	424.202
35630.00	424.205
35631.00	424.211
35632.00	424.217
35633.00	424.223
35634.00	424.232
35635.00	424.238
35636.00	424.244
35637.00	424.250
35638.00	424.253
35639.00	424.256
35640.00	424.256
35641.00	424.260
35642.00	424.266
35643.00	424.269
35644.00	424.269
35645.00	424.269
35646.00	424.269
35647.00	424.269
35648.00	424.269
35649.00	424.269
35650.00	424.269
35651.00	424.266
35652.00	424.260
35653.00	424.260
35654.00	424.260
35655.00	424.260
35656.00	424.260
35657.00	424.260
35658.00	424.250
35659.00	424.244
35660.00	424.244
35661.00	424.244
35662.00	424.241
35663.00	424.238
35664.00	424.235
35665.00	424.235
35666.00	424.232
35667.00	424.229
35668.00	424.226
35669.00	424.223
35670.00	424.220
35671.00	424.220
35672.00	424.217
35673.00	424.211
35674.00	424.208
35675.00	424.199
35676.00	424.199
35677.00	424.199
35678.00	424.202
35679.00	424.196
35680.00	424.192
35681.00	424.189
35682.00	424.186
35683.00	424.186
35684.00	424.183
35685.00	424.183
35686.00	424.180
35687.00	424.174
35688.00	424.174
35689.00	424.174
35690.00	424.171
35691.00	424.171
35692.00	424.165
35693.00	424.162
35694.00	424.162
35695.00	424.159
35696.00	424.156
35697.00	424.159
35698.00	424.153
35699.00	424.153
35700.00	424.153
35701.00	424.150
35702.00	424.150
35703.00	424.144
35704.00	424.144
35705.00	424.144
35706.00	424.144
35707.00	424.138
35708.00	424.138
35709.00	424.132
35710.00	424.135
35731.00	424.132
35732.00	424.132
35733.00	424.132
35734.00	424.132
35735.00	424.125
35736.00	424.125
35737.00	424.122
35738.00	424.122
35739.00	424.119
35740.00	424.116
35741.00	424.119
35742.00	424.116
35743.00	424.116
35744.00	424.116
35745.00	424.116
35746.00	424.116
35747.00	424.116
35748.00	424.113
35749.00	424.113
35750.00	424.113
35751.00	424.110
35752.00	424.110
35753.00	424.110
35754.00	424.107
35755.00	424.107
35756.00	424.107
35757.00	424.104
35758.00	424.107
35759.00	424.107
35760.00	424.101
35761.00	424.104
35762.00	424.098
35763.00	424.098
35764.00	424.098
35765.00	424.098
35766.00	424.095
35767.00	424.095
35768.00	424.095
35769.00	424.092
35770.00	424.092
35771.00	424.092
35772.00	424.089
35773.00	424.089
35774.00	424.089
35775.00	424.086
35776.00	424.086
35777.00	424.083
35778.00	424.083
35779.00	424.083
35780.00	424.080
35781.00	424.080
35782.00	424.077
35783.00	424.077
35784.00	424.077
35785.00	424.077
35786.00	424.074
35787.00	424.074
35788.00	424.074
35789.00	424.074
35790.00	424.071
35791.00	424.071
35792.00	424.071
35793.00	424.067
35794.00	424.064
35795.00	424.067
35796.00	424.067
35797.00	424.064
35798.00	424.058
35799.00	424.058
35800.00	424.058
35801.00	424.058
35802.00	424.058
35803.00	424.058
35804.00	424.058
35805.00	424.058
35806.00	424.052
35807.00	424.052
35808.00	424.049
35809.00	424.049
35810.00	424.049
35811.00	424.049
35812.00	424.046
35813.00	424.046
35814.00	424.046
35815.00	424.046
35816.00	424.037
35817.00	424.016
35818.00	424.016
35819.00	424.016
35820.00	424.016
35821.00	424.013
35822.00	424.013
35823.00	424.010
35824.00	424.010
35825.00	424.010
35826.00	424.010
35827.00	424.007
35828.00	424.003
35829.00	424.003
35830.00	424.003
35831.00	424.003
35832.00	424.000
35833.00	424.000
35834.00	424.000
35835.00	423.997
35836.00	423.997
35837.00	423.997
35838.00	423.994
35839.00	423.991
35840.00	423.991
35841.00	423.991
35842.00	423.991
35843.00	423.991
35844.00	423.988
35845.00	423.988
35846.00	423.985
35847.00	423.985
35848.00	423.985
35849.00	423.985
35850.00	423.985
35851.00	423.988
35852.00	423.991
35853.00	423.991
35854.00	423.988
35855.00	423.988
35856.00	423.991
35857.00	423.991
35858.00	423.991
35859.00	423.994
35860.00	423.994
35861.00	423.994
35862.00	423.997
35863.00	423.994
35864.00	423.994
35865.00	423.994
35866.00	424.000
35867.00	424.003
35868.00	423.997
35869.00	423.997
35870.00	423.997
35871.00	424.003
35872.00	424.013
35873.00	424.013
35874.00	424.013
35875.00	424.013
35876.00	424.010
35877.00	424.010
35878.00	424.010
35879.00	424.010
35880.00	424.013
35881.00	424.010
35882.00	424.007
35883.00	424.007
35884.00	424.007
35885.00	424.007
35886.00	424.007
35887.00	424.003
35888.00	424.003
35889.00	424.003
35890.00	424.010
35891.00	424.010
35892.00	424.010
35893.00	424.010
35894.00	424.010
35895.00	424.013
35896.00	424.013
35897.00	424.022
35898.00	424.022
35899.00	424.019
35900.00	424.019
35901.00	424.019
35902.00	424.022
35903.00	424.022
35904.00	424.022
35905.00	424.022
35906.00	424.022
35907.00	424.025
35908.00	424.031
35909.00	424.031
35910.00	424.034
35911.00	424.034
35912.00	424.034
35913.00	424.034
35914.00	424.037
35915.00	424.040
35916.00	424.043
35917.00	424.043
35918.00	424.043
35919.00	424.043
35920.00	424.043
35921.00	424.043
35922.00	424.040
35923.00	424.037
35924.00	424.034
35925.00	424.034
35926.00	424.034
35927.00	424.034
35928.00	424.031
35929.00	424.031
35930.00	424.034
35931.00	424.034
35932.00	424.037
35933.00	424.043
35934.00	424.049
35935.00	424.055
35936.00	424.061
35937.00	424.067
35938.00	424.071
35939.00	424.077
35940.00	424.077
35941.00	424.077
35942.00	424.083
35943.00	424.086
35944.00	424.086
35945.00	424.089
35946.00	424.086
35947.00	424.086
35948.00	424.086
35949.00	424.086
35950.00	424.086
35951.00	424.086
35952.00	424.086
35953.00	424.086
35954.00	424.083
35955.00	424.083
35956.00	424.083
35957.00	424.083
35958.00	424.080
35959.00	424.077
35960.00	424.077
35961.00	424.077
35962.00	424.074
35963.00	424.071
35964.00	424.074
35965.00	424.074
35966.00	424.071
35967.00	424.071
35968.00	424.071
35969.00	424.074
35970.00	424.077
35971.00	424.077
35972.00	424.077
35973.00	424.077
35974.00	424.077
35975.00	424.077
35976.00	424.077
35977.00	424.077
35978.00	424.074
35979.00	424.074
35980.00	424.074
35981.00	424.067
35982.00	424.067
35983.00	424.067
35984.00	424.067
35985.00	424.064
35986.00	424.064
35987.00	424.061
35988.00	424.061
35989.00	424.061
35990.00	424.061
35991.00	424.058
35992.00	424.058
35993.00	424.055
35994.00	424.055
35995.00	424.052
35996.00	424.049
35997.00	424.046
35998.00	424.043
35999.00	424.043
36000.00	424.040
36001.00	424.037
36002.00	424.037
36003.00	424.034
36004.00	424.031
36005.00	424.028
36006.00	424.025
36007.00	424.025
36008.00	424.019
36009.00	424.019
36010.00	424.016
36011.00	424.016
36012.00	424.013
36013.00	424.013
36014.00	424.010
36015.00	424.010
36016.00	424.003
36017.00	424.000
36018.00	424.000
36019.00	423.997
36020.00	423.994
36021.00	423.991
36022.00	423.988
36023.00	423.988
36024.00	423.982
36025.00	423.979
36026.00	423.976
36027.00	423.973
36028.00	423.973
36029.00	423.970
36030.00	423.964
36031.00	423.964
36032.00	423.964
36033.00	423.961
36034.00	423.961
36035.00	423.958
36036.00	423.955
36037.00	423.955
36038.00	423.952
36039.00	423.949
36040.00	423.949
36041.00	423.949
36042.00	423.949
36043.00	423.946
36044.00	423.946
36045.00	423.946
36046.00	423.943
36047.00	423.943
36048.00	423.939
36049.00	423.939
36050.00	423.939
36051.00	423.936
36052.00	423.936
36053.00	423.933
36054.00	423.933
36055.00	423.933
36056.00	423.933
36057.00	423.918
36058.00	423.918
36059.00	423.915
36060.00	423.915
36061.00	423.903
36062.00	423.900
36063.00	423.900
36064.00	423.897
36065.00	423.897
36066.00	423.897
36067.00	423.894
36068.00	423.894
36069.00	423.894
36070.00	423.891
36071.00	423.891
36072.00	423.891
36073.00	423.888
36074.00	423.888
36075.00	423.888
36076.00	423.888
36077.00	423.888
36078.00	423.888
36079.00	423.888
36080.00	423.888
36081.00	423.888
36082.00	423.888
36083.00	423.888
36084.00	423.888
36085.00	423.891
36086.00	423.891
36087.00	423.891
36088.00	423.891
36089.00	423.891
36090.00	423.894
36091.00	423.894
36092.00	423.894
36093.00	423.894
36094.00	423.894
36095.00	423.894
36096.00	423.894
36097.00	423.897
36098.00	423.894
36099.00	423.894
36100.00	423.894
36101.00	423.894
36102.00	423.894
36103.00	423.894
36104.00	423.894
36105.00	423.894
36106.00	423.891
36107.00	423.891
36108.00	423.891
36109.00	423.894
36110.00	423.891
36111.00	423.885
36112.00	423.888
36113.00	423.888
36114.00	423.888
36115.00	423.885
36116.00	423.885
36117.00	423.885
36118.00	423.885
36119.00	423.885
36120.00	423.885
36121.00	423.885
36122.00	423.882
36123.00	423.882
36124.00	423.885
36125.00	423.882
36126.00	423.882
36127.00	423.882
36128.00	423.885
36129.00	423.879
36130.00	423.882
36131.00	423.882
36132.00	423.879
36133.00	423.879
36134.00	423.882
36135.00	423.879
36136.00	423.879
36137.00	423.879
36138.00	423.879
36139.00	423.879
36140.00	423.879
36141.00	423.875
36142.00	423.872
36143.00	423.872
36144.00	423.872
36145.00	423.872
36146.00	423.872
36147.00	423.872
36148.00	423.869
36149.00	423.869
36150.00	423.869
36151.00	423.869
36152.00	423.872
36153.00	423.869
36154.00	423.869
36155.00	423.869
36156.00	423.866
36157.00	423.869
36158.00	423.866
36159.00	423.866
36160.00	423.863
36161.00	423.863
36162.00	423.863
36163.00	423.863
36164.00	423.863
36165.00	423.863
36166.00	423.860
36167.00	423.860
36168.00	423.860
36169.00	423.860
36170.00	423.860
36171.00	423.860
36172.00	423.857
36173.00	423.857
36174.00	423.857
36175.00	423.857
36176.00	423.857
36177.00	423.854
36178.00	423.854
36179.00	423.851
36180.00	423.851
36181.00	423.851
36182.00	423.851
36183.00	423.851
36184.00	423.848
36185.00	423.848
36186.00	423.845
36187.00	423.845
36188.00	423.845
36189.00	423.842
36190.00	423.842
36191.00	423.842
36192.00	423.845
36193.00	423.845
36194.00	423.845
36195.00	423.848
36196.00	423.851
36197.00	423.851
36198.00	423.851
36199.00	423.851
36200.00	423.848
36201.00	423.848
36202.00	423.845
36203.00	423.842
36204.00	423.839
36205.00	423.839
36206.00	423.839
36207.00	423.839
36208.00	423.839
36209.00	423.836
36210.00	423.836
36211.00	423.833
36212.00	423.833
36213.00	423.833
36214.00	423.833
36215.00	423.830
36216.00	423.827
36217.00	423.827
36218.00	423.827
36219.00	423.827
36220.00	423.827
36221.00	423.827
36222.00	423.827
36223.00	423.827
36224.00	423.824
36225.00	423.821
36226.00	423.821
36227.00	423.821
36228.00	423.818
36229.00	423.818
36230.00	423.818
36231.00	423.818
36232.00	423.818
36233.00	423.818
36234.00	423.818
36235.00	423.815
36236.00	423.811
36237.00	423.811
36238.00	423.811
36239.00	423.808
36240.00	423.808
36241.00	423.808
36242.00	423.805
36243.00	423.805
36244.00	423.805
36245.00	423.805
36246.00	423.805
36247.00	423.805
36248.00	423.818
36249.00	423.824
36250.00	423.833
36251.00	423.836
36252.00	423.839
36253.00	423.845
36254.00	423.851
36255.00	423.857
36256.00	423.863
36257.00	423.869
36258.00	423.875
36259.00	423.885
36260.00	423.900
36261.00	423.903
36262.00	423.909
36263.00	423.918
36264.00	423.927
36265.00	423.936
36266.00	423.946
36267.00	423.955
36268.00	423.964
36269.00	423.970
36270.00	423.976
36271.00	423.982
36272.00	423.991
36273.00	424.000
36274.00	424.007
36275.00	424.010
36276.00	424.016
36277.00	424.019
36278.00	424.019
36279.00	424.019
36280.00	424.019
36281.00	424.019
36282.00	424.019
36283.00	424.019
36284.00	424.019
36285.00	424.019
36286.00	424.019
36287.00	424.019
36288.00	424.019
36289.00	424.019
36290.00	424.034
36291.00	424.034
36292.00	424.034
36293.00	424.037
36294.00	424.040
36295.00	424.049
36296.00	424.061
36297.00	424.071
36298.00	424.083
36299.00	424.098
36300.00	424.132
36301.00	424.153
36302.00	424.153
36303.00	424.153
36304.00	424.153
36305.00	424.189
36306.00	424.211
36307.00	424.211
36308.00	424.211
36309.00	424.229
36310.00	424.235
36311.00	424.241
36312.00	424.244
36313.00	424.250
36314.00	424.256
36315.00	424.263
36316.00	424.275
36317.00	424.278
36318.00	424.278
36319.00	424.278
36320.00	424.278
36321.00	424.275
36322.00	424.275
36323.00	424.275
36324.00	424.275
36325.00	424.278
36326.00	424.281
36327.00	424.284
36328.00	424.293
36329.00	424.299
36330.00	424.299
36331.00	424.299
36332.00	424.299
36333.00	424.299
36334.00	424.299
36335.00	424.299
36336.00	424.299
36337.00	424.299
36338.00	424.299
36339.00	424.299
36340.00	424.299
36341.00	424.299
36342.00	424.299
36343.00	424.299
36344.00	424.299
36345.00	424.302
36346.00	424.305
36347.00	424.305
36348.00	424.308
36349.00	424.314
36350.00	424.333
36351.00	424.333
36352.00	424.336
36353.00	424.339
36354.00	424.348
36355.00	424.348
36356.00	424.351
36371.00	424.375
36395.00	424.345
36396.00	424.345
36397.00	424.345
36398.00	424.345
36399.00	424.345
36400.00	424.345
36401.00	424.345
36402.00	424.345
36403.00	424.345
36404.00	424.345
36405.00	424.348
36406.00	424.348
36407.00	424.351
36408.00	424.351
36409.00	424.351
36410.00	424.357
36411.00	424.357
36412.00	424.360
36413.00	424.360
36414.00	424.363
36415.00	424.366
36416.00	424.366
36417.00	424.366
36418.00	424.366
36419.00	424.366
36420.00	424.369
36421.00	424.369
36422.00	424.369
36423.00	424.369
36424.00	424.369
36425.00	424.369
36426.00	424.369
36427.00	424.369
36428.00	424.369
36429.00	424.369
36430.00	424.369
36431.00	424.360
36432.00	424.357
36433.00	424.357
36434.00	424.354
36435.00	424.348
36436.00	424.348
36437.00	424.348
36438.00	424.339
36439.00	424.339
36440.00	424.339
36441.00	424.339
36442.00	424.333
36443.00	424.327
36444.00	424.320
36445.00	424.320
36446.00	424.317
36447.00	424.317
36448.00	424.314
36449.00	424.308
36450.00	424.305
36451.00	424.305
36452.00	424.299
36453.00	424.299
36454.00	424.296
36455.00	424.287
36456.00	424.281
36457.00	424.281
36458.00	424.278
36459.00	424.275
36460.00	424.275
36461.00	424.272
36462.00	424.269
36463.00	424.266
36464.00	424.260
36465.00	424.253
36466.00	424.250
36467.00	424.250
36468.00	424.250
36469.00	424.244
36470.00	424.238
36471.00	424.238
36472.00	424.238
36473.00	424.235
36474.00	424.229
36475.00	424.226
36476.00	424.223
36477.00	424.223
36478.00	424.217
36479.00	424.217
36480.00	424.214
36481.00	424.211
36482.00	424.211
36483.00	424.208
36484.00	424.205
36485.00	424.205
36486.00	424.196
36487.00	424.196
36488.00	424.196
36489.00	424.196
36490.00	424.196
36491.00	424.189
36492.00	424.183
36493.00	424.180
36494.00	424.180
36495.00	424.180
36496.00	424.177
36497.00	424.174
36498.00	424.168
36499.00	424.168
36500.00	424.165
36501.00	424.165
36502.00	424.159
36503.00	424.159
36504.00	424.156
36505.00	424.156
36506.00	424.153
36507.00	424.150
36508.00	424.150
36509.00	424.147
36510.00	424.144
36511.00	424.141
36512.00	424.141
36513.00	424.138
36514.00	424.135
36515.00	424.132
36516.00	424.132
36517.00	424.128
36518.00	424.122
36519.00	424.122
36520.00	424.122
36521.00	424.208
36522.00	424.269
36523.00	424.269
36524.00	424.269
36525.00	424.263
36526.00	424.263
36527.00	424.260
36528.00	424.256
36529.00	424.256
36530.00	424.256
36531.00	424.253
36532.00	424.250
36533.00	424.250
36534.00	424.250
36535.00	424.250
36536.00	424.244
36537.00	424.241
36538.00	424.241
36539.00	424.238
36540.00	424.235
36541.00	424.226
36542.00	424.229
36543.00	424.226
36544.00	424.226
36545.00	424.223
36546.00	424.220
36547.00	424.220
36548.00	424.220
36549.00	424.217
36550.00	424.214
36551.00	424.214
36552.00	424.211
36553.00	424.064
36554.00	424.064
36555.00	424.064
36556.00	424.064
36557.00	424.061
36558.00	424.064
36559.00	424.058
36560.00	424.055
36561.00	424.052
36562.00	424.052
36563.00	424.049
36564.00	424.052
36565.00	424.049
36566.00	424.046
36567.00	424.046
36568.00	424.046
36569.00	424.043
36570.00	424.040
36571.00	424.037
36572.00	424.034
36573.00	424.034
36574.00	424.031
36575.00	424.031
36576.00	424.028
36577.00	424.028
36578.00	424.028
36579.00	424.025
36580.00	424.022
36581.00	424.022
36582.00	424.022
36583.00	424.019
36584.00	424.019
36585.00	424.016
36586.00	424.013
36587.00	424.010
36588.00	424.013
36589.00	424.013
36590.00	424.010
36591.00	424.010
36592.00	424.007
36593.00	424.007
36594.00	424.003
36595.00	424.003
36596.00	424.003
36597.00	424.003
36598.00	424.003
36599.00	424.003
36600.00	424.000
36601.00	424.000
36602.00	424.000
36603.00	424.000
36604.00	424.000
36605.00	424.000
36606.00	423.994
36607.00	423.994
36608.00	423.994
36609.00	423.997
36610.00	423.994
36611.00	423.997
36612.00	423.994
36613.00	423.991
36614.00	423.991
36615.00	423.991
36616.00	423.991
36617.00	423.994
36618.00	423.994
36619.00	423.991
36620.00	423.991
36621.00	423.997
36622.00	423.991
36623.00	423.991
36624.00	423.994
36625.00	423.994
36626.00	423.994
36627.00	423.994
36628.00	423.994
36629.00	423.994
36630.00	423.994
36631.00	423.994
36632.00	423.994
36633.00	423.994
36634.00	423.994
36635.00	423.994
36636.00	423.994
36637.00	423.994
36638.00	423.997
36639.00	423.994
36640.00	423.994
36641.00	423.994
36642.00	423.994
36643.00	423.994
36644.00	423.994
36645.00	423.991
36646.00	423.991
36647.00	423.994
36648.00	423.994
36649.00	423.994
36650.00	423.994
36651.00	423.994
36652.00	423.991
36653.00	423.991
36654.00	423.991
36655.00	423.991
36656.00	423.991
36657.00	423.991
36658.00	423.991
36659.00	423.991
36660.00	423.991
36661.00	423.991
36662.00	423.991
36663.00	423.991
36664.00	423.988
36665.00	423.988
36666.00	423.988
36667.00	423.988
36668.00	423.988
36669.00	423.988
36670.00	423.988
36671.00	423.988
36672.00	423.985
36673.00	423.985
36674.00	423.985
36675.00	423.985
36676.00	423.982
36677.00	423.982
36678.00	423.982
36679.00	423.982
36680.00	423.979
36681.00	423.979
36682.00	423.979
36683.00	423.979
36684.00	423.982
36685.00	423.979
36686.00	423.979
36687.00	423.976
36688.00	423.976
36689.00	423.973
36690.00	423.973
36691.00	423.973
36692.00	423.973
36693.00	423.973
36694.00	423.973
36695.00	423.973
36696.00	423.973
36697.00	423.982
36698.00	423.982
36699.00	423.982
36700.00	423.991
36701.00	423.997
36702.00	424.003
36703.00	424.010
36704.00	424.013
36705.00	424.016
36706.00	424.019
36707.00	424.022
36708.00	424.022
36709.00	424.025
36710.00	424.025
36711.00	424.025
36712.00	424.025
36713.00	424.025
36714.00	424.028
36715.00	424.028
36716.00	424.028
36717.00	424.028
36718.00	424.028
36719.00	424.028
36720.00	424.028
36721.00	424.028
36722.00	424.028
36723.00	424.025
36724.00	424.019
36725.00	424.019
36726.00	424.019
36727.00	424.016
36728.00	424.013
36729.00	424.010
36730.00	424.010
36731.00	424.010
36732.00	424.007
36733.00	424.003
36734.00	424.003
36735.00	424.003
36736.00	424.000
36737.00	424.000
36738.00	423.997
36739.00	423.997
36740.00	423.997
36741.00	423.997
36742.00	423.994
36743.00	423.994
36744.00	423.994
36745.00	423.988
36746.00	423.988
36747.00	423.985
36748.00	423.982
36749.00	423.982
36750.00	423.979
36751.00	423.979
36752.00	423.976
36753.00	423.979
36754.00	423.985
36755.00	423.991
36756.00	423.991
36757.00	423.997
36758.00	424.000
36759.00	424.003
36760.00	424.000
36761.00	424.000
36762.00	424.003
36763.00	424.010
36764.00	424.010
36765.00	424.007
36766.00	424.007
36767.00	424.007
36768.00	424.010
36769.00	424.007
36770.00	424.007
36771.00	424.013
36772.00	424.013
36773.00	424.013
36774.00	424.016
36775.00	424.019
36776.00	424.019
36777.00	424.019
36778.00	424.022
36779.00	424.019
36780.00	424.019
36781.00	424.019
36782.00	424.019
36783.00	424.019
36784.00	424.019
36785.00	424.016
36786.00	424.016
36787.00	424.016
36788.00	424.013
36789.00	424.013
36790.00	424.010
36791.00	424.010
36792.00	424.007
36793.00	424.007
36794.00	424.010
36795.00	424.010
36796.00	424.010
36797.00	424.010
36798.00	424.016
36799.00	424.016
36800.00	424.016
36801.00	424.016
36802.00	424.013
36803.00	424.013
36804.00	424.013
36805.00	424.013
36806.00	424.010
36807.00	424.010
36808.00	424.013
36809.00	424.016
36810.00	424.016
36811.00	424.016
36812.00	424.016
36813.00	424.013
36814.00	424.013
36815.00	424.016
36816.00	424.019
36817.00	424.022
36818.00	424.028
36819.00	424.028
36820.00	424.031
36821.00	424.031
36822.00	424.031
36823.00	424.031
36824.00	424.034
36825.00	424.037
36826.00	424.034
36827.00	424.037
36828.00	424.037
36829.00	424.037
36830.00	424.037
36831.00	424.043
36832.00	424.043
36833.00	424.043
36834.00	424.049
36835.00	424.052
36836.00	424.058
36837.00	424.064
36838.00	424.067
36839.00	424.071
36840.00	424.077
36841.00	424.083
36842.00	424.089
36843.00	424.095
36844.00	424.104
36845.00	424.110
36846.00	424.116
36847.00	424.122
36848.00	424.128
36849.00	424.135
36850.00	424.138
36851.00	424.141
36852.00	424.147
36853.00	424.150
36854.00	424.156
36855.00	424.156
36856.00	424.159
36857.00	424.165
36858.00	424.165
36859.00	424.180
36860.00	424.183
36861.00	424.183
36862.00	424.183
36863.00	424.186
36864.00	424.186
36865.00	424.186
36866.00	424.189
36867.00	424.186
36868.00	424.180
36869.00	424.180
36870.00	424.177
36871.00	424.177
36872.00	424.177
36873.00	424.177
36874.00	424.171
36875.00	424.168
36876.00	424.162
36877.00	424.159
36878.00	424.153
36879.00	424.153
36880.00	424.156
36881.00	424.150
36882.00	424.144
36883.00	424.144
36884.00	424.141
36885.00	424.141
36886.00	424.141
36887.00	424.141
36888.00	424.138
36889.00	424.138
36890.00	424.135
36891.00	424.135
36892.00	424.132
36893.00	424.132
36894.00	424.132
36895.00	424.135
36896.00	424.128
36897.00	424.132
36898.00	424.122
36899.00	424.119
36900.00	424.119
36901.00	424.119
36902.00	424.119
36903.00	424.116
36904.00	424.113
36905.00	424.113
36906.00	424.113
36907.00	424.107
36908.00	424.110
36909.00	424.107
36910.00	424.104
36911.00	424.104
36912.00	424.101
36913.00	424.101
36914.00	424.092
36915.00	424.089
36916.00	424.092
36917.00	424.089
36918.00	424.086
36919.00	424.086
36920.00	424.086
36921.00	424.086
36922.00	424.080
36923.00	424.077
36924.00	424.077
36925.00	424.077
36926.00	424.071
36927.00	424.071
36928.00	424.067
36929.00	424.064
36930.00	424.064
36931.00	424.064
36932.00	424.061
36933.00	424.061
36934.00	424.061
36935.00	424.058
36936.00	424.058
36937.00	424.058
36938.00	424.052
36939.00	424.052
36940.00	424.055
36941.00	424.052
36942.00	424.052
36943.00	424.049
36944.00	424.052
36945.00	424.049
36946.00	424.049
36947.00	424.049
36948.00	424.046
36949.00	424.046
36950.00	424.049
36951.00	424.049
36952.00	424.046
36953.00	424.043
36954.00	424.040
36955.00	424.037
36956.00	424.037
36957.00	424.037
36958.00	424.037
36959.00	424.037
36960.00	424.034
36961.00	424.031
36962.00	424.031
36963.00	424.031
36964.00	424.031
36965.00	424.019
36966.00	424.019
36967.00	424.019
36968.00	424.016
36969.00	424.016
36970.00	424.016
36971.00	424.016
36972.00	424.013
36973.00	424.013
36974.00	424.013
36975.00	424.010
36976.00	424.010
36977.00	424.010
36978.00	424.010
36979.00	424.010
36980.00	424.010
36981.00	424.007
36982.00	424.007
36983.00	424.007
36984.00	424.003
36985.00	424.003
36986.00	424.007
36987.00	424.007
36988.00	424.016
36989.00	424.019
36990.00	424.022
36991.00	424.028
36992.00	424.037
36993.00	424.043
36994.00	424.046
36995.00	424.049
36996.00	424.055
36997.00	424.058
36998.00	424.064
36999.00	424.077
37000.00	424.089
37001.00	424.104
37002.00	424.113
37003.00	424.128
37004.00	424.138
37005.00	424.141
37006.00	424.150
37007.00	424.156
37008.00	424.162
37009.00	424.168
37010.00	424.174
37011.00	424.186
37012.00	424.192
37013.00	424.196
37014.00	424.199
37015.00	424.208
37016.00	424.220
37017.00	424.229
37018.00	424.235
37019.00	424.238
37020.00	424.250
37021.00	424.260
37022.00	424.263
37023.00	424.272
37024.00	424.278
37025.00	424.287
37026.00	424.290
37027.00	424.293
37028.00	424.296
37029.00	424.299
37030.00	424.299
37031.00	424.305
37032.00	424.308
37033.00	424.311
37034.00	424.311
37035.00	424.317
37036.00	424.333
37037.00	424.351
37038.00	424.369
37039.00	424.391
37040.00	424.409
37041.00	424.445
37042.00	424.464
37043.00	424.485
37044.00	424.503
37045.00	424.522
37046.00	424.537
37047.00	424.549
37048.00	424.561
37049.00	424.567
37050.00	424.573
37051.00	424.580
37052.00	424.589
37053.00	424.592
37054.00	424.595
37055.00	424.595
37056.00	424.598
37057.00	424.598
37058.00	424.595
37059.00	424.592
37060.00	424.595
37061.00	424.586
37062.00	424.583
37063.00	424.583
37064.00	424.583
37065.00	424.583
37066.00	424.577
37067.00	424.577
37068.00	424.564
37069.00	424.561
37070.00	424.558
37071.00	424.555
37072.00	424.546
37073.00	424.534
37074.00	424.534
37075.00	424.534
37076.00	424.522
37077.00	424.522
37078.00	424.519
37079.00	424.513
37080.00	424.506
37081.00	424.497
37082.00	424.494
37083.00	424.485
37084.00	424.482
37085.00	424.476
37086.00	424.473
37087.00	424.470
37088.00	424.467
37089.00	424.461
37090.00	424.458
37091.00	424.445
37092.00	424.445
37093.00	424.442
37094.00	424.439
37095.00	424.433
37096.00	424.427
37097.00	424.424
37098.00	424.418
37099.00	424.415
37100.00	424.415
37101.00	424.415
37102.00	424.406
37103.00	424.403
37104.00	424.403
37105.00	424.400
37106.00	424.400
37107.00	424.397
37108.00	424.391
37109.00	424.388
37110.00	424.384
37111.00	424.375
37112.00	424.372
37113.00	424.372
37114.00	424.372
37115.00	424.366
37116.00	424.366
37117.00	424.366
37118.00	424.363
37119.00	424.360
37120.00	424.357
37121.00	424.354
37122.00	424.351
37123.00	424.348
37124.00	424.345
37125.00	424.342
37126.00	424.339
37127.00	424.339
37128.00	424.330
37129.00	424.330
37130.00	424.327
37131.00	424.324
37132.00	424.320
37133.00	424.314
37134.00	424.308
37135.00	424.305
37136.00	424.305
37137.00	424.302
37138.00	424.299
37139.00	424.296
37140.00	424.296
37141.00	424.290
37142.00	424.287
37143.00	424.284
37144.00	424.281
37145.00	424.281
37146.00	424.278
37147.00	424.275
37148.00	424.272
37149.00	424.269
37150.00	424.269
37151.00	424.269
37152.00	424.266
37153.00	424.266
37154.00	424.263
37155.00	424.260
37156.00	424.256
37157.00	424.256
37158.00	424.256
37172.00	424.214
37173.00	424.214
37174.00	424.214
37175.00	424.214
37176.00	424.214
37177.00	424.214
37178.00	424.214
37179.00	424.214
37180.00	424.211
37181.00	424.214
37182.00	424.214
37183.00	424.214
37184.00	424.211
37185.00	424.208
37186.00	424.208
37187.00	424.211
37188.00	424.211
37189.00	424.208
37190.00	424.205
37191.00	424.205
37192.00	424.196
37193.00	424.180
37194.00	424.183
37195.00	424.186
37196.00	424.183
37197.00	424.177
37198.00	424.177
37199.00	424.174
37200.00	424.180
37201.00	424.174
37202.00	424.174
37203.00	424.171
37204.00	424.174
37205.00	424.171
37206.00	424.171
37207.00	424.171
37208.00	424.171
37209.00	424.171
37210.00	424.171
37211.00	424.168
37212.00	424.168
37213.00	424.165
37214.00	424.165
37215.00	424.165
37216.00	424.162
37217.00	424.162
37218.00	424.162
37219.00	424.162
37220.00	424.156
37221.00	424.153
37222.00	424.153
37223.00	424.153
37224.00	424.153
37225.00	424.156
37226.00	424.153
37227.00	424.153
37228.00	424.153
37229.00	424.150
37230.00	424.153
37231.00	424.147
37232.00	424.147
37233.00	424.144
37234.00	424.147
37235.00	424.144
37236.00	424.144
37237.00	424.141
37238.00	424.141
37239.00	424.141
37240.00	424.138
37241.00	424.138
37242.00	424.138
37243.00	424.135
37244.00	424.135
37245.00	424.135
37246.00	424.135
37247.00	424.135
37248.00	424.132
37249.00	424.132
37250.00	424.132
37251.00	424.132
37252.00	424.132
37253.00	424.128
37254.00	424.125
37255.00	424.122
37256.00	424.122
37257.00	424.119
37258.00	424.119
37259.00	424.122
37260.00	424.119
37261.00	424.119
37262.00	424.113
37263.00	424.110
37264.00	424.107
37265.00	424.101
37266.00	424.098
37267.00	424.095
37268.00	424.092
37269.00	424.092
37270.00	424.086
37271.00	424.083
37272.00	424.083
37273.00	424.080
37274.00	424.080
37275.00	424.080
37276.00	424.080
37277.00	424.080
37278.00	424.077
37279.00	424.074
37280.00	424.074
37281.00	424.074
37282.00	424.071
37283.00	424.067
37284.00	424.064
37285.00	424.064
37286.00	424.061
37287.00	424.061
37288.00	424.061
37289.00	424.061
37290.00	424.058
37291.00	424.058
37292.00	424.055
37293.00	424.055
37294.00	424.052
37295.00	424.052
37296.00	424.049
37297.00	424.046
37298.00	424.049
37299.00	424.043
37300.00	424.043
37301.00	424.043
37302.00	424.040
37303.00	424.040
37304.00	424.040
37305.00	424.040
37306.00	424.040
37307.00	424.040
37308.00	424.037
37309.00	424.037
37310.00	424.037
37311.00	424.034
37312.00	424.034
37313.00	424.034
37314.00	424.019
37315.00	424.019
37316.00	424.019
37317.00	424.016
37318.00	424.016
37319.00	424.016
37320.00	424.013
37321.00	424.010
37322.00	424.010
37323.00	424.010
37324.00	424.007
37325.00	424.007
37326.00	424.007
37327.00	424.007
37328.00	424.000
37329.00	424.000
37330.00	424.000
37331.00	424.000
37332.00	424.000
37333.00	423.997
37334.00	423.994
37335.00	423.994
37336.00	423.994
37337.00	423.988
37338.00	423.985
37339.00	423.985
37340.00	423.982
37341.00	423.982
37342.00	423.982
37343.00	423.982
37344.00	423.982
37345.00	423.982
37346.00	423.982
37347.00	423.982
37348.00	423.982
37349.00	423.979
37350.00	423.979
37351.00	423.979
37352.00	423.979
37353.00	423.979
37354.00	423.973
37355.00	423.973
37356.00	423.973
37357.00	423.973
37358.00	423.973
37359.00	423.976
37360.00	423.985
37361.00	423.982
37362.00	423.985
37363.00	423.982
37364.00	423.988
37365.00	423.988
37366.00	423.994
37367.00	423.997
37368.00	424.000
37369.00	424.007
37370.00	424.010
37371.00	424.016
37372.00	424.016
37373.00	424.019
37374.00	424.019
37375.00	424.022
37376.00	424.022
37377.00	424.022
37378.00	424.025
37379.00	424.025
37380.00	424.025
37381.00	424.025
37382.00	424.025
37383.00	424.025
37384.00	424.031
37385.00	424.037
37386.00	424.034
37387.00	424.034
37388.00	424.037
37389.00	424.037
37390.00	424.040
37391.00	424.043
37392.00	424.043
37393.00	424.043
37394.00	424.046
37395.00	424.046
37396.00	424.046
37397.00	424.049
37398.00	424.061
37399.00	424.061
37400.00	424.061
37401.00	424.064
37402.00	424.064
37403.00	424.064
37404.00	424.064
37405.00	424.067
37406.00	424.067
37407.00	424.067
37408.00	424.067
37409.00	424.067
37410.00	424.067
37411.00	424.071
37412.00	424.071
37413.00	424.074
37414.00	424.074
37415.00	424.071
37416.00	424.074
37417.00	424.074
37418.00	424.074
37419.00	424.074
37420.00	424.074
37421.00	424.074
37422.00	424.074
37423.00	424.074
37424.00	424.074
37425.00	424.074
37426.00	424.074
37427.00	424.071
37428.00	424.071
37429.00	424.071
37430.00	424.074
37431.00	424.083
37432.00	424.086
37433.00	424.101
37434.00	424.101
37435.00	424.104
37436.00	424.113
37437.00	424.122
37438.00	424.125
37439.00	424.132
37440.00	424.132
37441.00	424.135
37442.00	424.141
37443.00	424.141
37444.00	424.144
37445.00	424.144
37446.00	424.144
37447.00	424.150
37448.00	424.150
37449.00	424.153
37450.00	424.156
37451.00	424.156
37452.00	424.156
37453.00	424.156
37454.00	424.153
37455.00	424.153
37456.00	424.153
37457.00	424.153
37458.00	424.153
37459.00	424.162
37460.00	424.159
37461.00	424.159
37462.00	424.159
37463.00	424.159
37464.00	424.159
37465.00	424.165
37466.00	424.168
37467.00	424.171
37468.00	424.171
37469.00	424.171
37470.00	424.165
37471.00	424.159
37472.00	424.153
37473.00	424.153
37474.00	424.147
37475.00	424.147
37476.00	424.147
37477.00	424.153
37478.00	424.153
37479.00	424.153
37480.00	424.153
37481.00	424.153
37482.00	424.153
37483.00	424.150
37484.00	424.147
37485.00	424.144
37486.00	424.138
37487.00	424.135
37488.00	424.132
37489.00	424.128
37490.00	424.125
37491.00	424.125
37492.00	424.122
37493.00	424.119
37494.00	424.107
37495.00	424.107
37496.00	424.104
37497.00	424.101
37498.00	424.104
37499.00	424.110
37500.00	424.116
37501.00	424.119
37502.00	424.119
37503.00	424.119
37504.00	424.119
37505.00	424.119
37506.00	424.119
37507.00	424.119
37508.00	424.119
37509.00	424.116
37510.00	424.116
37511.00	424.116
37512.00	424.116
37513.00	424.113
37514.00	424.110
37515.00	424.110
37516.00	424.110
37517.00	424.107
37518.00	424.104
37519.00	424.104
37520.00	424.098
37521.00	424.098
37522.00	424.095
37523.00	424.095
37524.00	424.092
37525.00	424.092
37526.00	424.089
37527.00	424.089
37528.00	424.089
37529.00	424.089
37530.00	424.083
37531.00	424.083
37532.00	424.083
37533.00	424.083
37534.00	424.080
37535.00	424.077
37536.00	424.077
37537.00	424.074
37538.00	424.074
37539.00	424.074
37540.00	424.080
37541.00	424.077
37542.00	424.077
37543.00	424.083
37544.00	424.080
37545.00	424.080
37546.00	424.080
37547.00	424.083
37548.00	424.080
37549.00	424.080
37550.00	424.080
37551.00	424.077
37552.00	424.077
37553.00	424.077
37554.00	424.077
37555.00	424.077
37556.00	424.074
37557.00	424.074
37558.00	424.071
37559.00	424.071
37560.00	424.071
37561.00	424.071
37562.00	424.071
37563.00	424.071
37564.00	424.067
37565.00	424.067
37566.00	424.067
37567.00	424.071
37568.00	424.067
37569.00	424.067
37570.00	424.067
37571.00	424.067
37572.00	424.064
37573.00	424.064
37574.00	424.064
37575.00	424.061
37576.00	424.061
37577.00	424.061
37578.00	424.058
37579.00	424.058
37580.00	424.058
37581.00	424.046
37582.00	424.046
37583.00	424.046
37584.00	424.043
37585.00	424.043
37586.00	424.040
37587.00	424.040
37588.00	424.043
37589.00	424.043
37590.00	424.037
37591.00	424.037
37592.00	424.034
37593.00	424.034
37594.00	424.034
37595.00	424.034
37596.00	424.034
37597.00	424.031
37598.00	424.028
37599.00	424.028
37600.00	424.028
37601.00	424.028
37602.00	424.025
37603.00	424.025
37604.00	424.022
37605.00	424.019
37606.00	424.019
37607.00	424.019
37608.00	424.019
37609.00	424.019
