title = "dataset c2a"
variables = "time","a3", "a6", "a10", "a25", "a50", "a100"
zone t = "T_j, volume =   197", f=point
0.25	1.81E-02	7.46E-04	2.77E-06	5.42E-19	0.00E+00	0.00E+00
0.5	5.58E-02	8.05E-03	2.41E-04	3.05E-13	0.00E+00	0.00E+00
0.75	9.26E-02	2.24E-02	1.73E-03	2.70E-10	5.72E-28	0.00E+00
1	1.26E-01	4.04E-02	5.31E-03	1.72E-08	1.71E-23	0.00E+00
1.25	1.28E-01	4.64E-02	8.13E-03	2.26E-07	2.84E-20	0.00E+00
1.5	1.29E-01	4.93E-02	9.80E-03	8.90E-07	5.78E-18	0.00E+00
1.75	1.30E-01	5.17E-02	1.12E-02	2.17E-06	2.28E-16	0.00E+00
2	1.31E-01	5.37E-02	1.24E-02	4.18E-06	3.24E-15	0.00E+00
2.25	1.32E-01	5.59E-02	1.36E-02	6.99E-06	2.51E-14	0.00E+00
2.5	1.32E-01	5.81E-02	1.48E-02	1.07E-05	1.29E-13	0.00E+00
2.75	1.33E-01	6.01E-02	1.60E-02	1.55E-05	4.98E-13	0.00E+00
3	1.33E-01	6.20E-02	1.72E-02	2.14E-05	1.57E-12	0.00E+00
3.25	1.40E-01	6.76E-02	1.94E-02	2.89E-05	4.23E-12	0.00E+00
3.5	1.51E-01	7.40E-02	2.25E-02	4.02E-05	1.03E-11	0.00E+00
3.75	1.64E-01	8.08E-02	2.59E-02	5.66E-05	2.33E-11	2.77E-29
4	1.77E-01	8.83E-02	2.96E-02	7.93E-05	5.06E-11	4.02E-28
4.25	2.04E-01	1.03E-01	3.56E-02	1.13E-04	1.06E-10	3.82E-27
4.5	2.30E-01	1.21E-01	4.38E-02	1.69E-04	2.17E-10	2.91E-26
4.75	2.54E-01	1.40E-01	5.33E-02	2.60E-04	4.49E-10	1.86E-25
5	2.75E-01	1.58E-01	6.39E-02	4.02E-04	9.38E-10	1.03E-24
5.25	2.89E-01	1.72E-01	7.34E-02	6.03E-04	1.98E-09	5.07E-24
5.5	3.02E-01	1.85E-01	8.24E-02	8.59E-04	4.15E-09	2.26E-23
5.75	3.15E-01	1.97E-01	9.13E-02	1.18E-03	8.48E-09	9.34E-23
6	3.27E-01	2.09E-01	1.00E-01	1.56E-03	1.68E-08	3.60E-22
6.25	3.24E-01	2.11E-01	1.05E-01	1.99E-03	3.21E-08	1.31E-21
6.5	3.23E-01	2.12E-01	1.07E-01	2.37E-03	5.83E-08	4.53E-21
6.75	3.22E-01	2.12E-01	1.08E-01	2.71E-03	9.91E-08	1.50E-20
7	3.22E-01	2.12E-01	1.10E-01	3.02E-03	1.58E-07	4.71E-20
7.25	3.42E-01	2.26E-01	1.17E-01	3.36E-03	2.37E-07	1.42E-19
7.5	3.62E-01	2.42E-01	1.28E-01	3.90E-03	3.45E-07	4.05E-19
7.75	3.81E-01	2.59E-01	1.40E-01	4.66E-03	4.99E-07	1.11E-18
8	3.98E-01	2.75E-01	1.52E-01	5.62E-03	7.27E-07	2.87E-18
8.25	4.23E-01	2.99E-01	1.69E-01	6.87E-03	1.07E-06	7.15E-18
8.5	4.44E-01	3.21E-01	1.88E-01	8.63E-03	1.59E-06	1.71E-17
8.75	4.63E-01	3.42E-01	2.07E-01	1.09E-02	2.43E-06	3.97E-17
9	4.80E-01	3.62E-01	2.26E-01	1.38E-02	3.80E-06	8.94E-17
9.25	4.81E-01	3.68E-01	2.36E-01	1.68E-02	6.03E-06	1.98E-16
9.5	4.84E-01	3.73E-01	2.43E-01	1.95E-02	9.42E-06	4.30E-16
9.75	4.87E-01	3.79E-01	2.50E-01	2.19E-02	1.41E-05	9.29E-16
10	4.90E-01	3.83E-01	2.56E-01	2.43E-02	2.03E-05	1.99E-15
10.25	5.27E-01	4.15E-01	2.79E-01	2.74E-02	2.82E-05	4.23E-15
10.5	5.56E-01	4.46E-01	3.09E-01	3.34E-02	3.93E-05	8.90E-15
10.75	5.80E-01	4.74E-01	3.38E-01	4.18E-02	5.75E-05	1.85E-14
11	6.01E-01	4.99E-01	3.66E-01	5.25E-02	8.88E-05	3.79E-14
11.25	6.50E-01	5.55E-01	4.24E-01	7.04E-02	1.44E-04	7.75E-14
11.5	6.82E-01	5.97E-01	4.76E-01	1.03E-01	2.82E-04	1.60E-13
11.75	7.10E-01	6.32E-01	5.20E-01	1.42E-01	7.07E-04	3.40E-13
12	7.35E-01	6.63E-01	5.58E-01	1.84E-01	1.91E-03	7.80E-13
12.25	7.23E-01	6.56E-01	5.59E-01	2.08E-01	4.33E-03	2.12E-12
12.5	7.19E-01	6.53E-01	5.59E-01	2.19E-01	6.91E-03	8.39E-12
12.75	7.17E-01	6.51E-01	5.58E-01	2.25E-01	9.21E-03	4.87E-11
13	7.15E-01	6.49E-01	5.58E-01	2.30E-01	1.12E-02	3.07E-10
13.25	7.34E-01	6.63E-01	5.68E-01	2.37E-01	1.30E-02	1.59E-09
13.5	7.46E-01	6.77E-01	5.82E-01	2.48E-01	1.49E-02	6.40E-09
13.75	7.57E-01	6.89E-01	5.95E-01	2.61E-01	1.72E-02	2.03E-08
14	7.66E-01	7.00E-01	6.07E-01	2.74E-01	1.99E-02	5.40E-08
14.25	7.69E-01	7.06E-01	6.16E-01	2.86E-01	2.29E-02	1.27E-07
14.5	7.73E-01	7.11E-01	6.23E-01	2.96E-01	2.60E-02	2.73E-07
14.75	7.77E-01	7.17E-01	6.30E-01	3.06E-01	2.93E-02	5.45E-07
15	7.81E-01	7.22E-01	6.37E-01	3.15E-01	3.25E-02	1.02E-06
15.25	7.80E-01	7.22E-01	6.39E-01	3.23E-01	3.59E-02	1.81E-06
15.5	7.82E-01	7.22E-01	6.40E-01	3.28E-01	3.89E-02	3.04E-06
15.75	7.85E-01	7.23E-01	6.41E-01	3.32E-01	4.17E-02	4.87E-06
16	7.89E-01	7.24E-01	6.43E-01	3.35E-01	4.42E-02	7.44E-06
16.25	7.89E-01	7.24E-01	6.43E-01	3.38E-01	4.65E-02	1.09E-05
16.5	7.89E-01	7.24E-01	6.43E-01	3.41E-01	4.87E-02	1.54E-05
16.75	7.90E-01	7.24E-01	6.43E-01	3.43E-01	5.07E-02	2.09E-05
17	7.91E-01	7.24E-01	6.43E-01	3.45E-01	5.26E-02	2.75E-05
17.25	7.95E-01	7.26E-01	6.44E-01	3.47E-01	5.43E-02	3.54E-05
17.5	7.98E-01	7.27E-01	6.45E-01	3.49E-01	5.60E-02	4.46E-05
17.75	7.99E-01	7.29E-01	6.46E-01	3.51E-01	5.77E-02	5.53E-05
18	8.00E-01	7.31E-01	6.47E-01	3.53E-01	5.94E-02	6.73E-05
18.25	8.20E-01	7.61E-01	6.72E-01	3.60E-01	6.10E-02	8.08E-05
18.5	8.30E-01	7.78E-01	6.97E-01	3.77E-01	6.36E-02	9.59E-05
18.75	8.39E-01	7.91E-01	7.16E-01	4.00E-01	6.82E-02	1.13E-04
19	8.47E-01	8.02E-01	7.33E-01	4.23E-01	7.50E-02	1.32E-04
19.25	8.40E-01	7.98E-01	7.32E-01	4.38E-01	8.33E-02	1.55E-04
19.5	8.38E-01	7.96E-01	7.31E-01	4.44E-01	9.03E-02	1.84E-04
19.75	8.37E-01	7.94E-01	7.30E-01	4.48E-01	9.58E-02	2.20E-04
20	8.36E-01	7.93E-01	7.29E-01	4.51E-01	1.00E-01	2.64E-04
20.25	8.36E-01	7.92E-01	7.29E-01	4.53E-01	1.04E-01	3.16E-04
20.5	8.35E-01	7.92E-01	7.29E-01	4.55E-01	1.07E-01	3.74E-04
20.75	8.35E-01	7.91E-01	7.28E-01	4.57E-01	1.10E-01	4.39E-04
21	8.35E-01	7.91E-01	7.28E-01	4.58E-01	1.13E-01	5.10E-04
21.25	8.39E-01	7.94E-01	7.30E-01	4.60E-01	1.15E-01	5.87E-04
21.5	8.44E-01	7.97E-01	7.33E-01	4.64E-01	1.17E-01	6.70E-04
21.75	8.48E-01	8.01E-01	7.36E-01	4.68E-01	1.20E-01	7.58E-04
22	8.53E-01	8.04E-01	7.39E-01	4.72E-01	1.23E-01	8.52E-04
22.25	8.51E-01	8.04E-01	7.40E-01	4.75E-01	1.26E-01	9.51E-04
22.5	8.50E-01	8.03E-01	7.39E-01	4.77E-01	1.29E-01	1.06E-03
22.75	8.49E-01	8.03E-01	7.39E-01	4.79E-01	1.31E-01	1.17E-03
23	8.49E-01	8.02E-01	7.39E-01	4.80E-01	1.33E-01	1.29E-03
23.25	8.52E-01	8.05E-01	7.41E-01	4.81E-01	1.35E-01	1.41E-03
23.5	8.55E-01	8.07E-01	7.43E-01	4.84E-01	1.38E-01	1.54E-03
23.75	8.57E-01	8.09E-01	7.45E-01	4.86E-01	1.40E-01	1.67E-03
24	8.60E-01	8.12E-01	7.47E-01	4.89E-01	1.42E-01	1.81E-03
24.25	8.58E-01	8.11E-01	7.48E-01	4.91E-01	1.44E-01	1.95E-03
24.5	8.58E-01	8.11E-01	7.48E-01	4.93E-01	1.46E-01	2.09E-03
24.75	8.57E-01	8.11E-01	7.48E-01	4.94E-01	1.48E-01	2.24E-03
25	8.57E-01	8.10E-01	7.47E-01	4.95E-01	1.50E-01	2.40E-03
25.25	8.56E-01	8.10E-01	7.47E-01	4.96E-01	1.52E-01	2.55E-03
25.5	8.56E-01	8.10E-01	7.47E-01	4.97E-01	1.54E-01	2.71E-03
25.75	8.55E-01	8.09E-01	7.47E-01	4.97E-01	1.55E-01	2.88E-03
26	8.56E-01	8.09E-01	7.47E-01	4.98E-01	1.57E-01	3.04E-03
26.25	8.59E-01	8.11E-01	7.48E-01	4.99E-01	1.58E-01	3.20E-03
26.5	8.61E-01	8.13E-01	7.49E-01	5.00E-01	1.59E-01	3.37E-03
26.75	8.63E-01	8.15E-01	7.51E-01	5.02E-01	1.61E-01	3.54E-03
27	8.64E-01	8.16E-01	7.53E-01	5.04E-01	1.62E-01	3.71E-03
27.25	8.66E-01	8.19E-01	7.55E-01	5.06E-01	1.64E-01	3.88E-03
27.5	8.67E-01	8.21E-01	7.57E-01	5.08E-01	1.66E-01	4.06E-03
27.75	8.68E-01	8.23E-01	7.60E-01	5.10E-01	1.68E-01	4.24E-03
28	8.69E-01	8.25E-01	7.62E-01	5.13E-01	1.69E-01	4.42E-03
28.25	8.67E-01	8.25E-01	7.62E-01	5.15E-01	1.71E-01	4.61E-03
28.5	8.67E-01	8.24E-01	7.62E-01	5.16E-01	1.73E-01	4.80E-03
28.75	8.66E-01	8.23E-01	7.62E-01	5.17E-01	1.75E-01	4.99E-03
29	8.66E-01	8.23E-01	7.62E-01	5.18E-01	1.77E-01	5.18E-03
29.25	8.66E-01	8.22E-01	7.61E-01	5.19E-01	1.78E-01	5.38E-03
29.5	8.67E-01	8.22E-01	7.61E-01	5.20E-01	1.80E-01	5.59E-03
29.75	8.68E-01	8.22E-01	7.61E-01	5.20E-01	1.81E-01	5.79E-03
30	8.69E-01	8.22E-01	7.61E-01	5.20E-01	1.82E-01	6.00E-03
30.25	8.80E-01	8.26E-01	7.63E-01	5.21E-01	1.83E-01	6.21E-03
30.5	8.88E-01	8.31E-01	7.66E-01	5.23E-01	1.85E-01	6.42E-03
30.75	8.94E-01	8.36E-01	7.69E-01	5.25E-01	1.86E-01	6.63E-03
31	9.00E-01	8.41E-01	7.72E-01	5.27E-01	1.87E-01	6.84E-03
31.25	9.08E-01	8.51E-01	7.78E-01	5.30E-01	1.89E-01	7.06E-03
31.5	9.12E-01	8.58E-01	7.86E-01	5.34E-01	1.91E-01	7.27E-03
31.75	9.15E-01	8.64E-01	7.93E-01	5.39E-01	1.93E-01	7.49E-03
32	9.18E-01	8.69E-01	7.99E-01	5.44E-01	1.95E-01	7.71E-03
32.25	9.23E-01	8.83E-01	8.15E-01	5.51E-01	1.98E-01	7.93E-03
32.5	9.23E-01	8.89E-01	8.29E-01	5.64E-01	2.02E-01	8.16E-03
32.75	9.25E-01	8.93E-01	8.39E-01	5.79E-01	2.07E-01	8.39E-03
33	9.28E-01	8.98E-01	8.48E-01	5.95E-01	2.14E-01	8.64E-03
33.25	9.23E-01	8.94E-01	8.46E-01	6.05E-01	2.22E-01	8.91E-03
33.5	9.22E-01	8.92E-01	8.45E-01	6.10E-01	2.30E-01	9.20E-03
33.75	9.21E-01	8.91E-01	8.44E-01	6.13E-01	2.36E-01	9.53E-03
34	9.22E-01	8.90E-01	8.43E-01	6.15E-01	2.41E-01	9.90E-03
34.25	9.28E-01	8.90E-01	8.42E-01	6.16E-01	2.44E-01	1.03E-02
34.5	9.35E-01	8.91E-01	8.41E-01	6.17E-01	2.48E-01	1.07E-02
34.75	9.43E-01	8.91E-01	8.41E-01	6.17E-01	2.50E-01	1.12E-02
35	9.51E-01	8.92E-01	8.41E-01	6.18E-01	2.53E-01	1.16E-02
35.25	9.57E-01	8.93E-01	8.41E-01	6.18E-01	2.55E-01	1.21E-02
35.5	9.63E-01	8.94E-01	8.41E-01	6.18E-01	2.57E-01	1.25E-02
35.75	9.69E-01	8.96E-01	8.41E-01	6.18E-01	2.59E-01	1.30E-02
36	9.74E-01	8.97E-01	8.41E-01	6.19E-01	2.60E-01	1.35E-02
36.25	9.80E-01	8.99E-01	8.41E-01	6.19E-01	2.62E-01	1.39E-02
36.5	9.86E-01	9.01E-01	8.41E-01	6.19E-01	2.63E-01	1.44E-02
36.75	9.91E-01	9.04E-01	8.42E-01	6.20E-01	2.64E-01	1.49E-02
37	9.97E-01	9.07E-01	8.42E-01	6.21E-01	2.66E-01	1.53E-02
37.25	1.02E+00	9.33E-01	8.49E-01	6.22E-01	2.67E-01	1.58E-02
37.5	1.01E+00	9.48E-01	8.63E-01	6.26E-01	2.68E-01	1.63E-02
37.75	1.00E+00	9.54E-01	8.75E-01	6.30E-01	2.70E-01	1.67E-02
38	9.97E-01	9.56E-01	8.85E-01	6.36E-01	2.73E-01	1.72E-02
38.25	9.94E-01	9.57E-01	8.91E-01	6.41E-01	2.76E-01	1.76E-02
38.5	9.91E-01	9.57E-01	8.95E-01	6.46E-01	2.80E-01	1.81E-02
38.75	9.89E-01	9.57E-01	8.99E-01	6.51E-01	2.83E-01	1.86E-02
39	9.88E-01	9.57E-01	9.02E-01	6.56E-01	2.87E-01	1.91E-02
39.25	9.85E-01	9.55E-01	9.02E-01	6.60E-01	2.91E-01	1.96E-02
39.5	9.85E-01	9.54E-01	9.02E-01	6.63E-01	2.95E-01	2.01E-02
39.75	9.85E-01	9.53E-01	9.01E-01	6.64E-01	2.98E-01	2.07E-02
40	9.86E-01	9.53E-01	9.01E-01	6.66E-01	3.01E-01	2.13E-02
40.25	9.94E-01	9.59E-01	9.05E-01	6.68E-01	3.03E-01	2.19E-02
40.5	9.92E-01	9.62E-01	9.10E-01	6.73E-01	3.06E-01	2.25E-02
40.75	9.89E-01	9.63E-01	9.14E-01	6.78E-01	3.09E-01	2.31E-02
41	9.87E-01	9.63E-01	9.17E-01	6.84E-01	3.13E-01	2.37E-02
41.25	9.85E-01	9.61E-01	9.17E-01	6.89E-01	3.17E-01	2.43E-02
41.5	9.84E-01	9.60E-01	9.16E-01	6.92E-01	3.21E-01	2.50E-02
41.75	9.83E-01	9.59E-01	9.15E-01	6.93E-01	3.24E-01	2.56E-02
42	9.83E-01	9.58E-01	9.15E-01	6.95E-01	3.27E-01	2.63E-02
42.25	9.84E-01	9.57E-01	9.14E-01	6.96E-01	3.29E-01	2.70E-02
42.5	9.85E-01	9.57E-01	9.14E-01	6.96E-01	3.32E-01	2.77E-02
42.75	9.86E-01	9.56E-01	9.13E-01	6.97E-01	3.34E-01	2.85E-02
43	9.88E-01	9.56E-01	9.13E-01	6.98E-01	3.36E-01	2.92E-02
43.25	9.89E-01	9.55E-01	9.12E-01	6.98E-01	3.37E-01	2.99E-02
43.5	9.91E-01	9.55E-01	9.12E-01	6.99E-01	3.39E-01	3.07E-02
43.75	9.93E-01	9.55E-01	9.12E-01	6.99E-01	3.40E-01	3.14E-02
44	9.95E-01	9.55E-01	9.11E-01	7.00E-01	3.42E-01	3.21E-02
44.25	9.97E-01	9.55E-01	9.11E-01	7.00E-01	3.43E-01	3.28E-02
44.5	9.99E-01	9.56E-01	9.11E-01	7.00E-01	3.44E-01	3.36E-02
44.75	1.00E+00	9.56E-01	9.10E-01	7.00E-01	3.45E-01	3.43E-02
45	1.00E+00	9.56E-01	9.10E-01	7.01E-01	3.47E-01	3.50E-02
45.25	1.01E+00	9.57E-01	9.10E-01	7.01E-01	3.48E-01	3.57E-02
45.5	1.01E+00	9.57E-01	9.10E-01	7.01E-01	3.49E-01	3.64E-02
45.75	1.01E+00	9.57E-01	9.09E-01	7.01E-01	3.50E-01	3.70E-02
46	1.01E+00	9.58E-01	9.09E-01	7.01E-01	3.50E-01	3.77E-02
46.25	1.01E+00	9.58E-01	9.09E-01	7.02E-01	3.51E-01	3.84E-02
46.5	1.01E+00	9.59E-01	9.09E-01	7.02E-01	3.52E-01	3.90E-02
46.75	1.02E+00	9.59E-01	9.08E-01	7.02E-01	3.53E-01	3.97E-02
47	1.02E+00	9.60E-01	9.08E-01	7.02E-01	3.54E-01	4.03E-02
47.25	1.02E+00	9.60E-01	9.08E-01	7.02E-01	3.55E-01	4.10E-02
47.5	1.02E+00	9.61E-01	9.08E-01	7.02E-01	3.55E-01	4.16E-02
47.75	1.02E+00	9.61E-01	9.08E-01	7.03E-01	3.56E-01	4.22E-02
48	1.03E+00	9.62E-01	9.08E-01	7.03E-01	3.57E-01	4.28E-02
48.25	1.03E+00	9.63E-01	9.08E-01	7.03E-01	3.58E-01	4.34E-02
48.5	1.03E+00	9.63E-01	9.08E-01	7.03E-01	3.58E-01	4.40E-02
48.75	1.03E+00	9.63E-01	9.07E-01	7.03E-01	3.59E-01	4.46E-02
49	1.03E+00	9.64E-01	9.07E-01	7.03E-01	3.60E-01	4.51E-02
49.25	1.03E+00	9.65E-01	9.08E-01	7.03E-01	3.61E-01	4.57E-02
49.5	1.03E+00	9.66E-01	9.08E-01	7.04E-01	3.61E-01	4.63E-02
49.75	1.04E+00	9.67E-01	9.08E-01	7.04E-01	3.62E-01	4.68E-02
50	1.04E+00	9.67E-01	9.08E-01	7.04E-01	3.63E-01	4.74E-02
50.25	1.04E+00	9.68E-01	9.08E-01	7.04E-01	3.63E-01	4.79E-02
50.5	1.05E+00	9.69E-01	9.09E-01	7.03E-01	3.64E-01	4.85E-02
50.75	1.05E+00	9.70E-01	9.09E-01	7.03E-01	3.64E-01	4.90E-02
51	1.05E+00	9.72E-01	9.09E-01	7.03E-01	3.65E-01	4.95E-02
51.25	1.06E+00	9.73E-01	9.09E-01	7.03E-01	3.65E-01	5.01E-02
51.5	1.06E+00	9.74E-01	9.09E-01	7.03E-01	3.66E-01	5.06E-02
51.75	1.06E+00	9.75E-01	9.09E-01	7.03E-01	3.67E-01	5.11E-02
52	1.07E+00	9.76E-01	9.10E-01	7.03E-01	3.67E-01	5.16E-02
52.25	1.07E+00	9.77E-01	9.10E-01	7.03E-01	3.67E-01	5.22E-02
52.5	1.07E+00	9.79E-01	9.10E-01	7.03E-01	3.68E-01	5.27E-02
52.75	1.08E+00	9.80E-01	9.10E-01	7.02E-01	3.68E-01	5.32E-02
53	1.08E+00	9.82E-01	9.11E-01	7.02E-01	3.69E-01	5.37E-02
53.25	1.08E+00	9.83E-01	9.11E-01	7.02E-01	3.69E-01	5.42E-02
53.5	1.09E+00	9.84E-01	9.11E-01	7.02E-01	3.70E-01	5.47E-02
53.75	1.09E+00	9.86E-01	9.11E-01	7.02E-01	3.70E-01	5.51E-02
54	1.09E+00	9.87E-01	9.12E-01	7.02E-01	3.70E-01	5.56E-02
54.25	1.11E+00	1.00E+00	9.15E-01	7.02E-01	3.71E-01	5.61E-02
54.5	1.11E+00	1.02E+00	9.21E-01	7.03E-01	3.71E-01	5.66E-02
54.75	1.10E+00	1.03E+00	9.29E-01	7.04E-01	3.72E-01	5.70E-02
55	1.09E+00	1.03E+00	9.38E-01	7.06E-01	3.72E-01	5.75E-02
55.25	1.08E+00	1.03E+00	9.42E-01	7.08E-01	3.73E-01	5.80E-02
55.5	1.08E+00	1.03E+00	9.44E-01	7.10E-01	3.74E-01	5.84E-02
55.75	1.08E+00	1.03E+00	9.45E-01	7.11E-01	3.75E-01	5.89E-02
56	1.08E+00	1.03E+00	9.46E-01	7.12E-01	3.76E-01	5.93E-02
56.25	1.08E+00	1.03E+00	9.51E-01	7.13E-01	3.77E-01	5.98E-02
56.5	1.07E+00	1.03E+00	9.57E-01	7.15E-01	3.78E-01	6.02E-02
56.75	1.07E+00	1.03E+00	9.62E-01	7.17E-01	3.79E-01	6.07E-02
57	1.06E+00	1.03E+00	9.66E-01	7.20E-01	3.80E-01	6.11E-02
57.25	1.05E+00	1.03E+00	9.73E-01	7.23E-01	3.82E-01	6.16E-02
57.5	1.05E+00	1.03E+00	9.78E-01	7.29E-01	3.83E-01	6.20E-02
57.75	1.04E+00	1.02E+00	9.80E-01	7.35E-01	3.86E-01	6.25E-02
58	1.03E+00	1.02E+00	9.81E-01	7.42E-01	3.88E-01	6.29E-02
58.25	1.03E+00	1.02E+00	9.80E-01	7.49E-01	3.91E-01	6.34E-02
58.5	1.03E+00	1.01E+00	9.78E-01	7.52E-01	3.95E-01	6.39E-02
58.75	1.03E+00	1.01E+00	9.77E-01	7.54E-01	3.98E-01	6.43E-02
59	1.03E+00	1.01E+00	9.76E-01	7.56E-01	4.01E-01	6.48E-02
59.25	1.03E+00	1.01E+00	9.75E-01	7.57E-01	4.03E-01	6.54E-02
59.5	1.03E+00	1.01E+00	9.75E-01	7.58E-01	4.05E-01	6.59E-02
59.75	1.03E+00	1.01E+00	9.74E-01	7.59E-01	4.07E-01	6.65E-02
60	1.04E+00	1.01E+00	9.74E-01	7.60E-01	4.09E-01	6.71E-02
60.25	1.04E+00	1.01E+00	9.73E-01	7.61E-01	4.10E-01	6.76E-02
60.5	1.04E+00	1.01E+00	9.73E-01	7.61E-01	4.12E-01	6.82E-02
60.75	1.05E+00	1.01E+00	9.72E-01	7.61E-01	4.13E-01	6.89E-02
61	1.05E+00	1.01E+00	9.72E-01	7.62E-01	4.14E-01	6.95E-02
61.25	1.05E+00	1.01E+00	9.72E-01	7.62E-01	4.15E-01	7.01E-02
61.5	1.06E+00	1.01E+00	9.72E-01	7.62E-01	4.16E-01	7.07E-02
61.75	1.06E+00	1.01E+00	9.72E-01	7.62E-01	4.17E-01	7.13E-02
62	1.07E+00	1.01E+00	9.72E-01	7.63E-01	4.18E-01	7.19E-02
62.25	1.07E+00	1.01E+00	9.72E-01	7.63E-01	4.19E-01	7.25E-02
62.5	1.08E+00	1.01E+00	9.72E-01	7.63E-01	4.20E-01	7.32E-02
62.75	1.08E+00	1.02E+00	9.71E-01	7.63E-01	4.21E-01	7.38E-02
63	1.08E+00	1.02E+00	9.71E-01	7.63E-01	4.21E-01	7.44E-02
63.25	1.09E+00	1.02E+00	9.71E-01	7.63E-01	4.22E-01	7.50E-02
63.5	1.10E+00	1.02E+00	9.71E-01	7.62E-01	4.22E-01	7.56E-02
63.75	1.10E+00	1.02E+00	9.71E-01	7.62E-01	4.23E-01	7.62E-02
64	1.11E+00	1.02E+00	9.71E-01	7.62E-01	4.23E-01	7.67E-02
64.25	1.11E+00	1.03E+00	9.71E-01	7.62E-01	4.24E-01	7.73E-02
64.5	1.11E+00	1.03E+00	9.71E-01	7.62E-01	4.24E-01	7.79E-02
64.75	1.12E+00	1.03E+00	9.71E-01	7.62E-01	4.25E-01	7.85E-02
65	1.12E+00	1.03E+00	9.71E-01	7.62E-01	4.25E-01	7.90E-02
65.25	1.14E+00	1.05E+00	9.74E-01	7.62E-01	4.25E-01	7.96E-02
65.5	1.12E+00	1.07E+00	9.84E-01	7.64E-01	4.26E-01	8.01E-02
65.75	1.10E+00	1.07E+00	9.95E-01	7.66E-01	4.26E-01	8.07E-02
66	1.09E+00	1.07E+00	1.00E+00	7.70E-01	4.27E-01	8.12E-02
66.25	1.09E+00	1.06E+00	1.01E+00	7.74E-01	4.28E-01	8.17E-02
66.5	1.08E+00	1.06E+00	1.01E+00	7.77E-01	4.30E-01	8.23E-02
66.75	1.08E+00	1.06E+00	1.01E+00	7.79E-01	4.31E-01	8.28E-02
67	1.08E+00	1.06E+00	1.01E+00	7.82E-01	4.33E-01	8.33E-02
67.25	1.08E+00	1.06E+00	1.01E+00	7.84E-01	4.35E-01	8.38E-02
67.5	1.08E+00	1.06E+00	1.01E+00	7.85E-01	4.36E-01	8.43E-02
67.75	1.09E+00	1.06E+00	1.01E+00	7.86E-01	4.38E-01	8.49E-02
68	1.09E+00	1.06E+00	1.01E+00	7.86E-01	4.39E-01	8.54E-02
68.25	1.10E+00	1.06E+00	1.01E+00	7.87E-01	4.41E-01	8.60E-02
68.5	1.11E+00	1.06E+00	1.01E+00	7.88E-01	4.42E-01	8.65E-02
68.75	1.11E+00	1.07E+00	1.01E+00	7.90E-01	4.43E-01	8.71E-02
69	1.10E+00	1.07E+00	1.01E+00	7.92E-01	4.44E-01	8.76E-02
69.25	1.10E+00	1.07E+00	1.01E+00	7.93E-01	4.46E-01	8.82E-02
69.5	1.10E+00	1.07E+00	1.02E+00	7.95E-01	4.47E-01	8.88E-02
69.75	1.10E+00	1.07E+00	1.02E+00	7.96E-01	4.48E-01	8.93E-02
70	1.10E+00	1.07E+00	1.02E+00	7.97E-01	4.50E-01	8.99E-02
70.25	1.10E+00	1.07E+00	1.02E+00	7.98E-01	4.51E-01	9.05E-02
70.5	1.10E+00	1.07E+00	1.02E+00	7.99E-01	4.52E-01	9.11E-02
70.75	1.11E+00	1.07E+00	1.01E+00	7.99E-01	4.53E-01	9.16E-02
71	1.11E+00	1.07E+00	1.01E+00	7.99E-01	4.54E-01	9.22E-02
71.25	1.12E+00	1.07E+00	1.02E+00	8.00E-01	4.55E-01	9.28E-02
71.5	1.12E+00	1.08E+00	1.02E+00	8.01E-01	4.56E-01	9.34E-02
71.75	1.11E+00	1.08E+00	1.03E+00	8.04E-01	4.57E-01	9.40E-02
72	1.10E+00	1.08E+00	1.03E+00	8.07E-01	4.58E-01	9.46E-02
72.25	1.10E+00	1.08E+00	1.03E+00	8.11E-01	4.60E-01	9.52E-02
72.5	1.10E+00	1.08E+00	1.03E+00	8.13E-01	4.62E-01	9.58E-02
72.75	1.11E+00	1.08E+00	1.03E+00	8.15E-01	4.63E-01	9.63E-02
73	1.11E+00	1.08E+00	1.03E+00	8.16E-01	4.65E-01	9.69E-02
73.25	1.11E+00	1.08E+00	1.03E+00	8.18E-01	4.67E-01	9.75E-02
73.5	1.12E+00	1.08E+00	1.03E+00	8.19E-01	4.68E-01	9.81E-02
73.75	1.13E+00	1.08E+00	1.03E+00	8.19E-01	4.70E-01	9.88E-02
74	1.14E+00	1.08E+00	1.03E+00	8.19E-01	4.71E-01	9.94E-02
74.25	1.15E+00	1.08E+00	1.03E+00	8.19E-01	4.72E-01	1.00E-01
74.5	1.17E+00	1.08E+00	1.03E+00	8.19E-01	4.73E-01	1.01E-01
74.75	1.18E+00	1.09E+00	1.03E+00	8.19E-01	4.74E-01	1.01E-01
75	1.19E+00	1.09E+00	1.03E+00	8.19E-01	4.75E-01	1.02E-01
75.25	1.20E+00	1.09E+00	1.03E+00	8.18E-01	4.75E-01	1.03E-01
75.5	1.20E+00	1.09E+00	1.03E+00	8.18E-01	4.76E-01	1.03E-01
75.75	1.21E+00	1.10E+00	1.03E+00	8.18E-01	4.77E-01	1.04E-01
76	1.22E+00	1.10E+00	1.03E+00	8.18E-01	4.77E-01	1.04E-01
76.25	1.23E+00	1.11E+00	1.03E+00	8.18E-01	4.77E-01	1.05E-01
76.5	1.24E+00	1.11E+00	1.03E+00	8.18E-01	4.78E-01	1.06E-01
76.75	1.26E+00	1.12E+00	1.03E+00	8.18E-01	4.78E-01	1.06E-01
77	1.27E+00	1.12E+00	1.03E+00	8.18E-01	4.78E-01	1.07E-01
77.25	1.27E+00	1.12E+00	1.03E+00	8.19E-01	4.79E-01	1.08E-01
77.5	1.28E+00	1.13E+00	1.03E+00	8.19E-01	4.79E-01	1.08E-01
77.75	1.29E+00	1.13E+00	1.04E+00	8.19E-01	4.79E-01	1.09E-01
78	1.29E+00	1.14E+00	1.04E+00	8.19E-01	4.79E-01	1.09E-01
78.25	1.31E+00	1.14E+00	1.04E+00	8.19E-01	4.80E-01	1.10E-01
78.5	1.32E+00	1.15E+00	1.04E+00	8.19E-01	4.80E-01	1.10E-01
78.75	1.33E+00	1.17E+00	1.04E+00	8.19E-01	4.80E-01	1.11E-01
79	1.33E+00	1.18E+00	1.05E+00	8.20E-01	4.80E-01	1.11E-01
79.25	1.32E+00	1.18E+00	1.05E+00	8.21E-01	4.81E-01	1.12E-01
79.5	1.32E+00	1.19E+00	1.05E+00	8.21E-01	4.81E-01	1.12E-01
79.75	1.32E+00	1.19E+00	1.06E+00	8.22E-01	4.81E-01	1.13E-01
80	1.33E+00	1.19E+00	1.06E+00	8.22E-01	4.82E-01	1.14E-01
80.25	1.33E+00	1.22E+00	1.07E+00	8.23E-01	4.82E-01	1.14E-01
80.5	1.30E+00	1.23E+00	1.09E+00	8.25E-01	4.83E-01	1.15E-01
80.75	1.28E+00	1.23E+00	1.11E+00	8.28E-01	4.84E-01	1.15E-01
81	1.26E+00	1.22E+00	1.12E+00	8.31E-01	4.84E-01	1.16E-01
81.25	1.25E+00	1.22E+00	1.13E+00	8.35E-01	4.86E-01	1.16E-01
81.5	1.25E+00	1.21E+00	1.13E+00	8.38E-01	4.87E-01	1.17E-01
81.75	1.25E+00	1.21E+00	1.13E+00	8.40E-01	4.89E-01	1.17E-01
82	1.26E+00	1.21E+00	1.13E+00	8.42E-01	4.90E-01	1.18E-01
82.25	1.26E+00	1.21E+00	1.13E+00	8.43E-01	4.92E-01	1.18E-01
82.5	1.27E+00	1.21E+00	1.13E+00	8.44E-01	4.93E-01	1.19E-01
82.75	1.28E+00	1.21E+00	1.13E+00	8.44E-01	4.94E-01	1.19E-01
83	1.28E+00	1.21E+00	1.13E+00	8.45E-01	4.95E-01	1.20E-01
83.25	1.29E+00	1.21E+00	1.13E+00	8.45E-01	4.96E-01	1.20E-01
83.5	1.29E+00	1.21E+00	1.13E+00	8.45E-01	4.97E-01	1.21E-01
83.75	1.29E+00	1.21E+00	1.13E+00	8.46E-01	4.98E-01	1.21E-01
84	1.29E+00	1.21E+00	1.13E+00	8.46E-01	4.99E-01	1.22E-01
84.25	1.30E+00	1.21E+00	1.13E+00	8.47E-01	5.00E-01	1.22E-01
84.5	1.31E+00	1.21E+00	1.13E+00	8.47E-01	5.00E-01	1.23E-01
84.75	1.31E+00	1.21E+00	1.13E+00	8.47E-01	5.01E-01	1.23E-01
85	1.32E+00	1.22E+00	1.13E+00	8.47E-01	5.02E-01	1.24E-01
85.25	1.33E+00	1.22E+00	1.13E+00	8.47E-01	5.02E-01	1.24E-01
85.5	1.34E+00	1.22E+00	1.13E+00	8.47E-01	5.03E-01	1.25E-01
85.75	1.35E+00	1.22E+00	1.13E+00	8.46E-01	5.03E-01	1.26E-01
86	1.35E+00	1.22E+00	1.13E+00	8.46E-01	5.04E-01	1.26E-01
86.25	1.36E+00	1.23E+00	1.13E+00	8.46E-01	5.04E-01	1.27E-01
86.5	1.37E+00	1.23E+00	1.13E+00	8.46E-01	5.04E-01	1.27E-01
86.75	1.38E+00	1.23E+00	1.13E+00	8.46E-01	5.05E-01	1.28E-01
87	1.39E+00	1.24E+00	1.13E+00	8.47E-01	5.05E-01	1.28E-01
87.25	1.40E+00	1.24E+00	1.13E+00	8.47E-01	5.05E-01	1.29E-01
87.5	1.41E+00	1.24E+00	1.13E+00	8.47E-01	5.06E-01	1.29E-01
87.75	1.42E+00	1.25E+00	1.13E+00	8.47E-01	5.06E-01	1.30E-01
88	1.43E+00	1.25E+00	1.13E+00	8.48E-01	5.06E-01	1.30E-01
88.25	1.44E+00	1.26E+00	1.13E+00	8.48E-01	5.06E-01	1.31E-01
88.5	1.45E+00	1.26E+00	1.13E+00	8.48E-01	5.06E-01	1.31E-01
88.75	1.47E+00	1.27E+00	1.13E+00	8.48E-01	5.06E-01	1.32E-01
89	1.48E+00	1.27E+00	1.13E+00	8.48E-01	5.07E-01	1.32E-01
89.25	1.49E+00	1.28E+00	1.13E+00	8.48E-01	5.07E-01	1.33E-01
89.5	1.51E+00	1.29E+00	1.14E+00	8.48E-01	5.07E-01	1.33E-01
89.75	1.53E+00	1.30E+00	1.14E+00	8.48E-01	5.07E-01	1.34E-01
90	1.55E+00	1.31E+00	1.14E+00	8.48E-01	5.07E-01	1.34E-01
90.25	1.56E+00	1.32E+00	1.14E+00	8.48E-01	5.07E-01	1.35E-01
90.5	1.58E+00	1.33E+00	1.14E+00	8.47E-01	5.07E-01	1.35E-01
90.75	1.59E+00	1.33E+00	1.15E+00	8.47E-01	5.06E-01	1.36E-01
91	1.61E+00	1.34E+00	1.15E+00	8.47E-01	5.06E-01	1.36E-01
91.25	1.62E+00	1.35E+00	1.15E+00	8.47E-01	5.06E-01	1.37E-01
91.5	1.64E+00	1.36E+00	1.16E+00	8.47E-01	5.06E-01	1.37E-01
91.75	1.66E+00	1.37E+00	1.16E+00	8.46E-01	5.06E-01	1.37E-01
92	1.67E+00	1.38E+00	1.16E+00	8.46E-01	5.07E-01	1.38E-01
92.25	1.68E+00	1.39E+00	1.17E+00	8.46E-01	5.07E-01	1.38E-01
92.5	1.69E+00	1.40E+00	1.17E+00	8.45E-01	5.07E-01	1.39E-01
92.75	1.70E+00	1.40E+00	1.17E+00	8.45E-01	5.07E-01	1.39E-01
93	1.71E+00	1.41E+00	1.18E+00	8.45E-01	5.07E-01	1.40E-01
93.25	1.71E+00	1.40E+00	1.18E+00	8.44E-01	5.07E-01	1.40E-01
93.5	1.73E+00	1.41E+00	1.18E+00	8.44E-01	5.07E-01	1.40E-01
93.75	1.74E+00	1.42E+00	1.18E+00	8.44E-01	5.07E-01	1.41E-01
94	1.75E+00	1.43E+00	1.18E+00	8.43E-01	5.07E-01	1.41E-01
94.25	1.75E+00	1.43E+00	1.18E+00	8.43E-01	5.07E-01	1.41E-01
94.5	1.75E+00	1.44E+00	1.18E+00	8.43E-01	5.07E-01	1.42E-01
94.75	1.75E+00	1.44E+00	1.18E+00	8.42E-01	5.07E-01	1.42E-01
95	1.74E+00	1.44E+00	1.19E+00	8.42E-01	5.07E-01	1.43E-01
95.25	1.64E+00	1.53E+00	1.23E+00	8.42E-01	5.08E-01	1.43E-01
95.5	1.50E+00	1.48E+00	1.31E+00	8.44E-01	5.08E-01	1.43E-01
95.75	1.42E+00	1.42E+00	1.33E+00	8.51E-01	5.08E-01	1.44E-01
96	1.36E+00	1.37E+00	1.32E+00	8.65E-01	5.08E-01	1.44E-01
96.25	1.35E+00	1.36E+00	1.31E+00	8.83E-01	5.09E-01	1.44E-01
96.5	1.35E+00	1.35E+00	1.30E+00	8.95E-01	5.11E-01	1.45E-01
96.75	1.35E+00	1.35E+00	1.30E+00	9.02E-01	5.13E-01	1.45E-01
97	1.35E+00	1.35E+00	1.30E+00	9.07E-01	5.15E-01	1.45E-01
97.25	1.36E+00	1.35E+00	1.30E+00	9.11E-01	5.18E-01	1.46E-01
97.5	1.34E+00	1.34E+00	1.30E+00	9.17E-01	5.20E-01	1.46E-01
97.75	1.33E+00	1.33E+00	1.29E+00	9.24E-01	5.21E-01	1.46E-01
98	1.31E+00	1.32E+00	1.29E+00	9.32E-01	5.23E-01	1.47E-01
98.25	1.31E+00	1.32E+00	1.29E+00	9.40E-01	5.26E-01	1.47E-01
98.5	1.31E+00	1.31E+00	1.28E+00	9.46E-01	5.28E-01	1.47E-01
98.75	1.31E+00	1.31E+00	1.28E+00	9.51E-01	5.30E-01	1.48E-01
99	1.32E+00	1.31E+00	1.28E+00	9.55E-01	5.33E-01	1.48E-01
99.25	1.32E+00	1.31E+00	1.28E+00	9.59E-01	5.35E-01	1.48E-01
99.5	1.32E+00	1.31E+00	1.28E+00	9.61E-01	5.37E-01	1.49E-01
99.75	1.33E+00	1.31E+00	1.27E+00	9.63E-01	5.39E-01	1.49E-01
100	1.34E+00	1.31E+00	1.27E+00	9.64E-01	5.40E-01	1.50E-01
100.25	1.34E+00	1.31E+00	1.27E+00	9.65E-01	5.42E-01	1.50E-01
100.5	1.35E+00	1.31E+00	1.27E+00	9.65E-01	5.43E-01	1.51E-01
100.75	1.36E+00	1.31E+00	1.27E+00	9.66E-01	5.44E-01	1.51E-01
101	1.36E+00	1.31E+00	1.27E+00	9.67E-01	5.46E-01	1.52E-01
101.25	1.38E+00	1.31E+00	1.27E+00	9.67E-01	5.47E-01	1.52E-01
101.5	1.39E+00	1.31E+00	1.27E+00	9.67E-01	5.48E-01	1.53E-01
101.75	1.40E+00	1.31E+00	1.27E+00	9.68E-01	5.49E-01	1.53E-01
102	1.41E+00	1.32E+00	1.27E+00	9.68E-01	5.49E-01	1.54E-01
102.25	1.43E+00	1.32E+00	1.27E+00	9.67E-01	5.50E-01	1.54E-01
102.5	1.45E+00	1.33E+00	1.27E+00	9.67E-01	5.51E-01	1.55E-01
102.75	1.47E+00	1.33E+00	1.27E+00	9.67E-01	5.51E-01	1.55E-01
103	1.49E+00	1.34E+00	1.27E+00	9.67E-01	5.52E-01	1.56E-01
103.25	1.50E+00	1.35E+00	1.27E+00	9.68E-01	5.52E-01	1.56E-01
103.5	1.51E+00	1.35E+00	1.27E+00	9.68E-01	5.53E-01	1.57E-01
103.75	1.51E+00	1.35E+00	1.27E+00	9.69E-01	5.53E-01	1.57E-01
104	1.52E+00	1.36E+00	1.27E+00	9.69E-01	5.54E-01	1.58E-01
104.25	1.54E+00	1.37E+00	1.27E+00	9.69E-01	5.54E-01	1.58E-01
104.5	1.56E+00	1.37E+00	1.27E+00	9.69E-01	5.54E-01	1.59E-01
104.75	1.57E+00	1.38E+00	1.27E+00	9.69E-01	5.54E-01	1.59E-01
105	1.59E+00	1.39E+00	1.27E+00	9.69E-01	5.55E-01	1.60E-01
105.25	1.61E+00	1.40E+00	1.27E+00	9.69E-01	5.55E-01	1.60E-01
105.5	1.63E+00	1.41E+00	1.27E+00	9.69E-01	5.55E-01	1.61E-01
105.75	1.65E+00	1.42E+00	1.28E+00	9.69E-01	5.55E-01	1.61E-01
106	1.67E+00	1.43E+00	1.28E+00	9.69E-01	5.55E-01	1.62E-01
106.25	1.70E+00	1.44E+00	1.28E+00	9.69E-01	5.55E-01	1.62E-01
106.5	1.72E+00	1.46E+00	1.29E+00	9.69E-01	5.55E-01	1.63E-01
106.75	1.75E+00	1.47E+00	1.29E+00	9.69E-01	5.55E-01	1.63E-01
107	1.77E+00	1.48E+00	1.29E+00	9.68E-01	5.55E-01	1.63E-01
107.25	1.79E+00	1.50E+00	1.30E+00	9.68E-01	5.55E-01	1.64E-01
107.5	1.80E+00	1.51E+00	1.30E+00	9.67E-01	5.55E-01	1.64E-01
107.75	1.82E+00	1.52E+00	1.31E+00	9.67E-01	5.55E-01	1.65E-01
108	1.84E+00	1.53E+00	1.31E+00	9.66E-01	5.55E-01	1.65E-01
108.25	1.85E+00	1.54E+00	1.31E+00	9.66E-01	5.55E-01	1.66E-01
108.5	1.86E+00	1.54E+00	1.32E+00	9.65E-01	5.55E-01	1.66E-01
108.75	1.87E+00	1.55E+00	1.32E+00	9.65E-01	5.55E-01	1.66E-01
109	1.88E+00	1.56E+00	1.32E+00	9.64E-01	5.55E-01	1.67E-01
109.25	1.89E+00	1.57E+00	1.33E+00	9.63E-01	5.56E-01	1.67E-01
109.5	1.90E+00	1.57E+00	1.33E+00	9.63E-01	5.56E-01	1.68E-01
109.75	1.91E+00	1.58E+00	1.33E+00	9.62E-01	5.56E-01	1.68E-01
110	1.92E+00	1.59E+00	1.34E+00	9.61E-01	5.56E-01	1.68E-01
110.25	1.94E+00	1.60E+00	1.34E+00	9.61E-01	5.56E-01	1.69E-01
110.5	1.95E+00	1.61E+00	1.34E+00	9.60E-01	5.56E-01	1.69E-01
110.75	1.97E+00	1.62E+00	1.35E+00	9.60E-01	5.56E-01	1.70E-01
111	1.98E+00	1.63E+00	1.35E+00	9.59E-01	5.56E-01	1.70E-01
111.25	1.99E+00	1.63E+00	1.36E+00	9.58E-01	5.56E-01	1.70E-01
111.5	2.00E+00	1.64E+00	1.36E+00	9.58E-01	5.56E-01	1.71E-01
111.75	2.01E+00	1.65E+00	1.36E+00	9.57E-01	5.56E-01	1.71E-01
112	2.02E+00	1.66E+00	1.37E+00	9.57E-01	5.56E-01	1.71E-01
112.25	2.07E+00	1.67E+00	1.37E+00	9.56E-01	5.56E-01	1.72E-01
112.5	2.05E+00	1.71E+00	1.37E+00	9.55E-01	5.56E-01	1.72E-01
112.75	2.00E+00	1.75E+00	1.39E+00	9.54E-01	5.56E-01	1.72E-01
113	1.96E+00	1.76E+00	1.42E+00	9.53E-01	5.56E-01	1.72E-01
113.25	1.95E+00	1.76E+00	1.43E+00	9.53E-01	5.56E-01	1.73E-01
113.5	1.96E+00	1.76E+00	1.43E+00	9.54E-01	5.56E-01	1.73E-01
113.75	1.98E+00	1.75E+00	1.44E+00	9.54E-01	5.56E-01	1.73E-01
114	2.01E+00	1.75E+00	1.44E+00	9.54E-01	5.56E-01	1.74E-01
114.25	2.03E+00	1.75E+00	1.45E+00	9.54E-01	5.56E-01	1.74E-01
114.5	2.04E+00	1.75E+00	1.45E+00	9.54E-01	5.56E-01	1.74E-01
114.75	2.06E+00	1.75E+00	1.45E+00	9.54E-01	5.56E-01	1.75E-01
115	2.08E+00	1.75E+00	1.45E+00	9.54E-01	5.56E-01	1.75E-01
115.25	2.10E+00	1.76E+00	1.45E+00	9.54E-01	5.56E-01	1.75E-01
115.5	2.13E+00	1.77E+00	1.46E+00	9.53E-01	5.56E-01	1.75E-01
115.75	2.16E+00	1.78E+00	1.46E+00	9.53E-01	5.56E-01	1.76E-01
116	2.19E+00	1.79E+00	1.46E+00	9.53E-01	5.57E-01	1.76E-01
116.25	2.21E+00	1.80E+00	1.47E+00	9.53E-01	5.57E-01	1.76E-01
116.5	2.24E+00	1.82E+00	1.47E+00	9.52E-01	5.57E-01	1.77E-01
116.75	2.27E+00	1.83E+00	1.48E+00	9.52E-01	5.57E-01	1.77E-01
117	2.30E+00	1.85E+00	1.48E+00	9.52E-01	5.57E-01	1.77E-01
117.25	2.32E+00	1.86E+00	1.49E+00	9.52E-01	5.57E-01	1.77E-01
117.5	2.35E+00	1.88E+00	1.49E+00	9.51E-01	5.57E-01	1.78E-01
117.75	2.37E+00	1.89E+00	1.50E+00	9.51E-01	5.57E-01	1.78E-01
118	2.40E+00	1.91E+00	1.51E+00	9.51E-01	5.57E-01	1.78E-01
118.25	2.41E+00	1.92E+00	1.51E+00	9.50E-01	5.57E-01	1.78E-01
118.5	2.42E+00	1.93E+00	1.52E+00	9.50E-01	5.57E-01	1.79E-01
118.75	2.43E+00	1.94E+00	1.52E+00	9.50E-01	5.57E-01	1.79E-01
119	2.45E+00	1.95E+00	1.53E+00	9.49E-01	5.57E-01	1.79E-01
119.25	2.46E+00	1.96E+00	1.53E+00	9.49E-01	5.57E-01	1.79E-01
119.5	2.47E+00	1.96E+00	1.54E+00	9.49E-01	5.57E-01	1.80E-01
119.75	2.48E+00	1.97E+00	1.54E+00	9.48E-01	5.57E-01	1.80E-01
120	2.49E+00	1.98E+00	1.55E+00	9.48E-01	5.57E-01	1.80E-01
120.25	2.50E+00	1.99E+00	1.55E+00	9.48E-01	5.57E-01	1.80E-01
120.5	2.50E+00	1.99E+00	1.56E+00	9.47E-01	5.57E-01	1.81E-01
120.75	2.51E+00	2.00E+00	1.56E+00	9.47E-01	5.57E-01	1.81E-01
121	2.51E+00	2.00E+00	1.56E+00	9.47E-01	5.56E-01	1.81E-01
121.25	2.53E+00	2.01E+00	1.57E+00	9.47E-01	5.56E-01	1.81E-01
121.5	2.55E+00	2.02E+00	1.57E+00	9.46E-01	5.56E-01	1.82E-01
121.75	2.56E+00	2.03E+00	1.58E+00	9.46E-01	5.56E-01	1.82E-01
122	2.58E+00	2.04E+00	1.58E+00	9.45E-01	5.56E-01	1.82E-01
122.25	2.60E+00	2.05E+00	1.59E+00	9.45E-01	5.56E-01	1.82E-01
122.5	2.62E+00	2.06E+00	1.59E+00	9.45E-01	5.56E-01	1.82E-01
122.75	2.63E+00	2.07E+00	1.60E+00	9.45E-01	5.56E-01	1.83E-01
123	2.65E+00	2.08E+00	1.60E+00	9.44E-01	5.55E-01	1.83E-01
123.25	2.67E+00	2.10E+00	1.61E+00	9.44E-01	5.55E-01	1.83E-01
123.5	2.69E+00	2.11E+00	1.61E+00	9.44E-01	5.55E-01	1.83E-01
123.75	2.71E+00	2.12E+00	1.62E+00	9.44E-01	5.55E-01	1.83E-01
124	2.73E+00	2.14E+00	1.63E+00	9.43E-01	5.55E-01	1.84E-01
124.25	2.74E+00	2.15E+00	1.63E+00	9.43E-01	5.55E-01	1.84E-01
124.5	2.74E+00	2.15E+00	1.64E+00	9.43E-01	5.55E-01	1.84E-01
124.75	2.75E+00	2.16E+00	1.64E+00	9.43E-01	5.55E-01	1.84E-01
125	2.76E+00	2.17E+00	1.65E+00	9.43E-01	5.54E-01	1.84E-01
125.25	2.77E+00	2.17E+00	1.65E+00	9.43E-01	5.54E-01	1.85E-01
125.5	2.79E+00	2.18E+00	1.66E+00	9.42E-01	5.54E-01	1.85E-01
125.75	2.81E+00	2.19E+00	1.66E+00	9.42E-01	5.54E-01	1.85E-01
126	2.82E+00	2.20E+00	1.67E+00	9.42E-01	5.54E-01	1.85E-01
126.25	2.84E+00	2.21E+00	1.68E+00	9.42E-01	5.54E-01	1.85E-01
126.5	2.85E+00	2.22E+00	1.68E+00	9.42E-01	5.54E-01	1.85E-01
126.75	2.87E+00	2.23E+00	1.69E+00	9.42E-01	5.53E-01	1.86E-01
127	2.88E+00	2.24E+00	1.69E+00	9.42E-01	5.53E-01	1.86E-01
127.25	2.49E+00	2.39E+00	1.72E+00	9.42E-01	5.53E-01	1.86E-01
127.5	2.11E+00	2.17E+00	1.92E+00	9.41E-01	5.53E-01	1.86E-01
127.75	1.89E+00	1.98E+00	1.91E+00	9.41E-01	5.53E-01	1.86E-01
128	1.74E+00	1.84E+00	1.83E+00	9.59E-01	5.53E-01	1.86E-01
128.25	1.74E+00	1.80E+00	1.79E+00	1.01E+00	5.52E-01	1.87E-01
128.5	1.75E+00	1.80E+00	1.77E+00	1.04E+00	5.52E-01	1.87E-01
128.75	1.75E+00	1.79E+00	1.76E+00	1.07E+00	5.52E-01	1.87E-01
129	1.75E+00	1.79E+00	1.75E+00	1.08E+00	5.53E-01	1.87E-01
129.25	1.77E+00	1.79E+00	1.75E+00	1.09E+00	5.54E-01	1.87E-01
129.5	1.79E+00	1.78E+00	1.74E+00	1.10E+00	5.56E-01	1.87E-01
129.75	1.81E+00	1.78E+00	1.74E+00	1.10E+00	5.57E-01	1.88E-01
130	1.84E+00	1.78E+00	1.74E+00	1.11E+00	5.58E-01	1.88E-01
130.25	1.87E+00	1.79E+00	1.74E+00	1.11E+00	5.59E-01	1.88E-01
130.5	1.91E+00	1.79E+00	1.74E+00	1.11E+00	5.60E-01	1.88E-01
130.75	1.95E+00	1.80E+00	1.74E+00	1.11E+00	5.61E-01	1.88E-01
131	1.98E+00	1.81E+00	1.73E+00	1.11E+00	5.62E-01	1.88E-01
131.25	2.00E+00	1.82E+00	1.73E+00	1.11E+00	5.63E-01	1.88E-01
131.5	2.02E+00	1.82E+00	1.73E+00	1.11E+00	5.64E-01	1.89E-01
131.75	2.03E+00	1.83E+00	1.73E+00	1.11E+00	5.64E-01	1.89E-01
132	2.05E+00	1.84E+00	1.73E+00	1.11E+00	5.65E-01	1.89E-01
132.25	2.08E+00	1.85E+00	1.73E+00	1.11E+00	5.65E-01	1.89E-01
132.5	2.12E+00	1.86E+00	1.73E+00	1.11E+00	5.66E-01	1.89E-01
132.75	2.15E+00	1.88E+00	1.73E+00	1.11E+00	5.66E-01	1.89E-01
133	2.19E+00	1.89E+00	1.73E+00	1.11E+00	5.66E-01	1.90E-01
133.25	2.20E+00	1.91E+00	1.73E+00	1.12E+00	5.67E-01	1.90E-01
133.5	2.22E+00	1.92E+00	1.73E+00	1.12E+00	5.67E-01	1.90E-01
133.75	2.23E+00	1.92E+00	1.73E+00	1.12E+00	5.67E-01	1.90E-01
134	2.25E+00	1.93E+00	1.73E+00	1.12E+00	5.67E-01	1.90E-01
134.25	2.28E+00	1.95E+00	1.73E+00	1.12E+00	5.67E-01	1.90E-01
134.5	2.30E+00	1.96E+00	1.73E+00	1.12E+00	5.67E-01	1.91E-01
134.75	2.33E+00	1.97E+00	1.74E+00	1.12E+00	5.68E-01	1.91E-01
135	2.36E+00	1.99E+00	1.74E+00	1.12E+00	5.68E-01	1.91E-01
135.25	2.40E+00	2.00E+00	1.74E+00	1.12E+00	5.68E-01	1.91E-01
135.5	2.44E+00	2.02E+00	1.75E+00	1.12E+00	5.68E-01	1.91E-01
135.75	2.48E+00	2.05E+00	1.75E+00	1.12E+00	5.68E-01	1.91E-01
136	2.51E+00	2.07E+00	1.76E+00	1.12E+00	5.68E-01	1.92E-01
136.25	2.55E+00	2.09E+00	1.76E+00	1.12E+00	5.68E-01	1.92E-01
136.5	2.58E+00	2.11E+00	1.77E+00	1.12E+00	5.68E-01	1.92E-01
136.75	2.61E+00	2.13E+00	1.78E+00	1.12E+00	5.68E-01	1.92E-01
137	2.65E+00	2.15E+00	1.78E+00	1.12E+00	5.68E-01	1.92E-01
137.25	2.69E+00	2.17E+00	1.79E+00	1.12E+00	5.68E-01	1.93E-01
137.5	2.74E+00	2.20E+00	1.80E+00	1.12E+00	5.68E-01	1.93E-01
137.75	2.79E+00	2.22E+00	1.81E+00	1.12E+00	5.68E-01	1.93E-01
138	2.83E+00	2.25E+00	1.82E+00	1.12E+00	5.68E-01	1.93E-01
138.25	2.87E+00	2.28E+00	1.83E+00	1.12E+00	5.68E-01	1.93E-01
138.5	2.91E+00	2.30E+00	1.84E+00	1.12E+00	5.68E-01	1.93E-01
138.75	2.95E+00	2.33E+00	1.85E+00	1.12E+00	5.68E-01	1.94E-01
139	2.99E+00	2.35E+00	1.86E+00	1.12E+00	5.68E-01	1.94E-01
139.25	3.04E+00	2.38E+00	1.87E+00	1.12E+00	5.69E-01	1.94E-01
139.5	3.09E+00	2.41E+00	1.88E+00	1.12E+00	5.69E-01	1.94E-01
139.75	3.14E+00	2.44E+00	1.89E+00	1.12E+00	5.69E-01	1.94E-01
140	3.19E+00	2.47E+00	1.91E+00	1.12E+00	5.69E-01	1.94E-01
140.25	3.22E+00	2.50E+00	1.92E+00	1.12E+00	5.69E-01	1.95E-01
140.5	3.24E+00	2.52E+00	1.93E+00	1.12E+00	5.69E-01	1.95E-01
140.75	3.26E+00	2.54E+00	1.94E+00	1.12E+00	5.69E-01	1.95E-01
141	3.29E+00	2.56E+00	1.95E+00	1.11E+00	5.69E-01	1.95E-01
141.25	3.30E+00	2.57E+00	1.96E+00	1.11E+00	5.69E-01	1.95E-01
141.5	3.32E+00	2.59E+00	1.97E+00	1.11E+00	5.69E-01	1.95E-01
141.75	3.33E+00	2.60E+00	1.98E+00	1.11E+00	5.69E-01	1.95E-01
142	3.35E+00	2.62E+00	1.99E+00	1.11E+00	5.69E-01	1.96E-01
142.25	3.31E+00	2.62E+00	2.00E+00	1.11E+00	5.69E-01	1.96E-01
142.5	3.26E+00	2.62E+00	2.00E+00	1.11E+00	5.69E-01	1.96E-01
142.75	3.23E+00	2.60E+00	2.01E+00	1.11E+00	5.69E-01	1.96E-01
143	3.20E+00	2.59E+00	2.01E+00	1.11E+00	5.69E-01	1.96E-01
143.25	3.24E+00	2.59E+00	2.01E+00	1.11E+00	5.68E-01	1.96E-01
143.5	3.32E+00	2.61E+00	2.01E+00	1.11E+00	5.68E-01	1.97E-01
143.75	3.39E+00	2.63E+00	2.02E+00	1.11E+00	5.68E-01	1.97E-01
144	3.46E+00	2.66E+00	2.02E+00	1.10E+00	5.68E-01	1.97E-01
144.25	3.51E+00	2.69E+00	2.03E+00	1.10E+00	5.68E-01	1.97E-01
144.5	3.56E+00	2.72E+00	2.04E+00	1.10E+00	5.68E-01	1.97E-01
144.75	3.61E+00	2.75E+00	2.05E+00	1.10E+00	5.68E-01	1.97E-01
145	3.66E+00	2.78E+00	2.07E+00	1.10E+00	5.68E-01	1.97E-01
145.25	3.69E+00	2.80E+00	2.08E+00	1.10E+00	5.67E-01	1.98E-01
145.5	3.71E+00	2.83E+00	2.09E+00	1.10E+00	5.67E-01	1.98E-01
145.75	3.73E+00	2.85E+00	2.10E+00	1.10E+00	5.67E-01	1.98E-01
146	3.75E+00	2.86E+00	2.11E+00	1.10E+00	5.67E-01	1.98E-01
146.25	3.81E+00	2.88E+00	2.12E+00	1.10E+00	5.67E-01	1.98E-01
146.5	3.87E+00	2.91E+00	2.13E+00	1.10E+00	5.67E-01	1.98E-01
146.75	3.94E+00	2.94E+00	2.14E+00	1.10E+00	5.67E-01	1.98E-01
147	4.00E+00	2.97E+00	2.15E+00	1.10E+00	5.67E-01	1.98E-01
147.25	3.98E+00	3.00E+00	2.17E+00	1.10E+00	5.66E-01	1.99E-01
147.5	3.87E+00	3.01E+00	2.18E+00	1.10E+00	5.66E-01	1.99E-01
147.75	3.79E+00	2.99E+00	2.19E+00	1.10E+00	5.66E-01	1.99E-01
148	3.72E+00	2.97E+00	2.19E+00	1.10E+00	5.66E-01	1.99E-01
148.25	3.76E+00	2.95E+00	2.19E+00	1.10E+00	5.66E-01	1.99E-01
148.5	3.86E+00	2.96E+00	2.19E+00	1.10E+00	5.66E-01	1.99E-01
148.75	3.95E+00	2.98E+00	2.20E+00	1.10E+00	5.66E-01	1.99E-01
149	4.06E+00	3.01E+00	2.21E+00	1.09E+00	5.65E-01	1.99E-01
149.25	4.06E+00	3.05E+00	2.21E+00	1.09E+00	5.65E-01	1.99E-01
149.5	3.98E+00	3.06E+00	2.22E+00	1.09E+00	5.65E-01	2.00E-01
149.75	3.92E+00	3.06E+00	2.23E+00	1.09E+00	5.65E-01	2.00E-01
150	3.87E+00	3.05E+00	2.24E+00	1.09E+00	5.65E-01	2.00E-01
150.25	3.62E+00	3.08E+00	2.24E+00	1.09E+00	5.65E-01	2.00E-01
150.5	3.18E+00	3.14E+00	2.25E+00	1.09E+00	5.65E-01	2.00E-01
150.75	2.88E+00	2.96E+00	2.44E+00	1.09E+00	5.64E-01	2.00E-01
151	2.66E+00	2.79E+00	2.51E+00	1.09E+00	5.64E-01	2.00E-01
151.25	2.66E+00	2.71E+00	2.49E+00	1.09E+00	5.64E-01	2.00E-01
151.5	2.65E+00	2.69E+00	2.46E+00	1.09E+00	5.64E-01	2.00E-01
151.75	2.67E+00	2.68E+00	2.45E+00	1.09E+00	5.64E-01	2.01E-01
152	2.71E+00	2.68E+00	2.44E+00	1.10E+00	5.64E-01	2.01E-01
152.25	2.77E+00	2.67E+00	2.43E+00	1.10E+00	5.64E-01	2.01E-01
152.5	2.85E+00	2.67E+00	2.44E+00	1.10E+00	5.63E-01	2.01E-01
152.75	2.93E+00	2.68E+00	2.43E+00	1.10E+00	5.63E-01	2.01E-01
153	3.00E+00	2.69E+00	2.43E+00	1.10E+00	5.63E-01	2.01E-01
153.25	3.07E+00	2.69E+00	2.42E+00	1.10E+00	5.63E-01	2.01E-01
153.5	3.02E+00	2.73E+00	2.42E+00	1.11E+00	5.63E-01	2.01E-01
153.75	2.93E+00	2.76E+00	2.43E+00	1.11E+00	5.63E-01	2.01E-01
154	2.84E+00	2.77E+00	2.44E+00	1.11E+00	5.62E-01	2.01E-01
154.25	2.76E+00	2.75E+00	2.45E+00	1.11E+00	5.62E-01	2.01E-01
154.5	2.69E+00	2.72E+00	2.47E+00	1.11E+00	5.62E-01	2.02E-01
154.75	2.62E+00	2.68E+00	2.47E+00	1.11E+00	5.62E-01	2.02E-01
155	2.57E+00	2.64E+00	2.47E+00	1.12E+00	5.62E-01	2.02E-01
155.25	2.56E+00	2.61E+00	2.46E+00	1.12E+00	5.62E-01	2.02E-01
155.5	2.56E+00	2.60E+00	2.45E+00	1.13E+00	5.62E-01	2.02E-01
155.75	2.56E+00	2.59E+00	2.45E+00	1.14E+00	5.62E-01	2.02E-01
156	2.55E+00	2.59E+00	2.44E+00	1.15E+00	5.62E-01	2.02E-01
156.25	2.55E+00	2.58E+00	2.43E+00	1.16E+00	5.61E-01	2.02E-01
156.5	2.57E+00	2.58E+00	2.43E+00	1.16E+00	5.61E-01	2.02E-01
156.75	2.61E+00	2.57E+00	2.43E+00	1.17E+00	5.61E-01	2.02E-01
157	2.66E+00	2.57E+00	2.43E+00	1.17E+00	5.62E-01	2.02E-01
157.25	2.68E+00	2.57E+00	2.43E+00	1.17E+00	5.62E-01	2.03E-01
157.5	2.68E+00	2.56E+00	2.42E+00	1.17E+00	5.62E-01	2.03E-01
157.75	2.69E+00	2.56E+00	2.42E+00	1.18E+00	5.62E-01	2.03E-01
158	2.69E+00	2.56E+00	2.42E+00	1.18E+00	5.62E-01	2.03E-01
158.25	2.76E+00	2.57E+00	2.41E+00	1.18E+00	5.63E-01	2.03E-01
158.5	2.86E+00	2.58E+00	2.41E+00	1.18E+00	5.63E-01	2.03E-01
158.75	2.96E+00	2.61E+00	2.41E+00	1.18E+00	5.63E-01	2.03E-01
159	3.06E+00	2.64E+00	2.40E+00	1.18E+00	5.63E-01	2.03E-01
159.25	3.18E+00	2.68E+00	2.39E+00	1.18E+00	5.63E-01	2.03E-01
159.5	3.30E+00	2.73E+00	2.39E+00	1.18E+00	5.63E-01	2.03E-01
159.75	3.42E+00	2.78E+00	2.39E+00	1.19E+00	5.63E-01	2.03E-01
160	3.55E+00	2.84E+00	2.40E+00	1.19E+00	5.63E-01	2.03E-01
160.25	3.65E+00	2.90E+00	2.41E+00	1.19E+00	5.64E-01	2.04E-01
160.5	3.74E+00	2.95E+00	2.41E+00	1.19E+00	5.64E-01	2.04E-01
160.75	3.84E+00	3.01E+00	2.43E+00	1.20E+00	5.64E-01	2.04E-01
161	3.95E+00	3.06E+00	2.44E+00	1.20E+00	5.64E-01	2.04E-01
161.25	3.88E+00	3.09E+00	2.45E+00	1.20E+00	5.64E-01	2.04E-01
161.5	3.81E+00	3.06E+00	2.46E+00	1.20E+00	5.64E-01	2.04E-01
161.75	3.61E+00	3.13E+00	2.45E+00	1.20E+00	5.64E-01	2.04E-01
162	3.43E+00	3.19E+00	2.44E+00	1.21E+00	5.64E-01	2.04E-01
162.25	3.29E+00	3.18E+00	2.49E+00	1.21E+00	5.64E-01	2.04E-01
162.5	3.17E+00	3.13E+00	2.54E+00	1.21E+00	5.64E-01	2.04E-01
162.75	3.07E+00	3.08E+00	2.59E+00	1.21E+00	5.64E-01	2.04E-01
163	2.98E+00	3.03E+00	2.63E+00	1.20E+00	5.64E-01	2.05E-01
163.25	2.97E+00	2.99E+00	2.64E+00	1.20E+00	5.64E-01	2.05E-01
163.5	2.98E+00	2.98E+00	2.63E+00	1.21E+00	5.64E-01	2.05E-01
163.75	3.03E+00	2.97E+00	2.63E+00	1.21E+00	5.64E-01	2.05E-01
164	3.09E+00	2.96E+00	2.63E+00	1.21E+00	5.64E-01	2.05E-01
164.25	3.16E+00	2.96E+00	2.63E+00	1.21E+00	5.64E-01	2.05E-01
164.5	3.23E+00	2.95E+00	2.63E+00	1.21E+00	5.65E-01	2.05E-01
164.75	3.29E+00	2.96E+00	2.62E+00	1.21E+00	5.65E-01	2.05E-01
165	3.36E+00	2.97E+00	2.62E+00	1.21E+00	5.65E-01	2.05E-01
165.25	3.44E+00	2.99E+00	2.61E+00	1.22E+00	5.65E-01	2.05E-01
165.5	3.53E+00	3.01E+00	2.60E+00	1.22E+00	5.65E-01	2.05E-01
165.75	3.62E+00	3.04E+00	2.60E+00	1.22E+00	5.65E-01	2.05E-01
166	3.70E+00	3.07E+00	2.60E+00	1.22E+00	5.65E-01	2.06E-01
166.25	3.79E+00	3.10E+00	2.60E+00	1.22E+00	5.65E-01	2.06E-01
166.5	3.89E+00	3.14E+00	2.60E+00	1.22E+00	5.65E-01	2.06E-01
166.75	3.98E+00	3.18E+00	2.60E+00	1.22E+00	5.65E-01	2.06E-01
167	4.07E+00	3.22E+00	2.60E+00	1.22E+00	5.65E-01	2.06E-01
167.25	4.15E+00	3.27E+00	2.61E+00	1.23E+00	5.65E-01	2.06E-01
167.5	4.24E+00	3.31E+00	2.62E+00	1.23E+00	5.65E-01	2.06E-01
167.75	4.32E+00	3.35E+00	2.62E+00	1.23E+00	5.65E-01	2.06E-01
168	4.41E+00	3.40E+00	2.63E+00	1.23E+00	5.65E-01	2.06E-01
168.25	4.49E+00	3.44E+00	2.65E+00	1.23E+00	5.65E-01	2.06E-01
168.5	4.58E+00	3.49E+00	2.66E+00	1.23E+00	5.65E-01	2.06E-01
168.75	4.66E+00	3.53E+00	2.67E+00	1.23E+00	5.65E-01	2.06E-01
169	4.75E+00	3.58E+00	2.68E+00	1.23E+00	5.65E-01	2.07E-01
169.25	4.73E+00	3.62E+00	2.70E+00	1.23E+00	5.65E-01	2.07E-01
169.5	4.63E+00	3.64E+00	2.71E+00	1.24E+00	5.65E-01	2.07E-01
169.75	4.54E+00	3.63E+00	2.72E+00	1.24E+00	5.65E-01	2.07E-01
170	4.47E+00	3.62E+00	2.73E+00	1.24E+00	5.65E-01	2.07E-01
170.25	4.49E+00	3.60E+00	2.74E+00	1.24E+00	5.65E-01	2.07E-01
170.5	4.59E+00	3.61E+00	2.74E+00	1.24E+00	5.65E-01	2.07E-01
170.75	4.70E+00	3.62E+00	2.74E+00	1.24E+00	5.65E-01	2.07E-01
171	4.80E+00	3.65E+00	2.75E+00	1.24E+00	5.65E-01	2.07E-01
171.25	4.76E+00	3.68E+00	2.76E+00	1.24E+00	5.65E-01	2.07E-01
171.5	4.72E+00	3.65E+00	2.76E+00	1.24E+00	5.65E-01	2.07E-01
171.75	4.48E+00	3.69E+00	2.75E+00	1.24E+00	5.65E-01	2.07E-01
172	4.26E+00	3.81E+00	2.73E+00	1.24E+00	5.65E-01	2.07E-01
172.25	4.19E+00	3.81E+00	2.74E+00	1.24E+00	5.65E-01	2.08E-01
172.5	4.18E+00	3.80E+00	2.74E+00	1.24E+00	5.65E-01	2.08E-01
172.75	4.17E+00	3.79E+00	2.74E+00	1.24E+00	5.65E-01	2.08E-01
173	4.17E+00	3.78E+00	2.75E+00	1.24E+00	5.65E-01	2.08E-01
173.25	4.20E+00	3.76E+00	2.76E+00	1.24E+00	5.65E-01	2.08E-01
173.5	4.26E+00	3.74E+00	2.77E+00	1.24E+00	5.65E-01	2.08E-01
173.75	4.34E+00	3.72E+00	2.78E+00	1.24E+00	5.65E-01	2.08E-01
174	4.42E+00	3.71E+00	2.80E+00	1.24E+00	5.65E-01	2.08E-01
174.25	4.48E+00	3.68E+00	2.81E+00	1.24E+00	5.65E-01	2.08E-01
174.5	4.23E+00	3.79E+00	2.79E+00	1.24E+00	5.65E-01	2.08E-01
174.75	3.99E+00	3.81E+00	2.84E+00	1.24E+00	5.65E-01	2.08E-01
175	3.79E+00	3.75E+00	2.94E+00	1.24E+00	5.65E-01	2.08E-01
175.25	3.76E+00	3.68E+00	3.00E+00	1.24E+00	5.65E-01	2.08E-01
175.5	3.77E+00	3.66E+00	3.00E+00	1.24E+00	5.65E-01	2.09E-01
175.75	3.84E+00	3.66E+00	2.99E+00	1.24E+00	5.65E-01	2.09E-01
176	3.92E+00	3.64E+00	3.00E+00	1.23E+00	5.65E-01	2.09E-01
176.25	4.01E+00	3.63E+00	3.01E+00	1.23E+00	5.65E-01	2.09E-01
176.5	4.09E+00	3.63E+00	3.01E+00	1.23E+00	5.65E-01	2.09E-01
176.75	4.16E+00	3.63E+00	3.00E+00	1.23E+00	5.64E-01	2.09E-01
177	4.24E+00	3.64E+00	3.00E+00	1.23E+00	5.64E-01	2.09E-01
177.25	4.24E+00	3.65E+00	2.99E+00	1.23E+00	5.64E-01	2.09E-01
177.5	4.22E+00	3.64E+00	2.98E+00	1.23E+00	5.64E-01	2.09E-01
177.75	4.24E+00	3.63E+00	2.97E+00	1.23E+00	5.64E-01	2.09E-01
178	4.28E+00	3.62E+00	2.96E+00	1.23E+00	5.64E-01	2.09E-01
178.25	4.35E+00	3.62E+00	2.96E+00	1.23E+00	5.64E-01	2.09E-01
178.5	4.44E+00	3.65E+00	2.95E+00	1.24E+00	5.64E-01	2.09E-01
178.75	4.54E+00	3.68E+00	2.95E+00	1.24E+00	5.64E-01	2.09E-01
179	4.64E+00	3.71E+00	2.95E+00	1.24E+00	5.64E-01	2.10E-01
179.25	4.60E+00	3.73E+00	2.95E+00	1.24E+00	5.64E-01	2.10E-01
179.5	4.63E+00	3.72E+00	2.95E+00	1.24E+00	5.64E-01	2.10E-01
179.75	4.70E+00	3.70E+00	2.94E+00	1.24E+00	5.64E-01	2.10E-01
180	4.71E+00	3.72E+00	2.93E+00	1.24E+00	5.64E-01	2.10E-01
180.25	4.71E+00	3.74E+00	2.92E+00	1.24E+00	5.64E-01	2.10E-01
180.5	4.70E+00	3.76E+00	2.92E+00	1.24E+00	5.64E-01	2.10E-01
180.75	4.72E+00	3.79E+00	2.92E+00	1.24E+00	5.64E-01	2.10E-01
181	4.75E+00	3.81E+00	2.93E+00	1.24E+00	5.64E-01	2.10E-01
181.25	4.87E+00	3.83E+00	2.93E+00	1.24E+00	5.63E-01	2.10E-01
181.5	5.01E+00	3.87E+00	2.94E+00	1.24E+00	5.63E-01	2.10E-01
181.75	5.15E+00	3.92E+00	2.95E+00	1.24E+00	5.63E-01	2.10E-01
182	5.29E+00	3.98E+00	2.97E+00	1.24E+00	5.63E-01	2.10E-01
182.25	5.37E+00	4.04E+00	2.98E+00	1.24E+00	5.63E-01	2.10E-01
182.5	5.41E+00	4.09E+00	2.99E+00	1.24E+00	5.63E-01	2.10E-01
182.75	5.47E+00	4.13E+00	3.01E+00	1.24E+00	5.63E-01	2.11E-01
183	5.53E+00	4.17E+00	3.02E+00	1.24E+00	5.63E-01	2.11E-01
183.25	5.46E+00	4.19E+00	3.04E+00	1.24E+00	5.63E-01	2.11E-01
183.5	5.46E+00	4.17E+00	3.05E+00	1.25E+00	5.63E-01	2.11E-01
183.75	5.41E+00	4.12E+00	3.05E+00	1.25E+00	5.63E-01	2.11E-01
184	5.25E+00	4.17E+00	3.04E+00	1.25E+00	5.63E-01	2.11E-01
184.25	5.18E+00	4.24E+00	3.02E+00	1.25E+00	5.63E-01	2.11E-01
184.5	5.15E+00	4.23E+00	3.01E+00	1.25E+00	5.63E-01	2.11E-01
184.75	5.11E+00	4.23E+00	3.01E+00	1.25E+00	5.63E-01	2.11E-01
185	5.09E+00	4.22E+00	3.01E+00	1.25E+00	5.63E-01	2.11E-01
185.25	4.85E+00	4.31E+00	3.01E+00	1.25E+00	5.63E-01	2.11E-01
185.5	4.36E+00	4.29E+00	3.10E+00	1.25E+00	5.63E-01	2.11E-01
185.75	3.99E+00	4.09E+00	3.30E+00	1.25E+00	5.63E-01	2.11E-01
186	3.71E+00	3.88E+00	3.40E+00	1.25E+00	5.63E-01	2.11E-01
186.25	3.67E+00	3.77E+00	3.39E+00	1.25E+00	5.63E-01	2.11E-01
186.5	3.66E+00	3.73E+00	3.37E+00	1.25E+00	5.63E-01	2.11E-01
186.75	3.66E+00	3.70E+00	3.35E+00	1.26E+00	5.63E-01	2.11E-01
187	3.65E+00	3.68E+00	3.34E+00	1.27E+00	5.63E-01	2.12E-01
187.25	3.65E+00	3.67E+00	3.32E+00	1.28E+00	5.63E-01	2.12E-01
187.5	3.75E+00	3.66E+00	3.32E+00	1.28E+00	5.63E-01	2.12E-01
187.75	3.88E+00	3.65E+00	3.32E+00	1.29E+00	5.63E-01	2.12E-01
188	4.02E+00	3.66E+00	3.32E+00	1.30E+00	5.63E-01	2.12E-01
188.25	3.52E+00	3.68E+00	3.33E+00	1.30E+00	5.62E-01	2.12E-01
188.5	3.05E+00	3.33E+00	3.33E+00	1.30E+00	5.62E-01	2.12E-01
188.75	2.75E+00	3.03E+00	3.15E+00	1.31E+00	5.62E-01	2.12E-01
189	2.52E+00	2.78E+00	2.96E+00	1.37E+00	5.62E-01	2.12E-01
189.25	2.35E+00	2.59E+00	2.78E+00	1.51E+00	5.62E-01	2.12E-01
189.5	2.21E+00	2.43E+00	2.63E+00	1.66E+00	5.62E-01	2.12E-01
189.75	2.09E+00	2.30E+00	2.49E+00	1.79E+00	5.62E-01	2.12E-01
190	1.99E+00	2.18E+00	2.37E+00	1.87E+00	5.63E-01	2.12E-01
190.25	1.99E+00	2.15E+00	2.32E+00	1.92E+00	5.65E-01	2.12E-01
190.5	1.97E+00	2.13E+00	2.28E+00	1.94E+00	5.70E-01	2.12E-01
190.75	1.96E+00	2.10E+00	2.25E+00	1.95E+00	5.77E-01	2.12E-01
191	1.94E+00	2.08E+00	2.23E+00	1.96E+00	5.87E-01	2.12E-01
191.25	1.94E+00	2.07E+00	2.21E+00	1.96E+00	5.99E-01	2.13E-01
191.5	1.94E+00	2.06E+00	2.19E+00	1.97E+00	6.13E-01	2.13E-01
191.75	1.95E+00	2.05E+00	2.18E+00	1.97E+00	6.26E-01	2.13E-01
192	1.95E+00	2.05E+00	2.17E+00	1.97E+00	6.40E-01	2.13E-01
192.25	1.95E+00	2.05E+00	2.16E+00	1.97E+00	6.54E-01	2.13E-01
192.5	1.96E+00	2.05E+00	2.16E+00	1.97E+00	6.67E-01	2.13E-01
192.75	1.99E+00	2.05E+00	2.16E+00	1.97E+00	6.80E-01	2.13E-01
193	2.02E+00	2.05E+00	2.16E+00	1.96E+00	6.91E-01	2.13E-01
193.25	2.06E+00	2.05E+00	2.16E+00	1.96E+00	7.02E-01	2.13E-01
193.5	2.06E+00	2.06E+00	2.15E+00	1.96E+00	7.12E-01	2.13E-01
193.75	2.04E+00	2.07E+00	2.14E+00	1.96E+00	7.21E-01	2.13E-01
194	2.02E+00	2.07E+00	2.13E+00	1.96E+00	7.30E-01	2.13E-01
194.25	2.02E+00	2.07E+00	2.13E+00	1.97E+00	7.38E-01	2.13E-01
194.5	2.03E+00	2.07E+00	2.13E+00	1.96E+00	7.46E-01	2.13E-01
194.75	2.05E+00	2.07E+00	2.13E+00	1.96E+00	7.55E-01	2.13E-01
195	2.08E+00	2.07E+00	2.13E+00	1.96E+00	7.62E-01	2.14E-01
195.25	2.10E+00	2.07E+00	2.13E+00	1.96E+00	7.70E-01	2.14E-01
195.5	2.12E+00	2.08E+00	2.13E+00	1.96E+00	7.76E-01	2.14E-01
195.75	2.15E+00	2.08E+00	2.13E+00	1.96E+00	7.83E-01	2.14E-01
196	2.17E+00	2.08E+00	2.13E+00	1.96E+00	7.88E-01	2.14E-01
196.25	2.19E+00	2.09E+00	2.13E+00	1.96E+00	7.94E-01	2.14E-01
196.5	2.21E+00	2.10E+00	2.13E+00	1.95E+00	7.99E-01	2.14E-01
196.75	2.23E+00	2.10E+00	2.13E+00	1.95E+00	8.04E-01	2.15E-01
197	2.24E+00	2.11E+00	2.13E+00	1.95E+00	8.08E-01	2.15E-01
197.25	2.29E+00	2.12E+00	2.13E+00	1.95E+00	8.12E-01	2.15E-01
197.5	2.34E+00	2.14E+00	2.13E+00	1.95E+00	8.16E-01	2.15E-01
197.75	2.39E+00	2.16E+00	2.13E+00	1.95E+00	8.20E-01	2.15E-01
198	2.44E+00	2.18E+00	2.13E+00	1.95E+00	8.23E-01	2.15E-01
198.25	2.16E+00	2.23E+00	2.16E+00	1.95E+00	8.26E-01	2.16E-01
198.5	1.93E+00	2.07E+00	2.15E+00	1.95E+00	8.29E-01	2.16E-01
198.75	1.80E+00	1.93E+00	2.06E+00	1.97E+00	8.32E-01	2.16E-01
199	1.70E+00	1.83E+00	1.97E+00	1.98E+00	8.37E-01	2.16E-01
199.25	1.72E+00	1.83E+00	1.95E+00	1.98E+00	8.46E-01	2.16E-01
199.5	1.73E+00	1.83E+00	1.95E+00	1.97E+00	8.64E-01	2.17E-01
199.75	1.73E+00	1.84E+00	1.95E+00	1.97E+00	8.84E-01	2.17E-01
200	1.75E+00	1.84E+00	1.94E+00	1.96E+00	9.02E-01	2.17E-01
200.25	1.80E+00	1.84E+00	1.95E+00	1.96E+00	9.19E-01	2.17E-01
200.5	1.85E+00	1.84E+00	1.94E+00	1.96E+00	9.33E-01	2.17E-01
200.75	1.90E+00	1.85E+00	1.94E+00	1.95E+00	9.45E-01	2.18E-01
201	1.96E+00	1.86E+00	1.94E+00	1.95E+00	9.55E-01	2.18E-01
201.25	1.99E+00	1.90E+00	1.93E+00	1.95E+00	9.64E-01	2.18E-01
201.5	1.92E+00	1.92E+00	1.93E+00	1.95E+00	9.72E-01	2.19E-01
201.75	1.86E+00	1.91E+00	1.94E+00	1.95E+00	9.80E-01	2.19E-01
202	1.81E+00	1.89E+00	1.94E+00	1.95E+00	9.87E-01	2.19E-01
202.25	1.75E+00	1.85E+00	1.92E+00	1.94E+00	9.95E-01	2.20E-01
202.5	1.70E+00	1.80E+00	1.90E+00	1.94E+00	1.00E+00	2.20E-01
202.75	1.66E+00	1.76E+00	1.87E+00	1.94E+00	1.02E+00	2.20E-01
203	1.62E+00	1.72E+00	1.84E+00	1.93E+00	1.03E+00	2.21E-01
203.25	1.62E+00	1.71E+00	1.82E+00	1.93E+00	1.04E+00	2.21E-01
203.5	1.62E+00	1.69E+00	1.80E+00	1.92E+00	1.06E+00	2.21E-01
203.75	1.61E+00	1.69E+00	1.78E+00	1.91E+00	1.08E+00	2.22E-01
204	1.61E+00	1.68E+00	1.77E+00	1.91E+00	1.10E+00	2.22E-01
204.25	1.61E+00	1.68E+00	1.77E+00	1.90E+00	1.11E+00	2.23E-01
204.5	1.63E+00	1.68E+00	1.77E+00	1.90E+00	1.13E+00	2.23E-01
204.75	1.66E+00	1.68E+00	1.77E+00	1.89E+00	1.14E+00	2.24E-01
205	1.69E+00	1.68E+00	1.77E+00	1.89E+00	1.15E+00	2.24E-01
205.25	1.74E+00	1.69E+00	1.77E+00	1.89E+00	1.16E+00	2.25E-01
205.5	1.78E+00	1.70E+00	1.77E+00	1.88E+00	1.17E+00	2.26E-01
205.75	1.83E+00	1.72E+00	1.77E+00	1.88E+00	1.18E+00	2.26E-01
206	1.88E+00	1.74E+00	1.77E+00	1.88E+00	1.18E+00	2.27E-01
206.25	1.90E+00	1.75E+00	1.77E+00	1.88E+00	1.19E+00	2.28E-01
206.5	1.92E+00	1.76E+00	1.77E+00	1.88E+00	1.19E+00	2.29E-01
206.75	1.94E+00	1.77E+00	1.77E+00	1.88E+00	1.19E+00	2.30E-01
207	1.96E+00	1.78E+00	1.77E+00	1.88E+00	1.20E+00	2.31E-01
207.25	1.99E+00	1.80E+00	1.77E+00	1.88E+00	1.20E+00	2.31E-01
207.5	2.03E+00	1.82E+00	1.78E+00	1.88E+00	1.20E+00	2.32E-01
207.75	2.06E+00	1.83E+00	1.78E+00	1.87E+00	1.20E+00	2.33E-01
208	2.09E+00	1.85E+00	1.79E+00	1.87E+00	1.21E+00	2.34E-01
208.25	2.13E+00	1.87E+00	1.79E+00	1.87E+00	1.21E+00	2.35E-01
208.5	2.17E+00	1.90E+00	1.80E+00	1.87E+00	1.21E+00	2.36E-01
208.75	2.21E+00	1.92E+00	1.81E+00	1.87E+00	1.21E+00	2.37E-01
209	2.26E+00	1.95E+00	1.82E+00	1.87E+00	1.21E+00	2.38E-01
209.25	2.30E+00	1.97E+00	1.83E+00	1.87E+00	1.21E+00	2.39E-01
209.5	2.34E+00	2.00E+00	1.84E+00	1.87E+00	1.21E+00	2.40E-01
209.75	2.39E+00	2.03E+00	1.85E+00	1.87E+00	1.21E+00	2.40E-01
210	2.43E+00	2.06E+00	1.86E+00	1.87E+00	1.21E+00	2.41E-01
210.25	2.48E+00	2.09E+00	1.88E+00	1.87E+00	1.21E+00	2.42E-01
210.5	2.53E+00	2.12E+00	1.89E+00	1.86E+00	1.21E+00	2.43E-01
210.75	2.58E+00	2.15E+00	1.90E+00	1.86E+00	1.21E+00	2.44E-01
211	2.63E+00	2.19E+00	1.92E+00	1.86E+00	1.21E+00	2.45E-01
211.25	2.67E+00	2.22E+00	1.94E+00	1.86E+00	1.21E+00	2.45E-01
211.5	2.71E+00	2.24E+00	1.95E+00	1.86E+00	1.21E+00	2.46E-01
211.75	2.75E+00	2.27E+00	1.97E+00	1.86E+00	1.21E+00	2.47E-01
212	2.79E+00	2.30E+00	1.98E+00	1.85E+00	1.21E+00	2.48E-01
212.25	2.83E+00	2.33E+00	2.00E+00	1.85E+00	1.21E+00	2.49E-01
212.5	2.86E+00	2.35E+00	2.01E+00	1.85E+00	1.21E+00	2.49E-01
212.75	2.90E+00	2.38E+00	2.03E+00	1.85E+00	1.21E+00	2.50E-01
213	2.94E+00	2.41E+00	2.04E+00	1.85E+00	1.21E+00	2.51E-01
213.25	2.97E+00	2.43E+00	2.05E+00	1.84E+00	1.21E+00	2.52E-01
213.5	2.99E+00	2.45E+00	2.07E+00	1.84E+00	1.21E+00	2.52E-01
213.75	3.02E+00	2.47E+00	2.08E+00	1.84E+00	1.21E+00	2.53E-01
214	3.05E+00	2.49E+00	2.09E+00	1.84E+00	1.21E+00	2.54E-01
214.25	3.10E+00	2.52E+00	2.11E+00	1.84E+00	1.21E+00	2.54E-01
214.5	3.15E+00	2.55E+00	2.12E+00	1.84E+00	1.21E+00	2.55E-01
214.75	3.19E+00	2.58E+00	2.14E+00	1.83E+00	1.21E+00	2.56E-01
215	3.24E+00	2.61E+00	2.15E+00	1.83E+00	1.21E+00	2.56E-01
215.25	3.29E+00	2.64E+00	2.17E+00	1.83E+00	1.21E+00	2.57E-01
215.5	3.34E+00	2.67E+00	2.19E+00	1.83E+00	1.21E+00	2.57E-01
215.75	3.39E+00	2.71E+00	2.20E+00	1.83E+00	1.21E+00	2.58E-01
216	3.43E+00	2.74E+00	2.22E+00	1.83E+00	1.21E+00	2.59E-01
216.25	3.46E+00	2.77E+00	2.24E+00	1.83E+00	1.21E+00	2.59E-01
216.5	3.48E+00	2.79E+00	2.25E+00	1.82E+00	1.21E+00	2.60E-01
216.75	3.51E+00	2.81E+00	2.27E+00	1.82E+00	1.21E+00	2.60E-01
217	3.54E+00	2.83E+00	2.28E+00	1.82E+00	1.21E+00	2.61E-01
217.25	3.60E+00	2.86E+00	2.30E+00	1.82E+00	1.21E+00	2.61E-01
217.5	3.66E+00	2.89E+00	2.31E+00	1.82E+00	1.21E+00	2.62E-01
217.75	3.71E+00	2.93E+00	2.33E+00	1.82E+00	1.21E+00	2.62E-01
218	3.77E+00	2.97E+00	2.35E+00	1.82E+00	1.21E+00	2.63E-01
218.25	3.72E+00	2.99E+00	2.36E+00	1.82E+00	1.20E+00	2.63E-01
218.5	3.36E+00	3.13E+00	2.38E+00	1.82E+00	1.20E+00	2.64E-01
218.75	3.09E+00	3.07E+00	2.49E+00	1.81E+00	1.20E+00	2.64E-01
219	2.88E+00	2.96E+00	2.58E+00	1.81E+00	1.20E+00	2.65E-01
219.25	2.73E+00	2.84E+00	2.61E+00	1.81E+00	1.20E+00	2.65E-01
219.5	2.61E+00	2.74E+00	2.61E+00	1.81E+00	1.20E+00	2.66E-01
219.75	2.51E+00	2.65E+00	2.59E+00	1.82E+00	1.20E+00	2.66E-01
220	2.43E+00	2.57E+00	2.56E+00	1.82E+00	1.20E+00	2.67E-01
220.25	2.43E+00	2.56E+00	2.53E+00	1.83E+00	1.20E+00	2.67E-01
220.5	2.48E+00	2.55E+00	2.52E+00	1.84E+00	1.20E+00	2.68E-01
220.75	2.57E+00	2.54E+00	2.52E+00	1.84E+00	1.20E+00	2.68E-01
221	2.66E+00	2.54E+00	2.52E+00	1.84E+00	1.20E+00	2.68E-01
221.25	2.76E+00	2.56E+00	2.51E+00	1.85E+00	1.20E+00	2.69E-01
221.5	2.86E+00	2.59E+00	2.50E+00	1.85E+00	1.20E+00	2.69E-01
221.75	2.96E+00	2.63E+00	2.49E+00	1.85E+00	1.20E+00	2.70E-01
222	3.05E+00	2.67E+00	2.49E+00	1.85E+00	1.21E+00	2.70E-01
222.25	3.10E+00	2.71E+00	2.48E+00	1.85E+00	1.21E+00	2.70E-01
222.5	2.95E+00	2.78E+00	2.49E+00	1.85E+00	1.21E+00	2.71E-01
222.75	2.81E+00	2.78E+00	2.53E+00	1.85E+00	1.21E+00	2.71E-01
223	2.70E+00	2.74E+00	2.55E+00	1.85E+00	1.21E+00	2.72E-01
223.25	2.69E+00	2.72E+00	2.56E+00	1.86E+00	1.21E+00	2.72E-01
223.5	2.71E+00	2.72E+00	2.55E+00	1.86E+00	1.21E+00	2.73E-01
223.75	2.77E+00	2.71E+00	2.56E+00	1.87E+00	1.21E+00	2.73E-01
224	2.83E+00	2.70E+00	2.56E+00	1.87E+00	1.21E+00	2.73E-01
224.25	2.87E+00	2.70E+00	2.55E+00	1.87E+00	1.21E+00	2.74E-01
224.5	2.88E+00	2.71E+00	2.56E+00	1.87E+00	1.21E+00	2.74E-01
224.75	2.86E+00	2.73E+00	2.56E+00	1.87E+00	1.21E+00	2.75E-01
225	2.83E+00	2.73E+00	2.56E+00	1.87E+00	1.21E+00	2.75E-01
225.25	2.34E+00	2.53E+00	2.57E+00	1.88E+00	1.21E+00	2.75E-01
225.5	2.07E+00	2.26E+00	2.41E+00	1.91E+00	1.21E+00	2.76E-01
225.75	1.90E+00	2.08E+00	2.25E+00	1.98E+00	1.21E+00	2.76E-01
226	1.77E+00	1.93E+00	2.11E+00	2.03E+00	1.22E+00	2.77E-01
226.25	1.79E+00	1.93E+00	2.08E+00	2.05E+00	1.23E+00	2.77E-01
226.5	1.80E+00	1.94E+00	2.07E+00	2.05E+00	1.25E+00	2.78E-01
226.75	1.83E+00	1.94E+00	2.07E+00	2.05E+00	1.27E+00	2.78E-01
227	1.87E+00	1.93E+00	2.07E+00	2.05E+00	1.28E+00	2.78E-01
227.25	1.89E+00	1.94E+00	2.07E+00	2.05E+00	1.29E+00	2.79E-01
227.5	1.90E+00	1.94E+00	2.07E+00	2.05E+00	1.30E+00	2.79E-01
227.75	1.92E+00	1.94E+00	2.06E+00	2.04E+00	1.31E+00	2.80E-01
228	1.94E+00	1.94E+00	2.06E+00	2.04E+00	1.31E+00	2.80E-01
228.25	1.97E+00	1.94E+00	2.06E+00	2.04E+00	1.32E+00	2.81E-01
228.5	2.00E+00	1.95E+00	2.06E+00	2.04E+00	1.32E+00	2.82E-01
228.75	2.03E+00	1.96E+00	2.06E+00	2.04E+00	1.33E+00	2.83E-01
229	2.06E+00	1.97E+00	2.06E+00	2.04E+00	1.33E+00	2.83E-01
229.25	2.10E+00	1.98E+00	2.05E+00	2.04E+00	1.33E+00	2.84E-01
229.5	2.14E+00	2.00E+00	2.05E+00	2.04E+00	1.34E+00	2.85E-01
229.75	2.17E+00	2.02E+00	2.05E+00	2.04E+00	1.34E+00	2.86E-01
230	2.21E+00	2.03E+00	2.05E+00	2.04E+00	1.34E+00	2.87E-01
230.25	1.96E+00	2.05E+00	2.07E+00	2.04E+00	1.34E+00	2.88E-01
230.5	1.77E+00	1.91E+00	2.02E+00	2.04E+00	1.35E+00	2.89E-01
230.75	1.66E+00	1.79E+00	1.93E+00	2.04E+00	1.35E+00	2.90E-01
231	1.58E+00	1.70E+00	1.84E+00	2.03E+00	1.36E+00	2.91E-01
231.25	1.58E+00	1.68E+00	1.81E+00	2.01E+00	1.38E+00	2.92E-01
231.5	1.58E+00	1.67E+00	1.79E+00	2.00E+00	1.41E+00	2.93E-01
231.75	1.57E+00	1.66E+00	1.78E+00	1.99E+00	1.43E+00	2.94E-01
232	1.56E+00	1.65E+00	1.76E+00	1.98E+00	1.44E+00	2.95E-01
232.25	1.57E+00	1.65E+00	1.76E+00	1.97E+00	1.46E+00	2.96E-01
232.5	1.58E+00	1.65E+00	1.75E+00	1.96E+00	1.47E+00	2.98E-01
232.75	1.59E+00	1.65E+00	1.75E+00	1.96E+00	1.48E+00	3.00E-01
233	1.60E+00	1.65E+00	1.75E+00	1.95E+00	1.49E+00	3.02E-01
233.25	1.61E+00	1.65E+00	1.75E+00	1.95E+00	1.49E+00	3.04E-01
233.5	1.63E+00	1.65E+00	1.75E+00	1.95E+00	1.50E+00	3.06E-01
233.75	1.65E+00	1.65E+00	1.75E+00	1.94E+00	1.50E+00	3.09E-01
234	1.67E+00	1.66E+00	1.75E+00	1.94E+00	1.51E+00	3.11E-01
234.25	1.69E+00	1.66E+00	1.75E+00	1.94E+00	1.51E+00	3.14E-01
234.5	1.72E+00	1.67E+00	1.75E+00	1.94E+00	1.51E+00	3.17E-01
234.75	1.75E+00	1.68E+00	1.75E+00	1.94E+00	1.52E+00	3.20E-01
235	1.78E+00	1.69E+00	1.75E+00	1.94E+00	1.52E+00	3.23E-01
235.25	1.81E+00	1.70E+00	1.75E+00	1.94E+00	1.52E+00	3.26E-01
235.5	1.84E+00	1.72E+00	1.75E+00	1.94E+00	1.52E+00	3.29E-01
235.75	1.87E+00	1.73E+00	1.75E+00	1.93E+00	1.52E+00	3.32E-01
236	1.90E+00	1.74E+00	1.75E+00	1.93E+00	1.52E+00	3.35E-01
236.25	1.94E+00	1.76E+00	1.75E+00	1.93E+00	1.53E+00	3.38E-01
236.5	1.95E+00	1.78E+00	1.76E+00	1.93E+00	1.53E+00	3.41E-01
236.75	1.94E+00	1.80E+00	1.76E+00	1.93E+00	1.53E+00	3.44E-01
237	1.94E+00	1.82E+00	1.77E+00	1.93E+00	1.53E+00	3.47E-01
237.25	1.78E+00	1.82E+00	1.79E+00	1.93E+00	1.53E+00	3.50E-01
237.5	1.67E+00	1.76E+00	1.80E+00	1.92E+00	1.53E+00	3.53E-01
237.75	1.60E+00	1.69E+00	1.77E+00	1.91E+00	1.53E+00	3.55E-01
238	1.54E+00	1.64E+00	1.74E+00	1.90E+00	1.54E+00	3.58E-01
238.25	1.55E+00	1.64E+00	1.73E+00	1.89E+00	1.55E+00	3.61E-01
238.5	1.55E+00	1.64E+00	1.73E+00	1.89E+00	1.56E+00	3.64E-01
238.75	1.57E+00	1.64E+00	1.73E+00	1.88E+00	1.56E+00	3.67E-01
239	1.59E+00	1.63E+00	1.73E+00	1.88E+00	1.57E+00	3.70E-01
239.25	1.59E+00	1.64E+00	1.71E+00	1.88E+00	1.57E+00	3.73E-01
239.5	1.53E+00	1.61E+00	1.69E+00	1.87E+00	1.58E+00	3.77E-01
239.75	1.49E+00	1.58E+00	1.67E+00	1.86E+00	1.58E+00	3.80E-01
240	1.46E+00	1.55E+00	1.65E+00	1.85E+00	1.59E+00	3.84E-01
240.25	1.47E+00	1.55E+00	1.64E+00	1.85E+00	1.60E+00	3.88E-01
240.5	1.47E+00	1.55E+00	1.64E+00	1.84E+00	1.60E+00	3.92E-01
240.75	1.49E+00	1.55E+00	1.64E+00	1.84E+00	1.61E+00	3.96E-01
241	1.51E+00	1.55E+00	1.65E+00	1.84E+00	1.61E+00	4.00E-01
241.25	1.53E+00	1.55E+00	1.65E+00	1.84E+00	1.61E+00	4.05E-01
241.5	1.56E+00	1.55E+00	1.64E+00	1.83E+00	1.61E+00	4.10E-01
241.75	1.58E+00	1.56E+00	1.64E+00	1.83E+00	1.62E+00	4.15E-01
242	1.61E+00	1.56E+00	1.64E+00	1.83E+00	1.62E+00	4.21E-01
242.25	1.60E+00	1.60E+00	1.63E+00	1.83E+00	1.62E+00	4.26E-01
242.5	1.54E+00	1.59E+00	1.64E+00	1.83E+00	1.62E+00	4.31E-01
242.75	1.50E+00	1.57E+00	1.63E+00	1.82E+00	1.62E+00	4.36E-01
243	1.47E+00	1.54E+00	1.62E+00	1.81E+00	1.62E+00	4.41E-01
243.25	1.47E+00	1.54E+00	1.61E+00	1.80E+00	1.63E+00	4.46E-01
243.5	1.48E+00	1.54E+00	1.61E+00	1.80E+00	1.63E+00	4.51E-01
243.75	1.49E+00	1.54E+00	1.61E+00	1.80E+00	1.63E+00	4.56E-01
244	1.51E+00	1.54E+00	1.61E+00	1.80E+00	1.64E+00	4.62E-01
244.25	1.54E+00	1.54E+00	1.61E+00	1.79E+00	1.64E+00	4.68E-01
244.5	1.56E+00	1.54E+00	1.61E+00	1.79E+00	1.64E+00	4.73E-01
244.75	1.59E+00	1.55E+00	1.61E+00	1.79E+00	1.64E+00	4.79E-01
245	1.61E+00	1.56E+00	1.61E+00	1.79E+00	1.64E+00	4.85E-01
245.25	1.64E+00	1.56E+00	1.61E+00	1.79E+00	1.64E+00	4.90E-01
245.5	1.67E+00	1.58E+00	1.61E+00	1.79E+00	1.64E+00	4.96E-01
245.75	1.69E+00	1.59E+00	1.61E+00	1.79E+00	1.64E+00	5.01E-01
246	1.72E+00	1.60E+00	1.61E+00	1.79E+00	1.64E+00	5.07E-01
246.25	1.75E+00	1.61E+00	1.62E+00	1.79E+00	1.64E+00	5.12E-01
246.5	1.77E+00	1.62E+00	1.62E+00	1.79E+00	1.64E+00	5.17E-01
246.75	1.80E+00	1.64E+00	1.62E+00	1.79E+00	1.64E+00	5.22E-01
247	1.82E+00	1.65E+00	1.62E+00	1.79E+00	1.64E+00	5.27E-01
247.25	1.84E+00	1.66E+00	1.63E+00	1.79E+00	1.64E+00	5.32E-01
247.5	1.86E+00	1.68E+00	1.63E+00	1.79E+00	1.64E+00	5.36E-01
247.75	1.89E+00	1.69E+00	1.64E+00	1.79E+00	1.64E+00	5.41E-01
248	1.91E+00	1.70E+00	1.64E+00	1.79E+00	1.64E+00	5.45E-01
248.25	1.93E+00	1.72E+00	1.65E+00	1.79E+00	1.64E+00	5.49E-01
248.5	1.96E+00	1.73E+00	1.65E+00	1.79E+00	1.64E+00	5.53E-01
248.75	1.98E+00	1.75E+00	1.66E+00	1.79E+00	1.64E+00	5.57E-01
249	2.01E+00	1.76E+00	1.66E+00	1.79E+00	1.64E+00	5.61E-01
249.25	2.04E+00	1.78E+00	1.67E+00	1.79E+00	1.64E+00	5.64E-01
249.5	2.07E+00	1.80E+00	1.68E+00	1.79E+00	1.64E+00	5.68E-01
249.75	2.09E+00	1.81E+00	1.68E+00	1.79E+00	1.64E+00	5.72E-01
250	2.12E+00	1.83E+00	1.69E+00	1.78E+00	1.64E+00	5.75E-01
250.25	2.15E+00	1.85E+00	1.70E+00	1.78E+00	1.64E+00	5.78E-01
250.5	2.17E+00	1.87E+00	1.71E+00	1.78E+00	1.64E+00	5.82E-01
250.75	2.20E+00	1.88E+00	1.72E+00	1.78E+00	1.64E+00	5.85E-01
251	2.22E+00	1.90E+00	1.72E+00	1.78E+00	1.64E+00	5.88E-01
251.25	2.24E+00	1.92E+00	1.73E+00	1.78E+00	1.64E+00	5.91E-01
251.5	2.27E+00	1.93E+00	1.74E+00	1.78E+00	1.64E+00	5.94E-01
251.75	2.29E+00	1.95E+00	1.75E+00	1.78E+00	1.63E+00	5.97E-01
252	2.31E+00	1.96E+00	1.76E+00	1.78E+00	1.63E+00	6.00E-01
252.25	2.34E+00	1.98E+00	1.77E+00	1.78E+00	1.63E+00	6.03E-01
252.5	2.37E+00	2.00E+00	1.78E+00	1.78E+00	1.63E+00	6.06E-01
252.75	2.40E+00	2.02E+00	1.79E+00	1.78E+00	1.63E+00	6.09E-01
253	2.43E+00	2.04E+00	1.80E+00	1.78E+00	1.63E+00	6.11E-01
253.25	2.44E+00	2.05E+00	1.80E+00	1.78E+00	1.63E+00	6.14E-01
253.5	2.45E+00	2.06E+00	1.81E+00	1.78E+00	1.63E+00	6.16E-01
253.75	2.46E+00	2.07E+00	1.82E+00	1.78E+00	1.63E+00	6.19E-01
254	2.47E+00	2.08E+00	1.82E+00	1.78E+00	1.63E+00	6.21E-01
254.25	2.32E+00	2.19E+00	1.87E+00	1.78E+00	1.63E+00	6.24E-01
254.5	2.10E+00	2.13E+00	1.96E+00	1.78E+00	1.63E+00	6.26E-01
254.75	1.95E+00	2.03E+00	1.98E+00	1.78E+00	1.63E+00	6.28E-01
255	1.85E+00	1.94E+00	1.96E+00	1.77E+00	1.63E+00	6.30E-01
255.25	1.85E+00	1.93E+00	1.94E+00	1.78E+00	1.63E+00	6.32E-01
255.5	1.85E+00	1.93E+00	1.93E+00	1.78E+00	1.64E+00	6.34E-01
255.75	1.88E+00	1.92E+00	1.93E+00	1.78E+00	1.64E+00	6.36E-01
256	1.92E+00	1.92E+00	1.93E+00	1.78E+00	1.64E+00	6.38E-01
256.25	1.96E+00	1.92E+00	1.93E+00	1.78E+00	1.64E+00	6.40E-01
256.5	1.93E+00	1.93E+00	1.92E+00	1.78E+00	1.64E+00	6.43E-01
256.75	1.90E+00	1.93E+00	1.92E+00	1.79E+00	1.64E+00	6.45E-01
257	1.87E+00	1.92E+00	1.92E+00	1.79E+00	1.64E+00	6.47E-01
257.25	1.87E+00	1.91E+00	1.91E+00	1.79E+00	1.64E+00	6.49E-01
257.5	1.87E+00	1.91E+00	1.91E+00	1.79E+00	1.65E+00	6.51E-01
257.75	1.87E+00	1.91E+00	1.91E+00	1.79E+00	1.65E+00	6.54E-01
258	1.88E+00	1.91E+00	1.91E+00	1.80E+00	1.65E+00	6.56E-01
258.25	1.89E+00	1.91E+00	1.91E+00	1.80E+00	1.65E+00	6.58E-01
258.5	1.89E+00	1.91E+00	1.91E+00	1.80E+00	1.65E+00	6.61E-01
258.75	1.90E+00	1.91E+00	1.91E+00	1.80E+00	1.65E+00	6.63E-01
259	1.90E+00	1.91E+00	1.91E+00	1.80E+00	1.65E+00	6.65E-01
259.25	1.91E+00	1.91E+00	1.91E+00	1.80E+00	1.65E+00	6.68E-01
259.5	1.93E+00	1.91E+00	1.91E+00	1.80E+00	1.65E+00	6.70E-01
259.75	1.94E+00	1.91E+00	1.91E+00	1.80E+00	1.65E+00	6.73E-01
260	1.96E+00	1.91E+00	1.91E+00	1.80E+00	1.65E+00	6.75E-01
260.25	1.99E+00	1.91E+00	1.91E+00	1.80E+00	1.65E+00	6.78E-01
260.5	2.01E+00	1.92E+00	1.90E+00	1.80E+00	1.65E+00	6.80E-01
260.75	2.04E+00	1.92E+00	1.90E+00	1.80E+00	1.65E+00	6.83E-01
261	2.07E+00	1.93E+00	1.90E+00	1.80E+00	1.65E+00	6.85E-01
261.25	2.11E+00	1.94E+00	1.90E+00	1.80E+00	1.65E+00	6.87E-01
261.5	2.11E+00	1.97E+00	1.90E+00	1.80E+00	1.65E+00	6.90E-01
261.75	2.10E+00	1.99E+00	1.91E+00	1.80E+00	1.65E+00	6.92E-01
262	2.08E+00	2.00E+00	1.91E+00	1.80E+00	1.65E+00	6.94E-01
262.25	2.07E+00	2.00E+00	1.92E+00	1.80E+00	1.65E+00	6.97E-01
262.5	2.08E+00	2.00E+00	1.92E+00	1.80E+00	1.65E+00	6.99E-01
262.75	2.09E+00	2.00E+00	1.92E+00	1.80E+00	1.65E+00	7.01E-01
263	2.11E+00	2.00E+00	1.92E+00	1.80E+00	1.65E+00	7.03E-01
263.25	2.12E+00	2.00E+00	1.92E+00	1.80E+00	1.65E+00	7.06E-01
263.5	2.14E+00	2.01E+00	1.92E+00	1.80E+00	1.65E+00	7.08E-01
263.75	2.16E+00	2.01E+00	1.92E+00	1.80E+00	1.65E+00	7.10E-01
264	2.17E+00	2.01E+00	1.92E+00	1.80E+00	1.65E+00	7.12E-01
264.25	2.20E+00	2.02E+00	1.93E+00	1.80E+00	1.65E+00	7.14E-01
264.5	2.22E+00	2.03E+00	1.93E+00	1.80E+00	1.65E+00	7.16E-01
264.75	2.24E+00	2.03E+00	1.93E+00	1.81E+00	1.65E+00	7.18E-01
265	2.26E+00	2.04E+00	1.93E+00	1.81E+00	1.65E+00	7.20E-01
265.25	2.08E+00	2.10E+00	1.97E+00	1.81E+00	1.65E+00	7.22E-01
265.5	1.88E+00	1.98E+00	1.99E+00	1.81E+00	1.65E+00	7.24E-01
265.75	1.75E+00	1.87E+00	1.94E+00	1.81E+00	1.65E+00	7.26E-01
266	1.66E+00	1.78E+00	1.88E+00	1.82E+00	1.65E+00	7.28E-01
266.25	1.64E+00	1.74E+00	1.84E+00	1.83E+00	1.65E+00	7.30E-01
266.5	1.61E+00	1.71E+00	1.82E+00	1.84E+00	1.66E+00	7.32E-01
266.75	1.58E+00	1.68E+00	1.79E+00	1.84E+00	1.66E+00	7.34E-01
267	1.56E+00	1.66E+00	1.77E+00	1.84E+00	1.66E+00	7.36E-01
267.25	1.55E+00	1.64E+00	1.75E+00	1.84E+00	1.66E+00	7.38E-01
267.5	1.54E+00	1.63E+00	1.73E+00	1.84E+00	1.67E+00	7.41E-01
267.75	1.53E+00	1.62E+00	1.72E+00	1.84E+00	1.67E+00	7.43E-01
268	1.52E+00	1.61E+00	1.71E+00	1.84E+00	1.67E+00	7.46E-01
268.25	1.53E+00	1.61E+00	1.70E+00	1.84E+00	1.67E+00	7.49E-01
268.5	1.53E+00	1.61E+00	1.70E+00	1.84E+00	1.67E+00	7.52E-01
268.75	1.53E+00	1.61E+00	1.70E+00	1.83E+00	1.67E+00	7.55E-01
269	1.53E+00	1.61E+00	1.70E+00	1.83E+00	1.67E+00	7.59E-01
269.25	1.54E+00	1.61E+00	1.70E+00	1.83E+00	1.67E+00	7.63E-01
269.5	1.55E+00	1.61E+00	1.70E+00	1.83E+00	1.68E+00	7.66E-01
269.75	1.56E+00	1.61E+00	1.70E+00	1.83E+00	1.68E+00	7.70E-01
270	1.57E+00	1.61E+00	1.70E+00	1.83E+00	1.68E+00	7.74E-01
270.25	1.58E+00	1.61E+00	1.70E+00	1.83E+00	1.68E+00	7.79E-01
270.5	1.60E+00	1.61E+00	1.70E+00	1.83E+00	1.68E+00	7.83E-01
270.75	1.61E+00	1.61E+00	1.70E+00	1.83E+00	1.68E+00	7.87E-01
271	1.62E+00	1.61E+00	1.70E+00	1.83E+00	1.68E+00	7.91E-01
271.25	1.63E+00	1.62E+00	1.70E+00	1.83E+00	1.68E+00	7.94E-01
271.5	1.64E+00	1.62E+00	1.70E+00	1.83E+00	1.68E+00	7.98E-01
271.75	1.65E+00	1.62E+00	1.70E+00	1.83E+00	1.68E+00	8.02E-01
272	1.66E+00	1.63E+00	1.70E+00	1.82E+00	1.68E+00	8.06E-01
272.25	1.67E+00	1.63E+00	1.70E+00	1.82E+00	1.68E+00	8.10E-01
272.5	1.67E+00	1.64E+00	1.69E+00	1.82E+00	1.68E+00	8.13E-01
272.75	1.68E+00	1.64E+00	1.69E+00	1.82E+00	1.68E+00	8.17E-01
273	1.68E+00	1.65E+00	1.69E+00	1.82E+00	1.68E+00	8.20E-01
273.25	1.68E+00	1.65E+00	1.69E+00	1.82E+00	1.68E+00	8.24E-01
273.5	1.68E+00	1.65E+00	1.69E+00	1.82E+00	1.68E+00	8.27E-01
273.75	1.69E+00	1.66E+00	1.69E+00	1.82E+00	1.68E+00	8.31E-01
274	1.70E+00	1.66E+00	1.69E+00	1.82E+00	1.68E+00	8.34E-01
274.25	1.70E+00	1.66E+00	1.69E+00	1.82E+00	1.68E+00	8.37E-01
274.5	1.71E+00	1.66E+00	1.69E+00	1.82E+00	1.68E+00	8.41E-01
274.75	1.71E+00	1.66E+00	1.69E+00	1.82E+00	1.68E+00	8.44E-01
275	1.72E+00	1.67E+00	1.70E+00	1.82E+00	1.68E+00	8.47E-01
275.25	1.73E+00	1.67E+00	1.70E+00	1.82E+00	1.68E+00	8.50E-01
275.5	1.74E+00	1.67E+00	1.70E+00	1.82E+00	1.68E+00	8.53E-01
275.75	1.75E+00	1.68E+00	1.70E+00	1.82E+00	1.68E+00	8.56E-01
276	1.76E+00	1.68E+00	1.70E+00	1.82E+00	1.68E+00	8.59E-01
276.25	1.78E+00	1.69E+00	1.70E+00	1.82E+00	1.68E+00	8.62E-01
276.5	1.79E+00	1.69E+00	1.70E+00	1.82E+00	1.68E+00	8.65E-01
276.75	1.81E+00	1.70E+00	1.70E+00	1.82E+00	1.68E+00	8.68E-01
277	1.82E+00	1.70E+00	1.70E+00	1.82E+00	1.68E+00	8.71E-01
277.25	1.84E+00	1.71E+00	1.70E+00	1.82E+00	1.68E+00	8.74E-01
277.5	1.85E+00	1.72E+00	1.70E+00	1.82E+00	1.68E+00	8.76E-01
277.75	1.87E+00	1.72E+00	1.71E+00	1.82E+00	1.68E+00	8.79E-01
278	1.88E+00	1.73E+00	1.71E+00	1.82E+00	1.68E+00	8.82E-01
278.25	1.89E+00	1.74E+00	1.71E+00	1.82E+00	1.68E+00	8.84E-01
278.5	1.90E+00	1.74E+00	1.71E+00	1.82E+00	1.68E+00	8.87E-01
278.75	1.90E+00	1.75E+00	1.71E+00	1.82E+00	1.68E+00	8.89E-01
279	1.91E+00	1.75E+00	1.71E+00	1.82E+00	1.68E+00	8.92E-01
279.25	1.92E+00	1.76E+00	1.72E+00	1.82E+00	1.68E+00	8.94E-01
279.5	1.93E+00	1.76E+00	1.72E+00	1.82E+00	1.68E+00	8.97E-01
279.75	1.94E+00	1.77E+00	1.72E+00	1.82E+00	1.68E+00	8.99E-01
280	1.95E+00	1.77E+00	1.72E+00	1.82E+00	1.68E+00	9.01E-01
280.25	1.96E+00	1.78E+00	1.72E+00	1.81E+00	1.68E+00	9.03E-01
280.5	1.97E+00	1.79E+00	1.73E+00	1.81E+00	1.68E+00	9.06E-01
280.75	1.98E+00	1.79E+00	1.73E+00	1.81E+00	1.68E+00	9.08E-01
281	1.99E+00	1.80E+00	1.73E+00	1.81E+00	1.68E+00	9.10E-01
281.25	2.00E+00	1.80E+00	1.73E+00	1.81E+00	1.68E+00	9.12E-01
281.5	2.00E+00	1.81E+00	1.73E+00	1.81E+00	1.68E+00	9.14E-01
281.75	2.01E+00	1.81E+00	1.74E+00	1.81E+00	1.68E+00	9.16E-01
282	2.02E+00	1.82E+00	1.74E+00	1.81E+00	1.68E+00	9.18E-01
282.25	2.03E+00	1.82E+00	1.74E+00	1.81E+00	1.68E+00	9.20E-01
282.5	2.04E+00	1.83E+00	1.74E+00	1.81E+00	1.68E+00	9.22E-01
282.75	2.04E+00	1.84E+00	1.75E+00	1.81E+00	1.68E+00	9.23E-01
283	2.05E+00	1.84E+00	1.75E+00	1.81E+00	1.68E+00	9.25E-01
283.25	2.06E+00	1.85E+00	1.75E+00	1.81E+00	1.68E+00	9.27E-01
283.5	2.07E+00	1.85E+00	1.75E+00	1.81E+00	1.68E+00	9.29E-01
283.75	2.08E+00	1.86E+00	1.76E+00	1.81E+00	1.68E+00	9.31E-01
284	2.10E+00	1.87E+00	1.76E+00	1.81E+00	1.68E+00	9.32E-01
284.25	2.11E+00	1.88E+00	1.76E+00	1.81E+00	1.68E+00	9.34E-01
284.5	2.12E+00	1.88E+00	1.77E+00	1.81E+00	1.68E+00	9.36E-01
284.75	2.14E+00	1.89E+00	1.77E+00	1.81E+00	1.68E+00	9.38E-01
285	2.15E+00	1.90E+00	1.77E+00	1.81E+00	1.68E+00	9.39E-01
285.25	2.16E+00	1.91E+00	1.78E+00	1.81E+00	1.68E+00	9.41E-01
285.5	2.18E+00	1.91E+00	1.78E+00	1.81E+00	1.68E+00	9.43E-01
285.75	2.19E+00	1.92E+00	1.78E+00	1.81E+00	1.68E+00	9.44E-01
286	2.20E+00	1.93E+00	1.79E+00	1.81E+00	1.68E+00	9.46E-01
286.25	2.21E+00	1.94E+00	1.79E+00	1.81E+00	1.68E+00	9.47E-01
286.5	2.22E+00	1.94E+00	1.79E+00	1.81E+00	1.68E+00	9.49E-01
286.75	2.23E+00	1.95E+00	1.80E+00	1.81E+00	1.68E+00	9.51E-01
287	2.24E+00	1.96E+00	1.80E+00	1.81E+00	1.68E+00	9.52E-01
287.25	2.25E+00	1.96E+00	1.80E+00	1.81E+00	1.68E+00	9.54E-01
287.5	2.26E+00	1.97E+00	1.81E+00	1.81E+00	1.68E+00	9.55E-01
287.75	2.27E+00	1.98E+00	1.81E+00	1.81E+00	1.68E+00	9.57E-01
288	2.28E+00	1.99E+00	1.81E+00	1.81E+00	1.68E+00	9.58E-01
288.25	2.29E+00	2.04E+00	1.82E+00	1.81E+00	1.68E+00	9.59E-01
288.5	2.18E+00	2.08E+00	1.85E+00	1.81E+00	1.68E+00	9.61E-01
288.75	2.08E+00	2.06E+00	1.89E+00	1.81E+00	1.68E+00	9.62E-01
289	2.01E+00	2.03E+00	1.91E+00	1.81E+00	1.68E+00	9.64E-01
289.25	2.00E+00	2.02E+00	1.92E+00	1.80E+00	1.68E+00	9.65E-01
289.5	2.00E+00	2.01E+00	1.92E+00	1.80E+00	1.68E+00	9.66E-01
289.75	1.99E+00	2.01E+00	1.92E+00	1.80E+00	1.68E+00	9.68E-01
290	1.99E+00	2.00E+00	1.92E+00	1.80E+00	1.68E+00	9.69E-01
290.25	1.88E+00	1.96E+00	1.93E+00	1.80E+00	1.68E+00	9.70E-01
290.5	1.76E+00	1.87E+00	1.91E+00	1.80E+00	1.68E+00	9.72E-01
290.75	1.68E+00	1.80E+00	1.87E+00	1.80E+00	1.68E+00	9.73E-01
291	1.62E+00	1.73E+00	1.83E+00	1.80E+00	1.68E+00	9.74E-01
291.25	1.63E+00	1.72E+00	1.81E+00	1.81E+00	1.68E+00	9.76E-01
291.5	1.63E+00	1.72E+00	1.80E+00	1.81E+00	1.68E+00	9.77E-01
291.75	1.64E+00	1.72E+00	1.80E+00	1.81E+00	1.68E+00	9.78E-01
292	1.64E+00	1.72E+00	1.79E+00	1.81E+00	1.69E+00	9.79E-01
292.25	1.64E+00	1.72E+00	1.79E+00	1.81E+00	1.69E+00	9.81E-01
292.5	1.64E+00	1.72E+00	1.79E+00	1.81E+00	1.69E+00	9.82E-01
292.75	1.65E+00	1.72E+00	1.79E+00	1.81E+00	1.69E+00	9.84E-01
293	1.65E+00	1.72E+00	1.79E+00	1.81E+00	1.69E+00	9.85E-01
293.25	1.53E+00	1.64E+00	1.74E+00	1.81E+00	1.69E+00	9.87E-01
293.5	1.44E+00	1.54E+00	1.66E+00	1.81E+00	1.69E+00	9.89E-01
293.75	1.39E+00	1.47E+00	1.59E+00	1.80E+00	1.69E+00	9.90E-01
294	1.34E+00	1.42E+00	1.53E+00	1.78E+00	1.70E+00	9.92E-01
294.25	1.35E+00	1.42E+00	1.52E+00	1.76E+00	1.70E+00	9.94E-01
294.5	1.36E+00	1.43E+00	1.52E+00	1.75E+00	1.71E+00	9.96E-01
294.75	1.36E+00	1.43E+00	1.52E+00	1.75E+00	1.71E+00	9.98E-01
295	1.37E+00	1.43E+00	1.52E+00	1.74E+00	1.71E+00	1.00E+00
295.25	1.38E+00	1.43E+00	1.52E+00	1.74E+00	1.71E+00	1.00E+00
295.5	1.39E+00	1.43E+00	1.52E+00	1.74E+00	1.71E+00	1.01E+00
295.75	1.40E+00	1.43E+00	1.52E+00	1.73E+00	1.71E+00	1.01E+00
296	1.41E+00	1.43E+00	1.52E+00	1.73E+00	1.71E+00	1.02E+00
296.25	1.42E+00	1.43E+00	1.52E+00	1.73E+00	1.71E+00	1.02E+00
296.5	1.44E+00	1.44E+00	1.52E+00	1.73E+00	1.71E+00	1.02E+00
296.75	1.45E+00	1.44E+00	1.52E+00	1.73E+00	1.71E+00	1.03E+00
297	1.47E+00	1.44E+00	1.52E+00	1.73E+00	1.71E+00	1.03E+00
297.25	1.48E+00	1.44E+00	1.52E+00	1.73E+00	1.71E+00	1.04E+00
297.5	1.49E+00	1.45E+00	1.52E+00	1.73E+00	1.71E+00	1.04E+00
297.75	1.50E+00	1.45E+00	1.52E+00	1.73E+00	1.71E+00	1.05E+00
298	1.52E+00	1.46E+00	1.52E+00	1.73E+00	1.71E+00	1.05E+00
298.25	1.53E+00	1.46E+00	1.52E+00	1.73E+00	1.71E+00	1.05E+00
298.5	1.54E+00	1.47E+00	1.52E+00	1.73E+00	1.71E+00	1.06E+00
298.75	1.56E+00	1.48E+00	1.52E+00	1.72E+00	1.71E+00	1.06E+00
299	1.57E+00	1.48E+00	1.52E+00	1.72E+00	1.71E+00	1.07E+00
299.25	1.58E+00	1.49E+00	1.52E+00	1.72E+00	1.71E+00	1.07E+00
299.5	1.59E+00	1.49E+00	1.52E+00	1.72E+00	1.71E+00	1.07E+00
299.75	1.59E+00	1.49E+00	1.52E+00	1.72E+00	1.71E+00	1.08E+00
300	1.60E+00	1.50E+00	1.52E+00	1.72E+00	1.71E+00	1.08E+00
300.25	1.62E+00	1.51E+00	1.52E+00	1.72E+00	1.71E+00	1.08E+00
300.5	1.61E+00	1.53E+00	1.52E+00	1.72E+00	1.71E+00	1.09E+00
300.75	1.59E+00	1.55E+00	1.53E+00	1.72E+00	1.71E+00	1.09E+00
301	1.57E+00	1.55E+00	1.54E+00	1.72E+00	1.71E+00	1.09E+00
301.25	1.56E+00	1.55E+00	1.54E+00	1.72E+00	1.71E+00	1.09E+00
301.5	1.56E+00	1.55E+00	1.54E+00	1.72E+00	1.71E+00	1.10E+00
301.75	1.56E+00	1.55E+00	1.54E+00	1.71E+00	1.71E+00	1.10E+00
302	1.56E+00	1.55E+00	1.55E+00	1.71E+00	1.71E+00	1.10E+00
302.25	1.56E+00	1.55E+00	1.55E+00	1.71E+00	1.71E+00	1.11E+00
302.5	1.56E+00	1.55E+00	1.55E+00	1.71E+00	1.71E+00	1.11E+00
302.75	1.57E+00	1.55E+00	1.55E+00	1.71E+00	1.71E+00	1.11E+00
303	1.57E+00	1.55E+00	1.55E+00	1.71E+00	1.71E+00	1.11E+00
303.25	1.57E+00	1.55E+00	1.55E+00	1.71E+00	1.71E+00	1.12E+00
303.5	1.57E+00	1.55E+00	1.55E+00	1.71E+00	1.71E+00	1.12E+00
303.75	1.57E+00	1.55E+00	1.55E+00	1.71E+00	1.71E+00	1.12E+00
304	1.57E+00	1.55E+00	1.55E+00	1.71E+00	1.71E+00	1.12E+00
304.25	1.57E+00	1.55E+00	1.56E+00	1.71E+00	1.71E+00	1.13E+00
304.5	1.57E+00	1.55E+00	1.56E+00	1.71E+00	1.71E+00	1.13E+00
304.75	1.57E+00	1.55E+00	1.56E+00	1.71E+00	1.71E+00	1.13E+00
305	1.57E+00	1.55E+00	1.56E+00	1.71E+00	1.71E+00	1.13E+00
305.25	1.57E+00	1.56E+00	1.56E+00	1.71E+00	1.71E+00	1.14E+00
305.5	1.53E+00	1.56E+00	1.56E+00	1.70E+00	1.71E+00	1.14E+00
305.75	1.50E+00	1.54E+00	1.56E+00	1.70E+00	1.71E+00	1.14E+00
306	1.47E+00	1.53E+00	1.56E+00	1.70E+00	1.71E+00	1.14E+00
306.25	1.46E+00	1.52E+00	1.56E+00	1.69E+00	1.71E+00	1.15E+00
306.5	1.46E+00	1.51E+00	1.56E+00	1.69E+00	1.71E+00	1.15E+00
306.75	1.45E+00	1.51E+00	1.55E+00	1.69E+00	1.71E+00	1.15E+00
307	1.45E+00	1.50E+00	1.55E+00	1.69E+00	1.71E+00	1.15E+00
307.25	1.45E+00	1.50E+00	1.55E+00	1.68E+00	1.71E+00	1.15E+00
307.5	1.45E+00	1.50E+00	1.55E+00	1.68E+00	1.71E+00	1.16E+00
307.75	1.45E+00	1.50E+00	1.55E+00	1.68E+00	1.71E+00	1.16E+00
308	1.45E+00	1.50E+00	1.55E+00	1.68E+00	1.71E+00	1.16E+00
308.25	1.45E+00	1.50E+00	1.55E+00	1.68E+00	1.71E+00	1.16E+00
308.5	1.45E+00	1.50E+00	1.55E+00	1.68E+00	1.71E+00	1.17E+00
308.75	1.45E+00	1.50E+00	1.55E+00	1.68E+00	1.71E+00	1.17E+00
309	1.46E+00	1.50E+00	1.55E+00	1.68E+00	1.71E+00	1.17E+00
309.25	1.46E+00	1.50E+00	1.55E+00	1.68E+00	1.71E+00	1.17E+00
309.5	1.46E+00	1.50E+00	1.55E+00	1.68E+00	1.71E+00	1.18E+00
309.75	1.46E+00	1.50E+00	1.55E+00	1.68E+00	1.71E+00	1.18E+00
310	1.47E+00	1.50E+00	1.55E+00	1.68E+00	1.71E+00	1.18E+00
310.25	1.48E+00	1.50E+00	1.54E+00	1.68E+00	1.71E+00	1.18E+00
310.5	1.46E+00	1.50E+00	1.54E+00	1.68E+00	1.71E+00	1.18E+00
310.75	1.44E+00	1.49E+00	1.54E+00	1.67E+00	1.71E+00	1.19E+00
311	1.42E+00	1.48E+00	1.53E+00	1.67E+00	1.71E+00	1.19E+00
311.25	1.42E+00	1.48E+00	1.53E+00	1.67E+00	1.71E+00	1.19E+00
311.5	1.42E+00	1.48E+00	1.53E+00	1.67E+00	1.71E+00	1.19E+00
311.75	1.42E+00	1.47E+00	1.53E+00	1.67E+00	1.71E+00	1.19E+00
312	1.42E+00	1.47E+00	1.53E+00	1.67E+00	1.71E+00	1.20E+00
312.25	1.42E+00	1.47E+00	1.53E+00	1.67E+00	1.71E+00	1.20E+00
312.5	1.42E+00	1.47E+00	1.53E+00	1.67E+00	1.71E+00	1.20E+00
312.75	1.42E+00	1.47E+00	1.53E+00	1.67E+00	1.71E+00	1.20E+00
313	1.42E+00	1.47E+00	1.53E+00	1.66E+00	1.71E+00	1.20E+00
313.25	1.42E+00	1.47E+00	1.52E+00	1.66E+00	1.71E+00	1.21E+00
313.5	1.43E+00	1.47E+00	1.52E+00	1.66E+00	1.71E+00	1.21E+00
313.75	1.42E+00	1.47E+00	1.52E+00	1.66E+00	1.71E+00	1.21E+00
314	1.42E+00	1.47E+00	1.52E+00	1.66E+00	1.71E+00	1.21E+00
314.25	1.41E+00	1.46E+00	1.52E+00	1.66E+00	1.71E+00	1.21E+00
314.5	1.40E+00	1.45E+00	1.51E+00	1.66E+00	1.71E+00	1.22E+00
314.75	1.39E+00	1.45E+00	1.51E+00	1.66E+00	1.71E+00	1.22E+00
315	1.38E+00	1.44E+00	1.50E+00	1.66E+00	1.71E+00	1.22E+00
315.25	1.38E+00	1.44E+00	1.50E+00	1.65E+00	1.71E+00	1.22E+00
315.5	1.38E+00	1.44E+00	1.50E+00	1.65E+00	1.71E+00	1.22E+00
315.75	1.38E+00	1.44E+00	1.50E+00	1.65E+00	1.71E+00	1.23E+00
316	1.38E+00	1.44E+00	1.50E+00	1.65E+00	1.71E+00	1.23E+00
316.25	1.38E+00	1.44E+00	1.50E+00	1.65E+00	1.71E+00	1.23E+00
316.5	1.38E+00	1.43E+00	1.49E+00	1.65E+00	1.71E+00	1.23E+00
316.75	1.38E+00	1.43E+00	1.49E+00	1.65E+00	1.71E+00	1.23E+00
317	1.37E+00	1.43E+00	1.49E+00	1.65E+00	1.71E+00	1.24E+00
317.25	1.37E+00	1.42E+00	1.49E+00	1.65E+00	1.71E+00	1.24E+00
317.5	1.37E+00	1.42E+00	1.49E+00	1.65E+00	1.71E+00	1.24E+00
317.75	1.37E+00	1.42E+00	1.48E+00	1.64E+00	1.71E+00	1.24E+00
318	1.37E+00	1.42E+00	1.48E+00	1.64E+00	1.71E+00	1.24E+00
318.25	1.37E+00	1.42E+00	1.48E+00	1.64E+00	1.71E+00	1.25E+00
318.5	1.37E+00	1.42E+00	1.48E+00	1.64E+00	1.71E+00	1.25E+00
318.75	1.37E+00	1.42E+00	1.48E+00	1.64E+00	1.71E+00	1.25E+00
319	1.37E+00	1.42E+00	1.48E+00	1.64E+00	1.71E+00	1.25E+00
319.25	1.37E+00	1.42E+00	1.48E+00	1.64E+00	1.71E+00	1.25E+00
319.5	1.37E+00	1.42E+00	1.48E+00	1.64E+00	1.71E+00	1.25E+00
319.75	1.37E+00	1.42E+00	1.48E+00	1.64E+00	1.71E+00	1.26E+00
320	1.37E+00	1.42E+00	1.48E+00	1.64E+00	1.71E+00	1.26E+00
320.25	1.37E+00	1.42E+00	1.48E+00	1.64E+00	1.71E+00	1.26E+00
320.5	1.37E+00	1.42E+00	1.48E+00	1.64E+00	1.71E+00	1.26E+00
320.75	1.37E+00	1.42E+00	1.48E+00	1.64E+00	1.71E+00	1.26E+00
321	1.38E+00	1.42E+00	1.48E+00	1.64E+00	1.71E+00	1.26E+00
321.25	1.36E+00	1.41E+00	1.47E+00	1.64E+00	1.71E+00	1.27E+00
321.5	1.33E+00	1.39E+00	1.46E+00	1.63E+00	1.71E+00	1.27E+00
321.75	1.31E+00	1.37E+00	1.44E+00	1.63E+00	1.71E+00	1.27E+00
322	1.29E+00	1.35E+00	1.42E+00	1.62E+00	1.71E+00	1.27E+00
322.25	1.23E+00	1.29E+00	1.37E+00	1.61E+00	1.70E+00	1.27E+00
322.5	1.19E+00	1.24E+00	1.32E+00	1.57E+00	1.70E+00	1.27E+00
322.75	1.17E+00	1.21E+00	1.28E+00	1.52E+00	1.70E+00	1.28E+00
323	1.15E+00	1.19E+00	1.24E+00	1.48E+00	1.69E+00	1.28E+00
323.25	1.15E+00	1.19E+00	1.24E+00	1.46E+00	1.68E+00	1.28E+00
323.5	1.15E+00	1.19E+00	1.24E+00	1.45E+00	1.67E+00	1.28E+00
323.75	1.15E+00	1.18E+00	1.24E+00	1.44E+00	1.67E+00	1.29E+00
324	1.15E+00	1.18E+00	1.23E+00	1.44E+00	1.66E+00	1.30E+00
324.25	1.15E+00	1.18E+00	1.23E+00	1.43E+00	1.66E+00	1.30E+00
324.5	1.15E+00	1.18E+00	1.23E+00	1.43E+00	1.65E+00	1.31E+00
324.75	1.15E+00	1.18E+00	1.23E+00	1.43E+00	1.65E+00	1.32E+00
325	1.15E+00	1.18E+00	1.23E+00	1.43E+00	1.64E+00	1.33E+00
325.25	1.15E+00	1.18E+00	1.23E+00	1.42E+00	1.64E+00	1.34E+00
325.5	1.15E+00	1.18E+00	1.23E+00	1.42E+00	1.64E+00	1.34E+00
325.75	1.15E+00	1.18E+00	1.23E+00	1.42E+00	1.64E+00	1.35E+00
326	1.15E+00	1.18E+00	1.23E+00	1.42E+00	1.64E+00	1.36E+00
326.25	1.15E+00	1.18E+00	1.23E+00	1.41E+00	1.63E+00	1.36E+00
326.5	1.15E+00	1.18E+00	1.22E+00	1.41E+00	1.63E+00	1.37E+00
326.75	1.15E+00	1.18E+00	1.22E+00	1.41E+00	1.63E+00	1.37E+00
327	1.16E+00	1.18E+00	1.22E+00	1.41E+00	1.63E+00	1.38E+00
327.25	1.16E+00	1.18E+00	1.22E+00	1.41E+00	1.63E+00	1.38E+00
327.5	1.16E+00	1.18E+00	1.22E+00	1.40E+00	1.62E+00	1.39E+00
327.75	1.16E+00	1.18E+00	1.22E+00	1.40E+00	1.62E+00	1.39E+00
328	1.16E+00	1.18E+00	1.22E+00	1.40E+00	1.62E+00	1.40E+00
328.25	1.16E+00	1.18E+00	1.22E+00	1.40E+00	1.62E+00	1.40E+00
328.5	1.16E+00	1.18E+00	1.22E+00	1.40E+00	1.62E+00	1.40E+00
328.75	1.16E+00	1.18E+00	1.22E+00	1.40E+00	1.62E+00	1.41E+00
329	1.16E+00	1.18E+00	1.22E+00	1.40E+00	1.62E+00	1.41E+00
329.25	1.16E+00	1.18E+00	1.22E+00	1.40E+00	1.61E+00	1.41E+00
329.5	1.16E+00	1.18E+00	1.22E+00	1.40E+00	1.61E+00	1.42E+00
329.75	1.17E+00	1.18E+00	1.22E+00	1.40E+00	1.61E+00	1.42E+00
330	1.17E+00	1.19E+00	1.22E+00	1.40E+00	1.61E+00	1.42E+00
330.25	1.16E+00	1.18E+00	1.22E+00	1.40E+00	1.61E+00	1.43E+00
330.5	1.16E+00	1.18E+00	1.22E+00	1.39E+00	1.61E+00	1.43E+00
330.75	1.15E+00	1.18E+00	1.22E+00	1.39E+00	1.61E+00	1.43E+00
331	1.15E+00	1.17E+00	1.21E+00	1.39E+00	1.61E+00	1.43E+00
331.25	1.15E+00	1.17E+00	1.21E+00	1.38E+00	1.60E+00	1.44E+00
331.5	1.15E+00	1.17E+00	1.21E+00	1.38E+00	1.60E+00	1.44E+00
331.75	1.15E+00	1.17E+00	1.21E+00	1.38E+00	1.60E+00	1.44E+00
332	1.15E+00	1.18E+00	1.21E+00	1.38E+00	1.60E+00	1.44E+00
332.25	1.15E+00	1.17E+00	1.21E+00	1.38E+00	1.60E+00	1.45E+00
332.5	1.15E+00	1.17E+00	1.21E+00	1.37E+00	1.60E+00	1.45E+00
332.75	1.14E+00	1.17E+00	1.21E+00	1.37E+00	1.59E+00	1.45E+00
333	1.14E+00	1.17E+00	1.20E+00	1.37E+00	1.59E+00	1.45E+00
333.25	1.14E+00	1.17E+00	1.20E+00	1.36E+00	1.59E+00	1.46E+00
333.5	1.14E+00	1.17E+00	1.20E+00	1.36E+00	1.59E+00	1.46E+00
333.75	1.14E+00	1.17E+00	1.20E+00	1.36E+00	1.59E+00	1.46E+00
334	1.14E+00	1.17E+00	1.20E+00	1.36E+00	1.58E+00	1.46E+00
334.25	1.15E+00	1.17E+00	1.20E+00	1.36E+00	1.58E+00	1.46E+00
334.5	1.15E+00	1.17E+00	1.20E+00	1.36E+00	1.58E+00	1.47E+00
334.75	1.15E+00	1.17E+00	1.20E+00	1.36E+00	1.58E+00	1.47E+00
335	1.15E+00	1.17E+00	1.20E+00	1.36E+00	1.58E+00	1.47E+00
335.25	1.15E+00	1.17E+00	1.20E+00	1.36E+00	1.58E+00	1.47E+00
335.5	1.15E+00	1.17E+00	1.20E+00	1.36E+00	1.58E+00	1.47E+00
335.75	1.15E+00	1.17E+00	1.20E+00	1.36E+00	1.58E+00	1.48E+00
336	1.15E+00	1.17E+00	1.20E+00	1.36E+00	1.57E+00	1.48E+00
336.25	1.15E+00	1.17E+00	1.20E+00	1.36E+00	1.57E+00	1.48E+00
336.5	1.15E+00	1.17E+00	1.20E+00	1.36E+00	1.57E+00	1.48E+00
336.75	1.15E+00	1.17E+00	1.20E+00	1.36E+00	1.57E+00	1.48E+00
337	1.15E+00	1.17E+00	1.20E+00	1.36E+00	1.57E+00	1.48E+00
337.25	1.16E+00	1.17E+00	1.20E+00	1.35E+00	1.57E+00	1.49E+00
337.5	1.16E+00	1.17E+00	1.20E+00	1.35E+00	1.57E+00	1.49E+00
337.75	1.16E+00	1.17E+00	1.20E+00	1.35E+00	1.57E+00	1.49E+00
338	1.16E+00	1.17E+00	1.20E+00	1.35E+00	1.57E+00	1.49E+00
338.25	1.16E+00	1.17E+00	1.21E+00	1.35E+00	1.57E+00	1.49E+00
338.5	1.16E+00	1.17E+00	1.21E+00	1.35E+00	1.57E+00	1.49E+00
338.75	1.16E+00	1.17E+00	1.21E+00	1.35E+00	1.57E+00	1.49E+00
339	1.16E+00	1.17E+00	1.21E+00	1.35E+00	1.57E+00	1.50E+00
339.25	1.16E+00	1.17E+00	1.21E+00	1.35E+00	1.56E+00	1.50E+00
339.5	1.16E+00	1.17E+00	1.21E+00	1.35E+00	1.56E+00	1.50E+00
339.75	1.16E+00	1.17E+00	1.21E+00	1.35E+00	1.56E+00	1.50E+00
340	1.16E+00	1.18E+00	1.21E+00	1.35E+00	1.56E+00	1.50E+00
340.25	1.16E+00	1.18E+00	1.21E+00	1.35E+00	1.56E+00	1.50E+00
340.5	1.16E+00	1.18E+00	1.21E+00	1.35E+00	1.56E+00	1.50E+00
340.75	1.16E+00	1.18E+00	1.21E+00	1.35E+00	1.56E+00	1.50E+00
341	1.16E+00	1.18E+00	1.21E+00	1.35E+00	1.56E+00	1.50E+00
341.25	1.16E+00	1.18E+00	1.21E+00	1.35E+00	1.56E+00	1.50E+00
341.5	1.16E+00	1.18E+00	1.21E+00	1.35E+00	1.56E+00	1.51E+00
341.75	1.16E+00	1.18E+00	1.21E+00	1.35E+00	1.56E+00	1.51E+00
342	1.16E+00	1.18E+00	1.21E+00	1.35E+00	1.56E+00	1.51E+00
342.25	1.17E+00	1.18E+00	1.21E+00	1.35E+00	1.56E+00	1.51E+00
342.5	1.17E+00	1.18E+00	1.21E+00	1.35E+00	1.56E+00	1.51E+00
342.75	1.17E+00	1.18E+00	1.21E+00	1.35E+00	1.56E+00	1.51E+00
343	1.17E+00	1.18E+00	1.21E+00	1.35E+00	1.56E+00	1.51E+00
343.25	1.17E+00	1.18E+00	1.21E+00	1.35E+00	1.56E+00	1.51E+00
343.5	1.17E+00	1.18E+00	1.21E+00	1.35E+00	1.56E+00	1.51E+00
343.75	1.17E+00	1.18E+00	1.21E+00	1.35E+00	1.55E+00	1.51E+00
344	1.17E+00	1.18E+00	1.21E+00	1.35E+00	1.55E+00	1.51E+00
344.25	1.17E+00	1.18E+00	1.21E+00	1.35E+00	1.55E+00	1.51E+00
344.5	1.17E+00	1.18E+00	1.21E+00	1.35E+00	1.55E+00	1.52E+00
344.75	1.17E+00	1.18E+00	1.21E+00	1.35E+00	1.55E+00	1.52E+00
345	1.17E+00	1.18E+00	1.21E+00	1.35E+00	1.55E+00	1.52E+00
345.25	1.17E+00	1.18E+00	1.21E+00	1.35E+00	1.55E+00	1.52E+00
345.5	1.18E+00	1.18E+00	1.21E+00	1.35E+00	1.55E+00	1.52E+00
345.75	1.18E+00	1.18E+00	1.21E+00	1.35E+00	1.55E+00	1.52E+00
346	1.18E+00	1.18E+00	1.21E+00	1.35E+00	1.55E+00	1.52E+00
346.25	1.18E+00	1.18E+00	1.21E+00	1.35E+00	1.55E+00	1.52E+00
346.5	1.18E+00	1.18E+00	1.21E+00	1.35E+00	1.55E+00	1.52E+00
346.75	1.18E+00	1.18E+00	1.21E+00	1.35E+00	1.55E+00	1.52E+00
347	1.18E+00	1.18E+00	1.21E+00	1.35E+00	1.55E+00	1.52E+00
347.25	1.18E+00	1.18E+00	1.21E+00	1.35E+00	1.55E+00	1.52E+00
347.5	1.19E+00	1.18E+00	1.21E+00	1.35E+00	1.55E+00	1.52E+00
347.75	1.19E+00	1.18E+00	1.21E+00	1.35E+00	1.55E+00	1.52E+00
348	1.19E+00	1.18E+00	1.21E+00	1.35E+00	1.55E+00	1.52E+00
348.25	1.19E+00	1.18E+00	1.21E+00	1.35E+00	1.55E+00	1.52E+00
348.5	1.19E+00	1.19E+00	1.21E+00	1.35E+00	1.55E+00	1.52E+00
348.75	1.19E+00	1.19E+00	1.21E+00	1.35E+00	1.55E+00	1.53E+00
349	1.20E+00	1.19E+00	1.21E+00	1.35E+00	1.55E+00	1.53E+00
349.25	1.20E+00	1.19E+00	1.21E+00	1.35E+00	1.55E+00	1.53E+00
349.5	1.20E+00	1.19E+00	1.21E+00	1.35E+00	1.55E+00	1.53E+00
349.75	1.20E+00	1.19E+00	1.21E+00	1.35E+00	1.55E+00	1.53E+00
350	1.20E+00	1.19E+00	1.21E+00	1.35E+00	1.54E+00	1.53E+00
350.25	1.21E+00	1.19E+00	1.21E+00	1.35E+00	1.54E+00	1.53E+00
350.5	1.21E+00	1.20E+00	1.21E+00	1.35E+00	1.54E+00	1.53E+00
350.75	1.21E+00	1.20E+00	1.21E+00	1.35E+00	1.54E+00	1.53E+00
351	1.21E+00	1.20E+00	1.21E+00	1.35E+00	1.54E+00	1.53E+00
351.25	1.16E+00	1.19E+00	1.21E+00	1.34E+00	1.54E+00	1.53E+00
351.5	1.14E+00	1.17E+00	1.20E+00	1.33E+00	1.54E+00	1.53E+00
351.75	1.12E+00	1.15E+00	1.18E+00	1.32E+00	1.54E+00	1.53E+00
352	1.11E+00	1.14E+00	1.17E+00	1.31E+00	1.54E+00	1.53E+00
352.25	1.11E+00	1.14E+00	1.17E+00	1.30E+00	1.53E+00	1.53E+00
352.5	1.11E+00	1.14E+00	1.17E+00	1.30E+00	1.53E+00	1.53E+00
352.75	1.12E+00	1.14E+00	1.17E+00	1.30E+00	1.52E+00	1.53E+00
353	1.12E+00	1.14E+00	1.17E+00	1.30E+00	1.52E+00	1.53E+00
353.25	1.12E+00	1.14E+00	1.17E+00	1.30E+00	1.52E+00	1.53E+00
353.5	1.12E+00	1.14E+00	1.17E+00	1.29E+00	1.51E+00	1.53E+00
353.75	1.12E+00	1.14E+00	1.17E+00	1.29E+00	1.51E+00	1.53E+00
354	1.12E+00	1.14E+00	1.17E+00	1.29E+00	1.51E+00	1.54E+00
354.25	1.12E+00	1.14E+00	1.17E+00	1.29E+00	1.51E+00	1.54E+00
354.5	1.12E+00	1.14E+00	1.17E+00	1.29E+00	1.51E+00	1.54E+00
354.75	1.12E+00	1.14E+00	1.17E+00	1.29E+00	1.50E+00	1.54E+00
355	1.12E+00	1.14E+00	1.17E+00	1.29E+00	1.50E+00	1.54E+00
355.25	1.12E+00	1.14E+00	1.17E+00	1.29E+00	1.50E+00	1.54E+00
355.5	1.12E+00	1.14E+00	1.17E+00	1.29E+00	1.50E+00	1.54E+00
355.75	1.12E+00	1.14E+00	1.17E+00	1.29E+00	1.50E+00	1.54E+00
356	1.12E+00	1.14E+00	1.17E+00	1.29E+00	1.50E+00	1.54E+00
356.25	1.12E+00	1.14E+00	1.17E+00	1.29E+00	1.50E+00	1.54E+00
356.5	1.12E+00	1.14E+00	1.16E+00	1.29E+00	1.50E+00	1.54E+00
356.75	1.11E+00	1.13E+00	1.16E+00	1.28E+00	1.49E+00	1.54E+00
357	1.11E+00	1.13E+00	1.16E+00	1.28E+00	1.49E+00	1.54E+00
357.25	1.11E+00	1.13E+00	1.16E+00	1.28E+00	1.49E+00	1.54E+00
357.5	1.11E+00	1.13E+00	1.16E+00	1.28E+00	1.49E+00	1.54E+00
357.75	1.11E+00	1.13E+00	1.16E+00	1.28E+00	1.49E+00	1.54E+00
358	1.11E+00	1.13E+00	1.16E+00	1.28E+00	1.49E+00	1.55E+00
358.25	1.11E+00	1.13E+00	1.15E+00	1.27E+00	1.48E+00	1.55E+00
358.5	1.10E+00	1.12E+00	1.15E+00	1.27E+00	1.48E+00	1.55E+00
358.75	1.09E+00	1.11E+00	1.14E+00	1.26E+00	1.48E+00	1.55E+00
359	1.09E+00	1.11E+00	1.13E+00	1.25E+00	1.48E+00	1.55E+00
359.25	1.09E+00	1.11E+00	1.13E+00	1.25E+00	1.47E+00	1.55E+00
359.5	1.09E+00	1.11E+00	1.13E+00	1.25E+00	1.47E+00	1.55E+00
359.75	1.09E+00	1.11E+00	1.13E+00	1.25E+00	1.46E+00	1.55E+00
360	1.09E+00	1.11E+00	1.13E+00	1.24E+00	1.46E+00	1.55E+00
360.25	1.09E+00	1.11E+00	1.13E+00	1.24E+00	1.46E+00	1.55E+00
360.5	1.09E+00	1.11E+00	1.13E+00	1.24E+00	1.45E+00	1.55E+00
360.75	1.09E+00	1.11E+00	1.13E+00	1.24E+00	1.45E+00	1.55E+00
361	1.09E+00	1.11E+00	1.13E+00	1.24E+00	1.45E+00	1.55E+00
361.25	1.09E+00	1.11E+00	1.13E+00	1.24E+00	1.45E+00	1.55E+00
361.5	1.09E+00	1.11E+00	1.13E+00	1.24E+00	1.45E+00	1.55E+00
361.75	1.09E+00	1.11E+00	1.13E+00	1.24E+00	1.45E+00	1.55E+00
362	1.09E+00	1.11E+00	1.13E+00	1.24E+00	1.45E+00	1.55E+00
362.25	1.09E+00	1.10E+00	1.13E+00	1.24E+00	1.44E+00	1.56E+00
362.5	1.09E+00	1.10E+00	1.13E+00	1.23E+00	1.44E+00	1.56E+00
362.75	1.08E+00	1.10E+00	1.12E+00	1.23E+00	1.44E+00	1.56E+00
363	1.08E+00	1.10E+00	1.12E+00	1.23E+00	1.44E+00	1.56E+00
363.25	1.08E+00	1.10E+00	1.12E+00	1.23E+00	1.44E+00	1.56E+00
363.5	1.08E+00	1.10E+00	1.12E+00	1.23E+00	1.43E+00	1.56E+00
363.75	1.08E+00	1.10E+00	1.12E+00	1.22E+00	1.43E+00	1.56E+00
364	1.08E+00	1.10E+00	1.12E+00	1.22E+00	1.43E+00	1.56E+00
364.25	1.08E+00	1.10E+00	1.12E+00	1.22E+00	1.43E+00	1.56E+00
364.5	1.08E+00	1.10E+00	1.12E+00	1.22E+00	1.43E+00	1.56E+00
364.75	1.08E+00	1.10E+00	1.12E+00	1.22E+00	1.42E+00	1.56E+00
365	1.09E+00	1.10E+00	1.12E+00	1.22E+00	1.42E+00	1.56E+00
