title = "dataset c2a"
variables = "time", "actual water flux top", "actual water flux bottom", "cumulative water flux top", "cumulative water flux bottom" 
zone t = "mass balance -  variably saturated flow", f=point
0.25	3.22E-03	3.17E-03	3.17E-03	3.17E-03
0.5	3.22E-03	3.17E-03	3.17E-03	3.17E-03
0.75	3.22E-03	3.17E-03	3.17E-03	3.17E-03
1	3.22E-03	3.17E-03	3.17E-03	3.17E-03
1.25	0.00E+00	3.17E-03	3.17E-03	3.17E-03
1.5	0.00E+00	3.17E-03	3.17E-03	3.17E-03
1.75	0.00E+00	3.16E-03	3.16E-03	3.16E-03
2	1.46E-08	3.15E-03	3.15E-03	3.15E-03
2.25	1.28E-04	3.12E-03	3.12E-03	3.12E-03
2.5	1.28E-04	3.09E-03	3.09E-03	3.09E-03
2.75	1.28E-04	3.04E-03	3.04E-03	3.04E-03
3	1.28E-04	3.01E-03	3.01E-03	3.01E-03
3.25	1.44E-03	2.97E-03	2.97E-03	2.97E-03
3.5	1.44E-03	2.93E-03	2.93E-03	2.93E-03
3.75	1.44E-03	2.89E-03	2.89E-03	2.89E-03
4	1.44E-03	2.85E-03	2.85E-03	2.85E-03
4.25	3.14E-03	2.81E-03	2.81E-03	2.81E-03
4.5	3.14E-03	2.78E-03	2.78E-03	2.78E-03
4.75	3.14E-03	2.74E-03	2.74E-03	2.74E-03
5	3.14E-03	2.71E-03	2.71E-03	2.71E-03
5.25	2.22E-03	2.68E-03	2.68E-03	2.68E-03
5.5	2.22E-03	2.66E-03	2.66E-03	2.66E-03
5.75	2.22E-03	2.64E-03	2.64E-03	2.64E-03
6	2.22E-03	2.63E-03	2.63E-03	2.63E-03
6.25	0.00E+00	2.73E-03	2.61E-03	2.73E-03
6.5	0.00E+00	2.72E-03	2.60E-03	2.72E-03
6.75	0.00E+00	2.71E-03	2.59E-03	2.71E-03
7	0.00E+00	2.70E-03	2.58E-03	2.70E-03
7.25	3.27E-03	2.56E-03	2.56E-03	2.56E-03
7.5	3.27E-03	2.54E-03	2.54E-03	2.54E-03
7.75	3.27E-03	2.52E-03	2.52E-03	2.52E-03
8	3.27E-03	2.50E-03	2.50E-03	2.50E-03
8.25	5.03E-03	2.48E-03	2.48E-03	2.48E-03
8.5	5.03E-03	2.46E-03	2.46E-03	2.46E-03
8.75	5.03E-03	2.44E-03	2.44E-03	2.44E-03
9	5.03E-03	2.44E-03	2.44E-03	2.44E-03
9.25	1.56E-03	2.44E-03	2.44E-03	2.44E-03
9.5	1.56E-03	2.45E-03	2.45E-03	2.45E-03
9.75	1.56E-03	2.46E-03	2.46E-03	2.46E-03
10	1.56E-03	2.47E-03	2.47E-03	2.47E-03
10.25	9.53E-03	2.49E-03	2.49E-03	2.49E-03
10.5	9.53E-03	2.50E-03	2.50E-03	2.50E-03
10.75	9.53E-03	2.51E-03	2.51E-03	2.51E-03
11	9.53E-03	2.54E-03	2.54E-03	2.54E-03
11.25	2.38E-02	2.57E-03	2.57E-03	2.57E-03
11.5	2.38E-02	2.63E-03	2.63E-03	2.63E-03
11.75	2.38E-02	2.74E-03	2.74E-03	2.74E-03
12	2.38E-02	2.95E-03	2.95E-03	2.95E-03
12.25	0.00E+00	3.56E-03	3.39E-03	3.56E-03
12.5	0.00E+00	4.20E-03	4.03E-03	4.20E-03
12.75	0.00E+00	4.72E-03	4.55E-03	4.72E-03
13	0.00E+00	5.05E-03	4.88E-03	5.05E-03
13.25	8.34E-03	5.12E-03	5.12E-03	5.12E-03
13.5	8.34E-03	5.27E-03	5.27E-03	5.27E-03
13.75	8.34E-03	5.35E-03	5.35E-03	5.35E-03
14	8.34E-03	5.42E-03	5.42E-03	5.42E-03
14.25	5.39E-03	5.50E-03	5.50E-03	5.50E-03
14.5	5.39E-03	5.60E-03	5.60E-03	5.60E-03
14.75	5.39E-03	5.68E-03	5.68E-03	5.68E-03
15	5.39E-03	5.74E-03	5.74E-03	5.74E-03
15.25	1.06E-03	5.78E-03	5.78E-03	5.78E-03
15.5	1.06E-03	5.79E-03	5.79E-03	5.79E-03
15.75	1.06E-03	5.75E-03	5.75E-03	5.75E-03
16	1.06E-03	5.66E-03	5.66E-03	5.66E-03
16.25	1.42E-04	5.54E-03	5.54E-03	5.54E-03
16.5	1.42E-04	5.39E-03	5.39E-03	5.39E-03
16.75	1.42E-04	5.21E-03	5.21E-03	5.21E-03
17	1.42E-04	5.03E-03	5.03E-03	5.03E-03
17.25	8.10E-04	4.91E-03	4.91E-03	4.91E-03
17.5	8.10E-04	4.78E-03	4.78E-03	4.78E-03
17.75	8.10E-04	4.66E-03	4.66E-03	4.66E-03
18	8.10E-04	4.54E-03	4.54E-03	4.54E-03
18.25	1.79E-02	4.42E-03	4.42E-03	4.42E-03
18.5	1.79E-02	4.31E-03	4.31E-03	4.31E-03
18.75	1.79E-02	4.26E-03	4.26E-03	4.26E-03
19	1.79E-02	4.30E-03	4.30E-03	4.30E-03
19.25	0.00E+00	4.57E-03	4.43E-03	4.57E-03
19.5	0.00E+00	4.79E-03	4.66E-03	4.79E-03
19.75	0.00E+00	4.99E-03	4.86E-03	4.99E-03
20	0.00E+00	5.12E-03	4.98E-03	5.12E-03
20.25	0.00E+00	5.06E-03	5.06E-03	5.06E-03
20.5	0.00E+00	5.05E-03	5.05E-03	5.05E-03
20.75	0.00E+00	5.00E-03	5.00E-03	5.00E-03
21	0.00E+00	4.92E-03	4.92E-03	4.92E-03
21.25	3.21E-03	4.83E-03	4.83E-03	4.83E-03
21.5	3.21E-03	4.72E-03	4.72E-03	4.72E-03
21.75	3.21E-03	4.62E-03	4.62E-03	4.62E-03
22	3.21E-03	4.52E-03	4.52E-03	4.52E-03
22.25	0.00E+00	4.47E-03	4.43E-03	4.47E-03
22.5	0.00E+00	4.38E-03	4.35E-03	4.38E-03
22.75	0.00E+00	4.30E-03	4.27E-03	4.30E-03
23	0.00E+00	4.22E-03	4.18E-03	4.22E-03
23.25	2.14E-03	4.10E-03	4.10E-03	4.10E-03
23.5	2.14E-03	4.00E-03	4.00E-03	4.00E-03
23.75	2.14E-03	3.91E-03	3.91E-03	3.91E-03
24	2.14E-03	3.82E-03	3.82E-03	3.82E-03
24.25	0.00E+00	3.73E-03	3.73E-03	3.73E-03
24.5	0.00E+00	3.65E-03	3.65E-03	3.65E-03
24.75	4.81E-09	3.57E-03	3.57E-03	3.57E-03
25	1.33E-08	3.49E-03	3.49E-03	3.49E-03
25.25	0.00E+00	3.53E-03	3.41E-03	3.53E-03
25.5	0.00E+00	3.45E-03	3.32E-03	3.45E-03
25.75	0.00E+00	3.36E-03	3.23E-03	3.36E-03
26	0.00E+00	3.27E-03	3.15E-03	3.27E-03
26.25	1.50E-03	3.05E-03	3.05E-03	3.05E-03
26.5	1.50E-03	3.00E-03	3.00E-03	3.00E-03
26.75	1.50E-03	2.95E-03	2.95E-03	2.95E-03
27	1.50E-03	2.90E-03	2.90E-03	2.90E-03
27.25	2.13E-03	2.85E-03	2.85E-03	2.85E-03
27.5	2.13E-03	2.81E-03	2.81E-03	2.81E-03
27.75	2.13E-03	2.76E-03	2.76E-03	2.76E-03
28	2.13E-03	2.73E-03	2.73E-03	2.73E-03
28.25	0.00E+00	2.79E-03	2.69E-03	2.79E-03
28.5	0.00E+00	2.75E-03	2.66E-03	2.75E-03
28.75	0.00E+00	2.73E-03	2.63E-03	2.73E-03
29	0.00E+00	2.70E-03	2.60E-03	2.70E-03
29.25	0.00E+00	2.77E-03	2.57E-03	2.77E-03
29.5	0.00E+00	2.74E-03	2.54E-03	2.74E-03
29.75	0.00E+00	2.71E-03	2.51E-03	2.71E-03
30	0.00E+00	2.68E-03	2.48E-03	2.68E-03
30.25	2.65E-03	2.44E-03	2.44E-03	2.44E-03
30.5	2.65E-03	2.41E-03	2.41E-03	2.41E-03
30.75	2.65E-03	2.37E-03	2.37E-03	2.37E-03
31	2.65E-03	2.33E-03	2.33E-03	2.33E-03
31.25	4.91E-03	2.30E-03	2.30E-03	2.30E-03
31.5	4.91E-03	2.27E-03	2.27E-03	2.27E-03
31.75	4.91E-03	2.24E-03	2.24E-03	2.24E-03
32	4.91E-03	2.22E-03	2.22E-03	2.22E-03
32.25	1.47E-02	2.21E-03	2.21E-03	2.21E-03
32.5	1.47E-02	2.20E-03	2.20E-03	2.20E-03
32.75	1.47E-02	2.21E-03	2.21E-03	2.21E-03
33	1.47E-02	2.25E-03	2.25E-03	2.25E-03
33.25	0.00E+00	2.67E-03	2.32E-03	2.67E-03
33.5	0.00E+00	2.78E-03	2.43E-03	2.78E-03
33.75	0.00E+00	2.92E-03	2.57E-03	2.92E-03
34	0.00E+00	3.04E-03	2.69E-03	3.04E-03
34.25	0.00E+00	3.70E-03	2.79E-03	3.70E-03
34.5	0.00E+00	3.77E-03	2.87E-03	3.77E-03
34.75	0.00E+00	3.82E-03	2.91E-03	3.82E-03
35	0.00E+00	3.85E-03	2.94E-03	3.85E-03
35.25	0.00E+00	3.46E-03	2.94E-03	3.46E-03
35.5	0.00E+00	3.45E-03	2.94E-03	3.45E-03
35.75	0.00E+00	3.43E-03	2.91E-03	3.43E-03
36	0.00E+00	3.40E-03	2.88E-03	3.40E-03
36.25	3.45E-04	2.85E-03	2.85E-03	2.85E-03
36.5	3.45E-04	2.81E-03	2.81E-03	2.81E-03
36.75	3.45E-04	2.77E-03	2.77E-03	2.77E-03
37	3.45E-04	2.72E-03	2.72E-03	2.72E-03
37.25	6.42E-03	2.68E-03	2.68E-03	2.68E-03
37.5	6.42E-03	2.63E-03	2.63E-03	2.63E-03
37.75	6.42E-03	2.59E-03	2.59E-03	2.59E-03
38	6.42E-03	2.55E-03	2.55E-03	2.55E-03
38.25	4.54E-03	2.53E-03	2.53E-03	2.53E-03
38.5	4.54E-03	2.51E-03	2.51E-03	2.51E-03
38.75	4.54E-03	2.51E-03	2.51E-03	2.51E-03
39	4.54E-03	2.52E-03	2.52E-03	2.52E-03
39.25	1.91E-04	2.53E-03	2.53E-03	2.53E-03
39.5	1.91E-04	2.56E-03	2.56E-03	2.56E-03
39.75	1.91E-04	2.58E-03	2.58E-03	2.58E-03
40	1.91E-04	2.60E-03	2.60E-03	2.60E-03
40.25	6.31E-03	2.62E-03	2.62E-03	2.62E-03
40.5	6.31E-03	2.62E-03	2.62E-03	2.62E-03
40.75	6.31E-03	2.63E-03	2.63E-03	2.63E-03
41	6.31E-03	2.63E-03	2.63E-03	2.63E-03
41.25	0.00E+00	2.82E-03	2.64E-03	2.82E-03
41.5	0.00E+00	2.84E-03	2.65E-03	2.84E-03
41.75	0.00E+00	2.86E-03	2.67E-03	2.86E-03
42	0.00E+00	2.87E-03	2.69E-03	2.87E-03
42.25	0.00E+00	2.88E-03	2.70E-03	2.88E-03
42.5	0.00E+00	2.88E-03	2.71E-03	2.88E-03
42.75	0.00E+00	2.88E-03	2.70E-03	2.88E-03
43	0.00E+00	2.87E-03	2.69E-03	2.87E-03
43.25	0.00E+00	2.87E-03	2.67E-03	2.87E-03
43.5	0.00E+00	2.84E-03	2.65E-03	2.84E-03
43.75	0.00E+00	2.81E-03	2.62E-03	2.81E-03
44	0.00E+00	2.78E-03	2.58E-03	2.78E-03
44.25	0.00E+00	2.76E-03	2.55E-03	2.76E-03
44.5	0.00E+00	2.72E-03	2.51E-03	2.72E-03
44.75	0.00E+00	2.68E-03	2.47E-03	2.68E-03
45	0.00E+00	2.64E-03	2.43E-03	2.64E-03
45.25	0.00E+00	2.57E-03	2.39E-03	2.57E-03
45.5	0.00E+00	2.52E-03	2.35E-03	2.52E-03
45.75	0.00E+00	2.48E-03	2.30E-03	2.48E-03
46	0.00E+00	2.44E-03	2.26E-03	2.44E-03
46.25	0.00E+00	2.37E-03	2.22E-03	2.37E-03
46.5	0.00E+00	2.33E-03	2.17E-03	2.33E-03
46.75	0.00E+00	2.28E-03	2.13E-03	2.28E-03
47	0.00E+00	2.24E-03	2.09E-03	2.24E-03
47.25	0.00E+00	2.25E-03	2.04E-03	2.25E-03
47.5	0.00E+00	2.21E-03	2.00E-03	2.21E-03
47.75	0.00E+00	2.16E-03	1.96E-03	2.16E-03
48	0.00E+00	2.12E-03	1.92E-03	2.12E-03
48.25	0.00E+00	1.95E-03	1.88E-03	1.95E-03
48.5	0.00E+00	1.91E-03	1.83E-03	1.91E-03
48.75	0.00E+00	1.87E-03	1.79E-03	1.87E-03
49	0.00E+00	1.84E-03	1.76E-03	1.84E-03
49.25	0.00E+00	2.08E-03	1.74E-03	2.08E-03
49.5	0.00E+00	2.06E-03	1.72E-03	2.06E-03
49.75	0.00E+00	2.04E-03	1.69E-03	2.04E-03
50	0.00E+00	2.02E-03	1.67E-03	2.02E-03
50.25	0.00E+00	2.05E-03	1.65E-03	2.05E-03
50.5	0.00E+00	2.03E-03	1.63E-03	2.03E-03
50.75	0.00E+00	2.01E-03	1.61E-03	2.01E-03
51	0.00E+00	1.99E-03	1.59E-03	1.99E-03
51.25	0.00E+00	1.92E-03	1.57E-03	1.92E-03
51.5	0.00E+00	1.90E-03	1.55E-03	1.90E-03
51.75	0.00E+00	1.88E-03	1.53E-03	1.88E-03
52	0.00E+00	1.86E-03	1.51E-03	1.86E-03
52.25	0.00E+00	1.84E-03	1.49E-03	1.84E-03
52.5	0.00E+00	1.82E-03	1.47E-03	1.82E-03
52.75	0.00E+00	1.80E-03	1.46E-03	1.80E-03
53	0.00E+00	1.78E-03	1.44E-03	1.78E-03
53.25	0.00E+00	1.74E-03	1.42E-03	1.74E-03
53.5	0.00E+00	1.72E-03	1.40E-03	1.72E-03
53.75	0.00E+00	1.70E-03	1.38E-03	1.70E-03
54	0.00E+00	1.68E-03	1.36E-03	1.68E-03
54.25	3.02E-03	1.34E-03	1.34E-03	1.34E-03
54.5	3.02E-03	1.32E-03	1.32E-03	1.32E-03
54.75	3.02E-03	1.30E-03	1.30E-03	1.30E-03
55	3.02E-03	1.29E-03	1.29E-03	1.29E-03
55.25	3.59E-04	1.27E-03	1.27E-03	1.27E-03
55.5	3.59E-04	1.25E-03	1.25E-03	1.25E-03
55.75	3.59E-04	1.24E-03	1.24E-03	1.24E-03
56	3.59E-04	1.22E-03	1.22E-03	1.22E-03
56.25	3.42E-03	1.21E-03	1.21E-03	1.21E-03
56.5	3.42E-03	1.20E-03	1.20E-03	1.20E-03
56.75	3.42E-03	1.19E-03	1.19E-03	1.19E-03
57	3.42E-03	1.19E-03	1.19E-03	1.19E-03
57.25	7.46E-03	1.18E-03	1.18E-03	1.18E-03
57.5	7.46E-03	1.17E-03	1.17E-03	1.17E-03
57.75	7.46E-03	1.17E-03	1.17E-03	1.17E-03
58	7.46E-03	1.17E-03	1.17E-03	1.17E-03
58.25	0.00E+00	1.39E-03	1.17E-03	1.39E-03
58.5	0.00E+00	1.39E-03	1.18E-03	1.39E-03
58.75	0.00E+00	1.41E-03	1.19E-03	1.41E-03
59	0.00E+00	1.43E-03	1.21E-03	1.43E-03
59.25	0.00E+00	1.47E-03	1.24E-03	1.47E-03
59.5	0.00E+00	1.49E-03	1.26E-03	1.49E-03
59.75	0.00E+00	1.51E-03	1.28E-03	1.51E-03
60	0.00E+00	1.53E-03	1.30E-03	1.53E-03
60.25	0.00E+00	1.65E-03	1.32E-03	1.65E-03
60.5	0.00E+00	1.67E-03	1.33E-03	1.67E-03
60.75	0.00E+00	1.68E-03	1.34E-03	1.68E-03
61	0.00E+00	1.69E-03	1.35E-03	1.69E-03
61.25	0.00E+00	1.72E-03	1.36E-03	1.72E-03
61.5	0.00E+00	1.72E-03	1.36E-03	1.72E-03
61.75	0.00E+00	1.72E-03	1.36E-03	1.72E-03
62	0.00E+00	1.72E-03	1.36E-03	1.72E-03
62.25	0.00E+00	1.76E-03	1.35E-03	1.76E-03
62.5	0.00E+00	1.76E-03	1.35E-03	1.76E-03
62.75	0.00E+00	1.75E-03	1.34E-03	1.75E-03
63	0.00E+00	1.74E-03	1.33E-03	1.74E-03
63.25	0.00E+00	1.86E-03	1.32E-03	1.86E-03
63.5	0.00E+00	1.85E-03	1.31E-03	1.85E-03
63.75	0.00E+00	1.84E-03	1.30E-03	1.84E-03
64	0.00E+00	1.83E-03	1.29E-03	1.83E-03
64.25	0.00E+00	1.47E-03	1.28E-03	1.47E-03
64.5	0.00E+00	1.45E-03	1.26E-03	1.45E-03
64.75	0.00E+00	1.44E-03	1.25E-03	1.44E-03
65	0.00E+00	1.43E-03	1.23E-03	1.43E-03
65.25	4.98E-03	1.22E-03	1.22E-03	1.22E-03
65.5	4.98E-03	1.20E-03	1.20E-03	1.20E-03
65.75	4.98E-03	1.19E-03	1.19E-03	1.19E-03
66	4.98E-03	1.17E-03	1.17E-03	1.17E-03
66.25	1.87E-03	1.16E-03	1.16E-03	1.16E-03
66.5	1.87E-03	1.15E-03	1.15E-03	1.15E-03
66.75	1.87E-03	1.14E-03	1.14E-03	1.14E-03
67	1.87E-03	1.13E-03	1.13E-03	1.13E-03
67.25	0.00E+00	1.57E-03	1.12E-03	1.57E-03
67.5	0.00E+00	1.57E-03	1.12E-03	1.57E-03
67.75	0.00E+00	1.57E-03	1.12E-03	1.57E-03
68	0.00E+00	1.57E-03	1.12E-03	1.57E-03
68.25	2.20E-03	1.12E-03	1.12E-03	1.12E-03
68.5	2.20E-03	1.13E-03	1.13E-03	1.13E-03
68.75	2.20E-03	1.13E-03	1.13E-03	1.13E-03
69	2.20E-03	1.13E-03	1.13E-03	1.13E-03
69.25	4.85E-04	1.13E-03	1.13E-03	1.13E-03
69.5	4.85E-04	1.13E-03	1.13E-03	1.13E-03
69.75	4.85E-04	1.14E-03	1.14E-03	1.14E-03
70	4.85E-04	1.14E-03	1.14E-03	1.14E-03
70.25	0.00E+00	1.51E-03	1.14E-03	1.51E-03
70.5	0.00E+00	1.51E-03	1.14E-03	1.51E-03
70.75	0.00E+00	1.51E-03	1.14E-03	1.51E-03
71	0.00E+00	1.51E-03	1.14E-03	1.51E-03
71.25	4.24E-03	1.14E-03	1.14E-03	1.14E-03
71.5	4.24E-03	1.14E-03	1.14E-03	1.14E-03
71.75	4.24E-03	1.14E-03	1.14E-03	1.14E-03
72	4.24E-03	1.14E-03	1.14E-03	1.14E-03
72.25	9.83E-04	1.14E-03	1.14E-03	1.14E-03
72.5	9.83E-04	1.13E-03	1.13E-03	1.13E-03
72.75	9.83E-04	1.13E-03	1.13E-03	1.13E-03
73	9.83E-04	1.13E-03	1.13E-03	1.13E-03
73.25	0.00E+00	2.07E-03	1.13E-03	2.07E-03
73.5	0.00E+00	2.07E-03	1.14E-03	2.07E-03
73.75	0.00E+00	2.08E-03	1.14E-03	2.08E-03
74	0.00E+00	2.08E-03	1.15E-03	2.08E-03
74.25	0.00E+00	2.01E-03	1.15E-03	2.01E-03
74.5	0.00E+00	2.02E-03	1.15E-03	2.02E-03
74.75	0.00E+00	2.02E-03	1.16E-03	2.02E-03
75	0.00E+00	2.02E-03	1.16E-03	2.02E-03
75.25	0.00E+00	1.84E-03	1.16E-03	1.84E-03
75.5	0.00E+00	1.84E-03	1.15E-03	1.84E-03
75.75	0.00E+00	1.83E-03	1.15E-03	1.83E-03
76	0.00E+00	1.83E-03	1.14E-03	1.83E-03
76.25	0.00E+00	2.11E-03	1.14E-03	2.11E-03
76.5	0.00E+00	2.10E-03	1.13E-03	2.10E-03
76.75	0.00E+00	2.09E-03	1.12E-03	2.09E-03
77	0.00E+00	2.08E-03	1.11E-03	2.08E-03
77.25	0.00E+00	1.65E-03	1.09E-03	1.65E-03
77.5	0.00E+00	1.64E-03	1.08E-03	1.64E-03
77.75	0.00E+00	1.63E-03	1.07E-03	1.63E-03
78	0.00E+00	1.61E-03	1.05E-03	1.61E-03
78.25	1.22E-03	1.04E-03	1.04E-03	1.04E-03
78.5	1.22E-03	1.02E-03	1.02E-03	1.02E-03
78.75	1.22E-03	1.01E-03	1.01E-03	1.01E-03
79	1.22E-03	9.92E-04	9.92E-04	9.92E-04
79.25	3.08E-04	9.83E-04	9.83E-04	9.83E-04
79.5	3.08E-04	9.74E-04	9.74E-04	9.74E-04
79.75	3.08E-04	9.66E-04	9.66E-04	9.66E-04
80	3.08E-04	9.58E-04	9.58E-04	9.58E-04
80.25	5.27E-03	9.50E-04	9.50E-04	9.50E-04
80.5	5.27E-03	9.43E-04	9.43E-04	9.43E-04
80.75	5.27E-03	9.36E-04	9.36E-04	9.36E-04
81	5.27E-03	9.30E-04	9.30E-04	9.30E-04
81.25	3.08E-04	9.24E-04	9.24E-04	9.24E-04
81.5	3.08E-04	9.19E-04	9.19E-04	9.19E-04
81.75	3.08E-04	9.16E-04	9.16E-04	9.16E-04
82	3.08E-04	9.14E-04	9.14E-04	9.14E-04
82.25	0.00E+00	1.50E-03	9.13E-04	1.50E-03
82.5	0.00E+00	1.50E-03	9.13E-04	1.50E-03
82.75	0.00E+00	1.50E-03	9.15E-04	1.50E-03
83	0.00E+00	1.50E-03	9.17E-04	1.50E-03
83.25	3.19E-09	9.19E-04	9.19E-04	9.19E-04
83.5	0.00E+00	9.20E-04	9.20E-04	9.20E-04
83.75	2.72E-09	9.22E-04	9.22E-04	9.22E-04
84	3.13E-09	9.23E-04	9.23E-04	9.23E-04
84.25	0.00E+00	1.64E-03	9.23E-04	1.64E-03
84.5	0.00E+00	1.64E-03	9.23E-04	1.64E-03
84.75	0.00E+00	1.64E-03	9.22E-04	1.64E-03
85	0.00E+00	1.64E-03	9.21E-04	1.64E-03
85.25	0.00E+00	1.51E-03	9.19E-04	1.51E-03
85.5	0.00E+00	1.51E-03	9.17E-04	1.51E-03
85.75	0.00E+00	1.50E-03	9.15E-04	1.50E-03
86	0.00E+00	1.50E-03	9.11E-04	1.50E-03
86.25	0.00E+00	1.63E-03	9.08E-04	1.63E-03
86.5	0.00E+00	1.63E-03	9.04E-04	1.63E-03
86.75	0.00E+00	1.63E-03	8.99E-04	1.63E-03
87	0.00E+00	1.62E-03	8.95E-04	1.62E-03
87.25	0.00E+00	1.80E-03	8.90E-04	1.80E-03
87.5	0.00E+00	1.80E-03	8.84E-04	1.80E-03
87.75	0.00E+00	1.79E-03	8.79E-04	1.79E-03
88	0.00E+00	1.79E-03	8.73E-04	1.79E-03
88.25	0.00E+00	1.74E-03	8.66E-04	1.74E-03
88.5	0.00E+00	1.74E-03	8.60E-04	1.74E-03
88.75	0.00E+00	1.73E-03	8.53E-04	1.73E-03
89	0.00E+00	1.72E-03	8.47E-04	1.72E-03
89.25	0.00E+00	2.24E-03	8.40E-04	2.24E-03
89.5	0.00E+00	2.24E-03	8.32E-04	2.24E-03
89.75	0.00E+00	2.23E-03	8.25E-04	2.23E-03
90	0.00E+00	2.22E-03	8.17E-04	2.22E-03
90.25	0.00E+00	2.19E-03	8.10E-04	2.19E-03
90.5	0.00E+00	2.18E-03	8.02E-04	2.18E-03
90.75	0.00E+00	2.18E-03	7.94E-04	2.18E-03
91	0.00E+00	2.17E-03	7.86E-04	2.17E-03
91.25	0.00E+00	2.26E-03	7.77E-04	2.26E-03
91.5	0.00E+00	2.25E-03	7.69E-04	2.25E-03
91.75	0.00E+00	2.24E-03	7.60E-04	2.24E-03
92	0.00E+00	2.23E-03	7.52E-04	2.23E-03
92.25	0.00E+00	1.72E-03	7.43E-04	1.72E-03
92.5	0.00E+00	1.71E-03	7.34E-04	1.71E-03
92.75	0.00E+00	1.71E-03	7.24E-04	1.71E-03
93	0.00E+00	1.70E-03	7.15E-04	1.70E-03
93.25	5.18E-04	7.06E-04	7.06E-04	7.06E-04
93.5	5.18E-04	6.96E-04	6.96E-04	6.96E-04
93.75	5.18E-04	6.87E-04	6.87E-04	6.87E-04
94	5.18E-04	6.77E-04	6.77E-04	6.77E-04
94.25	0.00E+00	1.05E-03	6.67E-04	1.05E-03
94.5	0.00E+00	1.04E-03	6.57E-04	1.04E-03
94.75	0.00E+00	1.03E-03	6.47E-04	1.03E-03
95	0.00E+00	1.02E-03	6.38E-04	1.02E-03
95.25	1.25E-02	6.28E-04	6.28E-04	6.28E-04
95.5	1.25E-02	6.18E-04	6.18E-04	6.18E-04
95.75	1.25E-02	6.09E-04	6.09E-04	6.09E-04
96	1.25E-02	6.00E-04	6.00E-04	6.00E-04
96.25	0.00E+00	9.45E-04	5.91E-04	9.45E-04
96.5	0.00E+00	9.36E-04	5.82E-04	9.36E-04
96.75	0.00E+00	9.29E-04	5.75E-04	9.29E-04
97	0.00E+00	9.24E-04	5.70E-04	9.24E-04
97.25	4.56E-03	5.66E-04	5.66E-04	5.66E-04
97.5	4.56E-03	5.64E-04	5.64E-04	5.64E-04
97.75	4.56E-03	5.65E-04	5.65E-04	5.65E-04
98	4.56E-03	5.68E-04	5.68E-04	5.68E-04
98.25	9.03E-04	5.72E-04	5.72E-04	5.72E-04
98.5	9.03E-04	5.78E-04	5.78E-04	5.78E-04
98.75	9.03E-04	5.86E-04	5.86E-04	5.86E-04
99	9.03E-04	5.96E-04	5.96E-04	5.96E-04
99.25	0.00E+00	1.22E-03	6.06E-04	1.22E-03
99.5	0.00E+00	1.23E-03	6.18E-04	1.23E-03
99.75	0.00E+00	1.25E-03	6.30E-04	1.25E-03
100	0.00E+00	1.26E-03	6.43E-04	1.26E-03
100.25	0.00E+00	1.07E-03	6.56E-04	1.07E-03
100.5	0.00E+00	1.09E-03	6.69E-04	1.09E-03
100.75	0.00E+00	1.10E-03	6.81E-04	1.10E-03
101	0.00E+00	1.11E-03	6.92E-04	1.11E-03
101.25	0.00E+00	1.44E-03	7.02E-04	1.44E-03
101.5	0.00E+00	1.45E-03	7.11E-04	1.45E-03
101.75	0.00E+00	1.46E-03	7.18E-04	1.46E-03
102	0.00E+00	1.47E-03	7.25E-04	1.47E-03
102.25	0.00E+00	1.90E-03	7.30E-04	1.90E-03
102.5	0.00E+00	1.90E-03	7.34E-04	1.90E-03
102.75	0.00E+00	1.91E-03	7.38E-04	1.91E-03
103	0.00E+00	1.91E-03	7.40E-04	1.91E-03
103.25	0.00E+00	1.34E-03	7.42E-04	1.34E-03
103.5	0.00E+00	1.34E-03	7.42E-04	1.34E-03
103.75	0.00E+00	1.34E-03	7.42E-04	1.34E-03
104	0.00E+00	1.34E-03	7.41E-04	1.34E-03
104.25	0.00E+00	1.87E-03	7.40E-04	1.87E-03
104.5	0.00E+00	1.87E-03	7.38E-04	1.87E-03
104.75	0.00E+00	1.86E-03	7.35E-04	1.86E-03
105	0.00E+00	1.86E-03	7.32E-04	1.86E-03
105.25	0.00E+00	2.16E-03	7.28E-04	2.16E-03
105.5	0.00E+00	2.16E-03	7.24E-04	2.16E-03
105.75	0.00E+00	2.16E-03	7.20E-04	2.16E-03
106	0.00E+00	2.15E-03	7.15E-04	2.15E-03
106.25	0.00E+00	2.37E-03	7.10E-04	2.37E-03
106.5	0.00E+00	2.37E-03	7.04E-04	2.37E-03
106.75	0.00E+00	2.36E-03	6.98E-04	2.36E-03
107	0.00E+00	2.36E-03	6.92E-04	2.36E-03
107.25	0.00E+00	2.10E-03	6.86E-04	2.10E-03
107.5	0.00E+00	2.09E-03	6.79E-04	2.09E-03
107.75	0.00E+00	2.09E-03	6.72E-04	2.09E-03
108	0.00E+00	2.08E-03	6.65E-04	2.08E-03
108.25	0.00E+00	1.60E-03	6.57E-04	1.60E-03
108.5	0.00E+00	1.59E-03	6.49E-04	1.59E-03
108.75	0.00E+00	1.58E-03	6.41E-04	1.58E-03
109	0.00E+00	1.57E-03	6.33E-04	1.57E-03
109.25	0.00E+00	1.65E-03	6.24E-04	1.65E-03
109.5	0.00E+00	1.64E-03	6.16E-04	1.64E-03
109.75	0.00E+00	1.63E-03	6.07E-04	1.63E-03
110	0.00E+00	1.62E-03	5.97E-04	1.62E-03
110.25	0.00E+00	1.79E-03	5.88E-04	1.79E-03
110.5	0.00E+00	1.78E-03	5.79E-04	1.78E-03
110.75	0.00E+00	1.78E-03	5.69E-04	1.78E-03
111	0.00E+00	1.77E-03	5.59E-04	1.77E-03
111.25	0.00E+00	1.53E-03	5.49E-04	1.53E-03
111.5	0.00E+00	1.52E-03	5.41E-04	1.52E-03
111.75	0.00E+00	1.51E-03	5.36E-04	1.51E-03
112	0.00E+00	1.51E-03	5.31E-04	1.51E-03
112.25	2.23E-03	5.25E-04	5.25E-04	5.25E-04
112.5	2.23E-03	5.20E-04	5.20E-04	5.20E-04
112.75	2.23E-03	5.15E-04	5.15E-04	5.15E-04
113	2.23E-03	5.10E-04	5.10E-04	5.10E-04
113.25	0.00E+00	2.09E-03	5.05E-04	2.09E-03
113.5	0.00E+00	2.08E-03	5.00E-04	2.08E-03
113.75	0.00E+00	2.08E-03	4.96E-04	2.08E-03
114	0.00E+00	2.07E-03	4.91E-04	2.07E-03
114.25	0.00E+00	1.49E-03	4.86E-04	1.49E-03
114.5	0.00E+00	1.49E-03	4.81E-04	1.49E-03
114.75	0.00E+00	1.48E-03	4.77E-04	1.48E-03
115	0.00E+00	1.48E-03	4.73E-04	1.48E-03
115.25	0.00E+00	2.08E-03	4.68E-04	2.08E-03
115.5	0.00E+00	2.08E-03	4.64E-04	2.08E-03
115.75	0.00E+00	2.07E-03	4.60E-04	2.07E-03
116	0.00E+00	2.07E-03	4.56E-04	2.07E-03
116.25	0.00E+00	2.18E-03	4.52E-04	2.18E-03
116.5	0.00E+00	2.18E-03	4.49E-04	2.18E-03
116.75	0.00E+00	2.17E-03	4.45E-04	2.17E-03
117	0.00E+00	2.17E-03	4.41E-04	2.17E-03
117.25	0.00E+00	2.15E-03	4.37E-04	2.15E-03
117.5	0.00E+00	2.15E-03	4.33E-04	2.15E-03
117.75	0.00E+00	2.14E-03	4.30E-04	2.14E-03
118	0.00E+00	2.14E-03	4.26E-04	2.14E-03
118.25	0.00E+00	1.69E-03	4.22E-04	1.69E-03
118.5	0.00E+00	1.68E-03	4.18E-04	1.68E-03
118.75	0.00E+00	1.68E-03	4.14E-04	1.68E-03
119	0.00E+00	1.67E-03	4.10E-04	1.67E-03
119.25	0.00E+00	1.56E-03	4.06E-04	1.56E-03
119.5	0.00E+00	1.56E-03	4.02E-04	1.56E-03
119.75	0.00E+00	1.55E-03	3.98E-04	1.55E-03
120	0.00E+00	1.55E-03	3.94E-04	1.55E-03
120.25	0.00E+00	1.27E-03	3.90E-04	1.27E-03
120.5	0.00E+00	1.26E-03	3.86E-04	1.26E-03
120.75	0.00E+00	1.26E-03	3.82E-04	1.26E-03
121	0.00E+00	1.26E-03	3.77E-04	1.26E-03
121.25	0.00E+00	1.56E-03	3.73E-04	1.56E-03
121.5	0.00E+00	1.55E-03	3.69E-04	1.55E-03
121.75	0.00E+00	1.55E-03	3.64E-04	1.55E-03
122	0.00E+00	1.54E-03	3.60E-04	1.54E-03
122.25	0.00E+00	1.61E-03	3.55E-04	1.61E-03
122.5	0.00E+00	1.60E-03	3.51E-04	1.60E-03
122.75	0.00E+00	1.60E-03	3.47E-04	1.60E-03
123	0.00E+00	1.60E-03	3.42E-04	1.60E-03
123.25	0.00E+00	1.71E-03	3.38E-04	1.71E-03
123.5	0.00E+00	1.71E-03	3.33E-04	1.71E-03
123.75	0.00E+00	1.70E-03	3.28E-04	1.70E-03
124	0.00E+00	1.70E-03	3.24E-04	1.70E-03
124.25	0.00E+00	1.32E-03	3.19E-04	1.32E-03
124.5	0.00E+00	1.31E-03	3.15E-04	1.31E-03
124.75	0.00E+00	1.31E-03	3.10E-04	1.31E-03
125	0.00E+00	1.30E-03	3.05E-04	1.30E-03
125.25	0.00E+00	1.48E-03	3.00E-04	1.48E-03
125.5	0.00E+00	1.48E-03	2.95E-04	1.48E-03
125.75	0.00E+00	1.47E-03	2.91E-04	1.47E-03
126	0.00E+00	1.47E-03	2.88E-04	1.47E-03
126.25	0.00E+00	1.43E-03	2.85E-04	1.43E-03
126.5	0.00E+00	1.43E-03	2.83E-04	1.43E-03
126.75	0.00E+00	1.42E-03	2.81E-04	1.42E-03
127	0.00E+00	1.42E-03	2.78E-04	1.42E-03
127.25	1.65E-02	2.76E-04	2.76E-04	2.76E-04
127.5	1.65E-02	2.73E-04	2.73E-04	2.73E-04
127.75	1.65E-02	2.71E-04	2.71E-04	2.71E-04
128	1.65E-02	2.69E-04	2.69E-04	2.69E-04
128.25	0.00E+00	8.61E-04	2.66E-04	8.61E-04
128.5	0.00E+00	8.59E-04	2.64E-04	8.59E-04
128.75	0.00E+00	8.57E-04	2.62E-04	8.57E-04
129	0.00E+00	8.55E-04	2.60E-04	8.55E-04
129.25	0.00E+00	1.21E-03	2.57E-04	1.21E-03
129.5	0.00E+00	1.21E-03	2.55E-04	1.21E-03
129.75	0.00E+00	1.20E-03	2.53E-04	1.20E-03
130	0.00E+00	1.20E-03	2.52E-04	1.20E-03
130.25	0.00E+00	1.64E-03	2.50E-04	1.64E-03
130.5	0.00E+00	1.64E-03	2.49E-04	1.64E-03
130.75	0.00E+00	1.64E-03	2.48E-04	1.64E-03
131	0.00E+00	1.64E-03	2.48E-04	1.64E-03
131.25	0.00E+00	8.94E-04	2.47E-04	8.94E-04
131.5	0.00E+00	8.94E-04	2.47E-04	8.94E-04
131.75	0.00E+00	8.94E-04	2.47E-04	8.94E-04
132	0.00E+00	8.94E-04	2.47E-04	8.94E-04
132.25	0.00E+00	1.74E-03	2.48E-04	1.74E-03
132.5	0.00E+00	1.74E-03	2.48E-04	1.74E-03
132.75	0.00E+00	1.74E-03	2.49E-04	1.74E-03
133	0.00E+00	1.74E-03	2.49E-04	1.74E-03
133.25	0.00E+00	1.04E-03	2.50E-04	1.04E-03
133.5	0.00E+00	1.04E-03	2.50E-04	1.04E-03
133.75	0.00E+00	1.04E-03	2.51E-04	1.04E-03
134	0.00E+00	1.04E-03	2.51E-04	1.04E-03
134.25	0.00E+00	1.47E-03	2.52E-04	1.47E-03
134.5	0.00E+00	1.47E-03	2.52E-04	1.47E-03
134.75	0.00E+00	1.47E-03	2.52E-04	1.47E-03
135	0.00E+00	1.47E-03	2.52E-04	1.47E-03
135.25	0.00E+00	1.93E-03	2.53E-04	1.93E-03
135.5	0.00E+00	1.93E-03	2.53E-04	1.93E-03
135.75	0.00E+00	1.93E-03	2.53E-04	1.93E-03
136	0.00E+00	1.93E-03	2.52E-04	1.93E-03
136.25	0.00E+00	1.84E-03	2.52E-04	1.84E-03
136.5	0.00E+00	1.84E-03	2.52E-04	1.84E-03
136.75	0.00E+00	1.84E-03	2.52E-04	1.84E-03
137	0.00E+00	1.84E-03	2.51E-04	1.84E-03
137.25	0.00E+00	2.20E-03	2.51E-04	2.20E-03
137.5	0.00E+00	2.20E-03	2.50E-04	2.20E-03
137.75	0.00E+00	2.20E-03	2.50E-04	2.20E-03
138	0.00E+00	2.20E-03	2.49E-04	2.20E-03
138.25	0.00E+00	2.05E-03	2.48E-04	2.05E-03
138.5	0.00E+00	2.05E-03	2.47E-04	2.05E-03
138.75	0.00E+00	2.05E-03	2.47E-04	2.05E-03
139	0.00E+00	2.05E-03	2.46E-04	2.05E-03
139.25	0.00E+00	2.26E-03	2.45E-04	2.26E-03
139.5	0.00E+00	2.26E-03	2.44E-04	2.26E-03
139.75	0.00E+00	2.26E-03	2.43E-04	2.26E-03
140	0.00E+00	2.26E-03	2.41E-04	2.26E-03
140.25	0.00E+00	1.74E-03	2.40E-04	1.74E-03
140.5	0.00E+00	1.74E-03	2.39E-04	1.74E-03
140.75	0.00E+00	1.74E-03	2.38E-04	1.74E-03
141	0.00E+00	1.73E-03	2.37E-04	1.73E-03
141.25	0.00E+00	1.48E-03	2.35E-04	1.48E-03
141.5	0.00E+00	1.48E-03	2.34E-04	1.48E-03
141.75	0.00E+00	1.48E-03	2.32E-04	1.48E-03
142	0.00E+00	1.48E-03	2.31E-04	1.48E-03
142.25	0.00E+00	2.30E-04	2.30E-04	2.30E-04
142.5	1.49E-10	2.28E-04	2.28E-04	2.28E-04
142.75	8.38E-10	2.26E-04	2.26E-04	2.26E-04
143	3.35E-10	2.25E-04	2.25E-04	2.25E-04
143.25	0.00E+00	2.11E-03	2.23E-04	2.11E-03
143.5	0.00E+00	2.11E-03	2.22E-04	2.11E-03
143.75	0.00E+00	2.11E-03	2.20E-04	2.11E-03
144	0.00E+00	2.11E-03	2.18E-04	2.11E-03
144.25	0.00E+00	1.85E-03	2.17E-04	1.85E-03
144.5	0.00E+00	1.84E-03	2.15E-04	1.84E-03
144.75	0.00E+00	1.84E-03	2.13E-04	1.84E-03
145	0.00E+00	1.84E-03	2.11E-04	1.84E-03
145.25	0.00E+00	1.51E-03	2.09E-04	1.51E-03
145.5	0.00E+00	1.51E-03	2.08E-04	1.51E-03
145.75	0.00E+00	1.51E-03	2.06E-04	1.51E-03
146	0.00E+00	1.50E-03	2.04E-04	1.50E-03
146.25	0.00E+00	1.85E-03	2.02E-04	1.85E-03
146.5	0.00E+00	1.85E-03	2.00E-04	1.85E-03
146.75	0.00E+00	1.85E-03	1.98E-04	1.85E-03
147	0.00E+00	1.85E-03	1.97E-04	1.85E-03
147.25	3.62E-04	1.95E-04	1.95E-04	1.95E-04
147.5	3.62E-04	1.93E-04	1.93E-04	1.93E-04
147.75	3.62E-04	1.91E-04	1.91E-04	1.91E-04
148	3.62E-04	1.89E-04	1.89E-04	1.89E-04
148.25	0.00E+00	1.96E-03	1.87E-04	1.96E-03
148.5	0.00E+00	1.95E-03	1.85E-04	1.95E-03
148.75	0.00E+00	1.95E-03	1.83E-04	1.95E-03
149	0.00E+00	1.95E-03	1.81E-04	1.95E-03
149.25	0.00E+00	3.17E-04	1.79E-04	3.17E-04
149.5	0.00E+00	3.15E-04	1.77E-04	3.15E-04
149.75	0.00E+00	3.13E-04	1.75E-04	3.13E-04
150	0.00E+00	3.11E-04	1.73E-04	3.11E-04
150.25	8.01E-03	1.71E-04	1.71E-04	1.71E-04
150.5	8.01E-03	1.69E-04	1.69E-04	1.69E-04
150.75	8.01E-03	1.67E-04	1.67E-04	1.67E-04
151	8.01E-03	1.65E-04	1.65E-04	1.65E-04
151.25	0.00E+00	1.19E-03	1.63E-04	1.19E-03
151.5	0.00E+00	1.19E-03	1.61E-04	1.19E-03
151.75	0.00E+00	1.19E-03	1.59E-04	1.19E-03
152	0.00E+00	1.19E-03	1.57E-04	1.19E-03
152.25	0.00E+00	1.80E-03	1.55E-04	1.80E-03
152.5	0.00E+00	1.80E-03	1.53E-04	1.80E-03
152.75	0.00E+00	1.80E-03	1.51E-04	1.80E-03
153	0.00E+00	1.79E-03	1.50E-04	1.79E-03
153.25	2.33E-03	1.49E-04	1.49E-04	1.49E-04
153.5	2.33E-03	1.48E-04	1.48E-04	1.48E-04
153.75	2.33E-03	1.47E-04	1.47E-04	1.47E-04
154	2.33E-03	1.46E-04	1.46E-04	1.46E-04
154.25	2.94E-03	1.45E-04	1.45E-04	1.45E-04
154.5	2.94E-03	1.44E-04	1.44E-04	1.44E-04
154.75	2.94E-03	1.43E-04	1.43E-04	1.43E-04
155	2.94E-03	1.42E-04	1.42E-04	1.42E-04
155.25	0.00E+00	1.45E-04	1.41E-04	1.45E-04
155.5	0.00E+00	1.45E-04	1.41E-04	1.45E-04
155.75	0.00E+00	1.44E-04	1.40E-04	1.44E-04
156	0.00E+00	1.43E-04	1.39E-04	1.43E-04
156.25	0.00E+00	1.37E-03	1.38E-04	1.37E-03
156.5	0.00E+00	1.36E-03	1.37E-04	1.36E-03
156.75	0.00E+00	1.36E-03	1.36E-04	1.36E-03
157	0.00E+00	1.36E-03	1.36E-04	1.36E-03
157.25	1.31E-09	1.35E-04	1.35E-04	1.35E-04
157.5	9.99E-10	1.34E-04	1.34E-04	1.34E-04
157.75	0.00E+00	1.34E-04	1.34E-04	1.34E-04
158	8.09E-11	1.33E-04	1.33E-04	1.33E-04
158.25	0.00E+00	2.47E-03	1.32E-04	2.47E-03
158.5	0.00E+00	2.47E-03	1.32E-04	2.47E-03
158.75	0.00E+00	2.47E-03	1.31E-04	2.47E-03
159	0.00E+00	2.47E-03	1.31E-04	2.47E-03
159.25	0.00E+00	2.85E-03	1.30E-04	2.85E-03
159.5	0.00E+00	2.85E-03	1.30E-04	2.85E-03
159.75	0.00E+00	2.85E-03	1.29E-04	2.85E-03
160	0.00E+00	2.85E-03	1.29E-04	2.85E-03
160.25	0.00E+00	2.45E-03	1.29E-04	2.45E-03
160.5	0.00E+00	2.45E-03	1.28E-04	2.45E-03
160.75	0.00E+00	2.45E-03	1.28E-04	2.45E-03
161	0.00E+00	2.45E-03	1.28E-04	2.45E-03
161.25	2.84E-03	1.27E-04	1.27E-04	1.27E-04
161.5	2.84E-03	1.27E-04	1.27E-04	1.27E-04
161.75	2.84E-03	1.27E-04	1.27E-04	1.27E-04
162	2.84E-03	1.26E-04	1.26E-04	1.26E-04
162.25	2.71E-03	1.26E-04	1.26E-04	1.26E-04
162.5	2.71E-03	1.26E-04	1.26E-04	1.26E-04
162.75	2.71E-03	1.25E-04	1.25E-04	1.25E-04
163	2.71E-03	1.25E-04	1.25E-04	1.25E-04
163.25	0.00E+00	1.45E-03	1.25E-04	1.45E-03
163.5	0.00E+00	1.45E-03	1.25E-04	1.45E-03
163.75	0.00E+00	1.45E-03	1.24E-04	1.45E-03
164	0.00E+00	1.45E-03	1.24E-04	1.45E-03
164.25	0.00E+00	1.47E-03	1.24E-04	1.47E-03
164.5	0.00E+00	1.47E-03	1.23E-04	1.47E-03
164.75	0.00E+00	1.47E-03	1.23E-04	1.47E-03
165	0.00E+00	1.47E-03	1.22E-04	1.47E-03
165.25	0.00E+00	1.94E-03	1.22E-04	1.94E-03
165.5	0.00E+00	1.94E-03	1.22E-04	1.94E-03
165.75	0.00E+00	1.94E-03	1.21E-04	1.94E-03
166	0.00E+00	1.94E-03	1.21E-04	1.94E-03
166.25	0.00E+00	2.06E-03	1.21E-04	2.06E-03
166.5	0.00E+00	2.06E-03	1.20E-04	2.06E-03
166.75	0.00E+00	2.06E-03	1.20E-04	2.06E-03
167	0.00E+00	2.06E-03	1.19E-04	2.06E-03
167.25	0.00E+00	1.97E-03	1.19E-04	1.97E-03
167.5	0.00E+00	1.97E-03	1.19E-04	1.97E-03
167.75	0.00E+00	1.97E-03	1.18E-04	1.97E-03
168	0.00E+00	1.97E-03	1.18E-04	1.97E-03
168.25	0.00E+00	1.87E-03	1.17E-04	1.87E-03
168.5	0.00E+00	1.87E-03	1.17E-04	1.87E-03
168.75	0.00E+00	1.87E-03	1.17E-04	1.87E-03
169	0.00E+00	1.87E-03	1.16E-04	1.87E-03
169.25	6.50E-05	1.16E-04	1.16E-04	1.16E-04
169.5	6.50E-05	1.16E-04	1.16E-04	1.16E-04
169.75	6.50E-05	1.15E-04	1.15E-04	1.15E-04
170	6.50E-05	1.15E-04	1.15E-04	1.15E-04
170.25	0.00E+00	1.68E-03	1.14E-04	1.68E-03
170.5	0.00E+00	1.67E-03	1.14E-04	1.67E-03
170.75	0.00E+00	1.67E-03	1.14E-04	1.67E-03
171	0.00E+00	1.67E-03	1.13E-04	1.67E-03
171.25	2.50E-03	1.13E-04	1.13E-04	1.13E-04
171.5	2.50E-03	1.12E-04	1.12E-04	1.12E-04
171.75	2.50E-03	1.12E-04	1.12E-04	1.12E-04
172	2.50E-03	1.11E-04	1.11E-04	1.11E-04
172.25	0.00E+00	5.97E-04	1.11E-04	5.97E-04
172.5	0.00E+00	5.96E-04	1.10E-04	5.96E-04
172.75	0.00E+00	5.96E-04	1.10E-04	5.96E-04
173	0.00E+00	5.96E-04	1.10E-04	5.96E-04
173.25	0.00E+00	1.39E-03	1.09E-04	1.39E-03
173.5	0.00E+00	1.39E-03	1.09E-04	1.39E-03
173.75	0.00E+00	1.39E-03	1.08E-04	1.39E-03
174	0.00E+00	1.39E-03	1.08E-04	1.39E-03
174.25	3.60E-03	1.07E-04	1.07E-04	1.07E-04
174.5	3.60E-03	1.06E-04	1.06E-04	1.06E-04
174.75	3.60E-03	1.06E-04	1.06E-04	1.06E-04
175	3.60E-03	1.05E-04	1.05E-04	1.05E-04
175.25	0.00E+00	1.50E-03	1.05E-04	1.50E-03
175.5	0.00E+00	1.50E-03	1.04E-04	1.50E-03
175.75	0.00E+00	1.50E-03	1.04E-04	1.50E-03
176	0.00E+00	1.50E-03	1.03E-04	1.50E-03
176.25	0.00E+00	1.39E-03	1.03E-04	1.39E-03
176.5	0.00E+00	1.39E-03	1.02E-04	1.39E-03
176.75	0.00E+00	1.39E-03	1.01E-04	1.39E-03
177	0.00E+00	1.38E-03	1.01E-04	1.38E-03
177.25	3.24E-04	1.00E-04	1.00E-04	1.00E-04
177.5	3.24E-04	9.97E-05	9.97E-05	9.97E-05
177.75	3.24E-04	9.91E-05	9.91E-05	9.91E-05
178	3.24E-04	9.85E-05	9.85E-05	9.85E-05
178.25	0.00E+00	1.67E-03	9.79E-05	1.67E-03
178.5	0.00E+00	1.67E-03	9.73E-05	1.67E-03
178.75	0.00E+00	1.67E-03	9.67E-05	1.67E-03
179	0.00E+00	1.67E-03	9.61E-05	1.67E-03
179.25	7.46E-04	9.55E-05	9.55E-05	9.55E-05
179.5	7.46E-04	9.50E-05	9.50E-05	9.50E-05
179.75	7.46E-04	9.44E-05	9.44E-05	9.44E-05
180	7.46E-04	9.38E-05	9.38E-05	9.38E-05
180.25	0.00E+00	1.06E-03	9.32E-05	1.06E-03
180.5	0.00E+00	1.06E-03	9.26E-05	1.06E-03
180.75	0.00E+00	1.06E-03	9.20E-05	1.06E-03
181	0.00E+00	1.06E-03	9.15E-05	1.06E-03
181.25	0.00E+00	2.07E-03	9.09E-05	2.07E-03
181.5	0.00E+00	2.07E-03	9.03E-05	2.07E-03
181.75	0.00E+00	2.07E-03	8.98E-05	2.07E-03
182	0.00E+00	2.07E-03	8.92E-05	2.07E-03
182.25	0.00E+00	1.41E-03	8.86E-05	1.41E-03
182.5	0.00E+00	1.41E-03	8.81E-05	1.41E-03
182.75	0.00E+00	1.41E-03	8.75E-05	1.41E-03
183	0.00E+00	1.41E-03	8.70E-05	1.41E-03
183.25	1.50E-03	8.64E-05	8.64E-05	8.64E-05
183.5	1.50E-03	8.58E-05	8.58E-05	8.58E-05
183.75	1.50E-03	8.53E-05	8.53E-05	8.53E-05
184	1.50E-03	8.47E-05	8.47E-05	8.47E-05
184.25	0.00E+00	5.29E-04	8.42E-05	5.29E-04
184.5	0.00E+00	5.29E-04	8.36E-05	5.29E-04
184.75	0.00E+00	5.28E-04	8.30E-05	5.28E-04
185	0.00E+00	5.27E-04	8.25E-05	5.27E-04
185.25	5.96E-03	8.19E-05	8.19E-05	8.19E-05
185.5	5.96E-03	8.13E-05	8.13E-05	8.13E-05
185.75	5.96E-03	8.08E-05	8.08E-05	8.08E-05
186	5.96E-03	8.01E-05	8.01E-05	8.01E-05
186.25	1.92E-09	7.95E-05	7.95E-05	7.95E-05
186.5	0.00E+00	7.90E-05	7.90E-05	7.90E-05
186.75	0.00E+00	7.87E-05	7.87E-05	7.87E-05
187	1.90E-09	7.84E-05	7.84E-05	7.84E-05
187.25	0.00E+00	2.16E-03	7.81E-05	2.16E-03
187.5	0.00E+00	2.16E-03	7.78E-05	2.16E-03
187.75	0.00E+00	2.16E-03	7.75E-05	2.16E-03
188	0.00E+00	2.16E-03	7.72E-05	2.16E-03
188.25	1.54E-02	7.70E-05	7.70E-05	7.70E-05
188.5	1.54E-02	7.67E-05	7.67E-05	7.67E-05
188.75	1.54E-02	7.64E-05	7.64E-05	7.64E-05
189	1.54E-02	7.61E-05	7.61E-05	7.61E-05
189.25	1.52E-02	7.58E-05	7.58E-05	7.58E-05
189.5	1.52E-02	7.56E-05	7.56E-05	7.56E-05
189.75	1.52E-02	7.53E-05	7.53E-05	7.53E-05
190	1.52E-02	7.50E-05	7.50E-05	7.50E-05
190.25	3.70E-03	7.48E-05	7.48E-05	7.48E-05
190.5	3.70E-03	7.45E-05	7.45E-05	7.45E-05
190.75	3.70E-03	7.43E-05	7.43E-05	7.43E-05
191	3.70E-03	7.40E-05	7.40E-05	7.40E-05
191.25	1.89E-03	7.38E-05	7.38E-05	7.38E-05
191.5	1.89E-03	7.36E-05	7.36E-05	7.36E-05
191.75	1.89E-03	7.35E-05	7.35E-05	7.35E-05
192	1.89E-03	7.34E-05	7.34E-05	7.34E-05
192.25	0.00E+00	1.16E-03	7.35E-05	1.16E-03
192.5	0.00E+00	1.16E-03	7.36E-05	1.16E-03
192.75	0.00E+00	1.16E-03	7.39E-05	1.16E-03
193	0.00E+00	1.17E-03	7.44E-05	1.17E-03
193.25	2.26E-03	7.51E-05	7.51E-05	7.51E-05
193.5	2.26E-03	7.59E-05	7.59E-05	7.59E-05
193.75	2.26E-03	7.70E-05	7.70E-05	7.70E-05
194	2.26E-03	7.82E-05	7.82E-05	7.82E-05
194.25	0.00E+00	1.14E-03	7.96E-05	1.14E-03
194.5	0.00E+00	1.14E-03	8.26E-05	1.14E-03
194.75	0.00E+00	1.15E-03	8.62E-05	1.15E-03
195	0.00E+00	1.15E-03	9.01E-05	1.15E-03
195.25	0.00E+00	8.42E-04	9.43E-05	8.42E-04
195.5	0.00E+00	8.47E-04	9.87E-05	8.47E-04
195.75	0.00E+00	8.51E-04	1.03E-04	8.51E-04
196	0.00E+00	8.56E-04	1.08E-04	8.56E-04
196.25	0.00E+00	6.92E-04	1.13E-04	6.92E-04
196.5	0.00E+00	6.96E-04	1.17E-04	6.96E-04
196.75	0.00E+00	7.01E-04	1.22E-04	7.01E-04
197	0.00E+00	7.05E-04	1.26E-04	7.05E-04
197.25	0.00E+00	1.79E-03	1.30E-04	1.79E-03
197.5	0.00E+00	1.79E-03	1.34E-04	1.79E-03
197.75	0.00E+00	1.80E-03	1.38E-04	1.80E-03
198	0.00E+00	1.80E-03	1.42E-04	1.80E-03
198.25	2.06E-02	1.45E-04	1.45E-04	1.45E-04
198.5	2.06E-02	1.48E-04	1.48E-04	1.48E-04
198.75	2.06E-02	1.51E-04	1.51E-04	1.51E-04
199	2.06E-02	1.55E-04	1.55E-04	1.55E-04
199.25	0.00E+00	1.17E-03	1.60E-04	1.17E-03
199.5	0.00E+00	1.17E-03	1.65E-04	1.17E-03
199.75	0.00E+00	1.18E-03	1.70E-04	1.18E-03
200	0.00E+00	1.18E-03	1.75E-04	1.18E-03
200.25	0.00E+00	2.14E-03	1.80E-04	2.14E-03
200.5	0.00E+00	2.15E-03	1.86E-04	2.15E-03
200.75	0.00E+00	2.16E-03	1.92E-04	2.16E-03
201	0.00E+00	2.16E-03	1.99E-04	2.16E-03
201.25	5.32E-03	2.07E-04	2.07E-04	2.07E-04
201.5	5.32E-03	2.16E-04	2.16E-04	2.16E-04
201.75	5.32E-03	2.25E-04	2.25E-04	2.25E-04
202	5.32E-03	2.34E-04	2.34E-04	2.34E-04
202.25	9.76E-03	2.43E-04	2.43E-04	2.43E-04
202.5	9.76E-03	2.52E-04	2.52E-04	2.52E-04
202.75	9.76E-03	2.61E-04	2.61E-04	2.61E-04
203	9.76E-03	2.69E-04	2.69E-04	2.69E-04
203.25	5.56E-03	2.77E-04	2.77E-04	2.77E-04
203.5	5.56E-03	2.85E-04	2.85E-04	2.85E-04
203.75	5.56E-03	2.95E-04	2.95E-04	2.95E-04
204	5.56E-03	3.12E-04	3.12E-04	3.12E-04
204.25	0.00E+00	1.85E-03	3.31E-04	1.85E-03
204.5	0.00E+00	1.87E-03	3.52E-04	1.87E-03
204.75	0.00E+00	1.89E-03	3.76E-04	1.89E-03
205	0.00E+00	1.92E-03	4.01E-04	1.92E-03
205.25	0.00E+00	2.37E-03	4.26E-04	2.37E-03
205.5	0.00E+00	2.40E-03	4.52E-04	2.40E-03
205.75	0.00E+00	2.42E-03	4.77E-04	2.42E-03
206	0.00E+00	2.45E-03	5.00E-04	2.45E-03
206.25	0.00E+00	1.44E-03	5.21E-04	1.44E-03
206.5	0.00E+00	1.46E-03	5.40E-04	1.46E-03
206.75	0.00E+00	1.48E-03	5.65E-04	1.48E-03
207	0.00E+00	1.51E-03	5.93E-04	1.51E-03
207.25	0.00E+00	2.10E-03	6.19E-04	2.10E-03
207.5	0.00E+00	2.12E-03	6.41E-04	2.12E-03
207.75	0.00E+00	2.14E-03	6.59E-04	2.14E-03
208	0.00E+00	2.16E-03	6.74E-04	2.16E-03
208.25	0.00E+00	2.62E-03	6.87E-04	2.62E-03
208.5	0.00E+00	2.63E-03	6.97E-04	2.63E-03
208.75	0.00E+00	2.64E-03	7.05E-04	2.64E-03
209	0.00E+00	2.64E-03	7.11E-04	2.64E-03
209.25	0.00E+00	2.77E-03	7.16E-04	2.77E-03
209.5	0.00E+00	2.77E-03	7.19E-04	2.77E-03
209.75	0.00E+00	2.77E-03	7.20E-04	2.77E-03
210	0.00E+00	2.77E-03	7.20E-04	2.77E-03
210.25	0.00E+00	3.11E-03	7.20E-04	3.11E-03
210.5	0.00E+00	3.11E-03	7.18E-04	3.11E-03
210.75	0.00E+00	3.11E-03	7.15E-04	3.11E-03
211	0.00E+00	3.10E-03	7.11E-04	3.10E-03
211.25	0.00E+00	2.72E-03	7.07E-04	2.72E-03
211.5	0.00E+00	2.71E-03	7.02E-04	2.71E-03
211.75	0.00E+00	2.71E-03	6.96E-04	2.71E-03
212	0.00E+00	2.70E-03	6.89E-04	2.70E-03
212.25	0.00E+00	2.59E-03	6.82E-04	2.59E-03
212.5	0.00E+00	2.58E-03	6.75E-04	2.58E-03
212.75	0.00E+00	2.57E-03	6.67E-04	2.57E-03
213	0.00E+00	2.56E-03	6.58E-04	2.56E-03
213.25	0.00E+00	2.22E-03	6.50E-04	2.22E-03
213.5	0.00E+00	2.21E-03	6.40E-04	2.21E-03
213.75	0.00E+00	2.20E-03	6.31E-04	2.20E-03
214	0.00E+00	2.19E-03	6.21E-04	2.19E-03
214.25	0.00E+00	2.66E-03	6.11E-04	2.66E-03
214.5	0.00E+00	2.65E-03	6.00E-04	2.65E-03
214.75	0.00E+00	2.64E-03	5.90E-04	2.64E-03
215	0.00E+00	2.63E-03	5.79E-04	2.63E-03
215.25	0.00E+00	2.69E-03	5.67E-04	2.69E-03
215.5	0.00E+00	2.68E-03	5.56E-04	2.68E-03
215.75	0.00E+00	2.66E-03	5.44E-04	2.66E-03
216	0.00E+00	2.66E-03	5.37E-04	2.66E-03
216.25	0.00E+00	2.14E-03	5.31E-04	2.14E-03
216.5	0.00E+00	2.14E-03	5.25E-04	2.14E-03
216.75	0.00E+00	2.13E-03	5.19E-04	2.13E-03
217	0.00E+00	2.13E-03	5.13E-04	2.13E-03
217.25	0.00E+00	2.64E-03	5.07E-04	2.64E-03
217.5	0.00E+00	2.64E-03	5.01E-04	2.64E-03
217.75	0.00E+00	2.63E-03	4.95E-04	2.63E-03
218	0.00E+00	2.62E-03	4.89E-04	2.62E-03
218.25	5.70E-03	4.83E-04	4.83E-04	4.83E-04
218.5	5.70E-03	4.77E-04	4.77E-04	4.77E-04
218.75	5.70E-03	4.71E-04	4.71E-04	4.71E-04
219	5.70E-03	4.65E-04	4.65E-04	4.65E-04
219.25	5.64E-03	4.59E-04	4.59E-04	4.59E-04
219.5	5.64E-03	4.53E-04	4.53E-04	4.53E-04
219.75	5.64E-03	4.47E-04	4.47E-04	4.47E-04
220	5.64E-03	4.41E-04	4.41E-04	4.41E-04
220.25	0.00E+00	2.68E-03	4.35E-04	2.68E-03
220.5	0.00E+00	2.67E-03	4.30E-04	2.67E-03
220.75	0.00E+00	2.66E-03	4.24E-04	2.66E-03
221	0.00E+00	2.66E-03	4.19E-04	2.66E-03
221.25	0.00E+00	3.04E-03	4.14E-04	3.04E-03
221.5	0.00E+00	3.03E-03	4.10E-04	3.03E-03
221.75	0.00E+00	3.03E-03	4.05E-04	3.03E-03
222	0.00E+00	3.02E-03	4.02E-04	3.02E-03
222.25	4.19E-03	3.98E-04	3.98E-04	3.98E-04
222.5	4.19E-03	3.95E-04	3.95E-04	3.95E-04
222.75	4.19E-03	3.93E-04	3.93E-04	3.93E-04
223	4.19E-03	3.90E-04	3.90E-04	3.90E-04
223.25	0.00E+00	2.00E-03	3.88E-04	2.00E-03
223.5	0.00E+00	1.99E-03	3.86E-04	1.99E-03
223.75	0.00E+00	1.99E-03	3.84E-04	1.99E-03
224	0.00E+00	1.99E-03	3.82E-04	1.99E-03
224.25	1.41E-03	3.80E-04	3.80E-04	3.80E-04
224.5	1.41E-03	3.78E-04	3.78E-04	3.78E-04
224.75	1.41E-03	3.76E-04	3.76E-04	3.76E-04
225	1.41E-03	3.75E-04	3.75E-04	3.75E-04
225.25	2.46E-02	3.73E-04	3.73E-04	3.73E-04
225.5	2.46E-02	3.72E-04	3.72E-04	3.72E-04
225.75	2.46E-02	3.71E-04	3.71E-04	3.71E-04
226	2.46E-02	3.69E-04	3.69E-04	3.69E-04
226.25	0.00E+00	1.92E-03	3.68E-04	1.92E-03
226.5	0.00E+00	1.92E-03	3.68E-04	1.92E-03
226.75	0.00E+00	1.92E-03	3.69E-04	1.92E-03
227	0.00E+00	1.93E-03	3.72E-04	1.93E-03
227.25	0.00E+00	9.18E-04	3.78E-04	9.18E-04
227.5	0.00E+00	9.27E-04	3.87E-04	9.27E-04
227.75	0.00E+00	9.41E-04	4.01E-04	9.41E-04
228	0.00E+00	9.57E-04	4.17E-04	9.57E-04
228.25	0.00E+00	1.52E-03	4.35E-04	1.52E-03
228.5	0.00E+00	1.54E-03	4.53E-04	1.54E-03
228.75	0.00E+00	1.56E-03	4.71E-04	1.56E-03
229	0.00E+00	1.57E-03	4.89E-04	1.57E-03
229.25	0.00E+00	1.90E-03	5.05E-04	1.90E-03
229.5	0.00E+00	1.92E-03	5.20E-04	1.92E-03
229.75	0.00E+00	1.93E-03	5.33E-04	1.93E-03
230	0.00E+00	1.94E-03	5.44E-04	1.94E-03
230.25	2.41E-02	5.63E-04	5.63E-04	5.63E-04
230.5	2.41E-02	5.81E-04	5.81E-04	5.81E-04
230.75	2.41E-02	5.97E-04	5.97E-04	5.97E-04
231	2.41E-02	6.11E-04	6.11E-04	6.11E-04
231.25	5.79E-03	6.26E-04	6.26E-04	6.26E-04
231.5	5.79E-03	6.44E-04	6.44E-04	6.44E-04
231.75	5.79E-03	6.72E-04	6.72E-04	6.72E-04
232	5.79E-03	7.12E-04	7.12E-04	7.12E-04
232.25	5.53E-04	7.64E-04	7.64E-04	7.64E-04
232.5	5.53E-04	8.27E-04	8.27E-04	8.27E-04
232.75	5.53E-04	8.95E-04	8.95E-04	8.95E-04
233	5.53E-04	9.61E-04	9.61E-04	9.61E-04
233.25	0.00E+00	1.99E-03	1.04E-03	1.99E-03
233.5	0.00E+00	2.10E-03	1.15E-03	2.10E-03
233.75	0.00E+00	2.19E-03	1.24E-03	2.19E-03
234	0.00E+00	2.27E-03	1.32E-03	2.27E-03
234.25	0.00E+00	2.69E-03	1.39E-03	2.69E-03
234.5	0.00E+00	2.74E-03	1.44E-03	2.74E-03
234.75	0.00E+00	2.78E-03	1.48E-03	2.78E-03
235	0.00E+00	2.81E-03	1.51E-03	2.81E-03
235.25	0.00E+00	2.90E-03	1.53E-03	2.90E-03
235.5	0.00E+00	2.91E-03	1.54E-03	2.91E-03
235.75	0.00E+00	2.92E-03	1.55E-03	2.92E-03
236	0.00E+00	2.92E-03	1.55E-03	2.92E-03
236.25	1.46E-03	1.55E-03	1.55E-03	1.55E-03
236.5	1.46E-03	1.55E-03	1.55E-03	1.55E-03
236.75	1.46E-03	1.54E-03	1.54E-03	1.54E-03
237	1.46E-03	1.53E-03	1.53E-03	1.53E-03
237.25	1.43E-02	1.51E-03	1.51E-03	1.51E-03
237.5	1.43E-02	1.50E-03	1.50E-03	1.50E-03
237.75	1.43E-02	1.49E-03	1.49E-03	1.49E-03
238	1.43E-02	1.48E-03	1.48E-03	1.48E-03
238.25	0.00E+00	2.67E-03	1.48E-03	2.67E-03
238.5	0.00E+00	2.68E-03	1.49E-03	2.68E-03
238.75	0.00E+00	2.71E-03	1.52E-03	2.71E-03
239	0.00E+00	2.75E-03	1.56E-03	2.75E-03
239.25	1.10E-02	1.59E-03	1.59E-03	1.59E-03
239.5	1.10E-02	1.63E-03	1.63E-03	1.63E-03
239.75	1.10E-02	1.67E-03	1.67E-03	1.67E-03
240	1.10E-02	1.70E-03	1.70E-03	1.70E-03
240.25	0.00E+00	2.91E-03	1.74E-03	2.91E-03
240.5	0.00E+00	2.97E-03	1.80E-03	2.97E-03
240.75	0.00E+00	3.07E-03	1.90E-03	3.07E-03
241	0.00E+00	3.16E-03	1.99E-03	3.16E-03
241.25	0.00E+00	3.25E-03	2.08E-03	3.25E-03
241.5	0.00E+00	3.32E-03	2.15E-03	3.32E-03
241.75	0.00E+00	3.37E-03	2.20E-03	3.37E-03
242	0.00E+00	3.40E-03	2.23E-03	3.40E-03
242.25	1.00E-02	2.25E-03	2.25E-03	2.25E-03
242.5	1.00E-02	2.25E-03	2.25E-03	2.25E-03
242.75	1.00E-02	2.25E-03	2.25E-03	2.25E-03
243	1.00E-02	2.25E-03	2.25E-03	2.25E-03
243.25	0.00E+00	3.37E-03	2.26E-03	3.37E-03
243.5	0.00E+00	3.40E-03	2.28E-03	3.40E-03
243.75	0.00E+00	3.43E-03	2.32E-03	3.43E-03
244	0.00E+00	3.47E-03	2.36E-03	3.47E-03
244.25	0.00E+00	3.63E-03	2.39E-03	3.63E-03
244.5	0.00E+00	3.65E-03	2.42E-03	3.65E-03
244.75	0.00E+00	3.67E-03	2.43E-03	3.67E-03
245	0.00E+00	3.67E-03	2.43E-03	3.67E-03
245.25	0.00E+00	3.79E-03	2.42E-03	3.79E-03
245.5	0.00E+00	3.78E-03	2.40E-03	3.78E-03
245.75	0.00E+00	3.75E-03	2.38E-03	3.75E-03
246	0.00E+00	3.72E-03	2.35E-03	3.72E-03
246.25	0.00E+00	3.60E-03	2.31E-03	3.60E-03
246.5	0.00E+00	3.56E-03	2.27E-03	3.56E-03
246.75	0.00E+00	3.52E-03	2.23E-03	3.52E-03
247	0.00E+00	3.47E-03	2.18E-03	3.47E-03
247.25	0.00E+00	3.36E-03	2.13E-03	3.36E-03
247.5	0.00E+00	3.31E-03	2.08E-03	3.31E-03
247.75	0.00E+00	3.26E-03	2.03E-03	3.26E-03
248	0.00E+00	3.21E-03	1.98E-03	3.21E-03
248.25	0.00E+00	3.35E-03	1.93E-03	3.35E-03
248.5	0.00E+00	3.29E-03	1.87E-03	3.29E-03
248.75	0.00E+00	3.24E-03	1.82E-03	3.24E-03
249	0.00E+00	3.19E-03	1.77E-03	3.19E-03
249.25	0.00E+00	3.33E-03	1.74E-03	3.33E-03
249.5	0.00E+00	3.30E-03	1.71E-03	3.30E-03
249.75	0.00E+00	3.27E-03	1.68E-03	3.27E-03
250	0.00E+00	3.24E-03	1.65E-03	3.24E-03
250.25	0.00E+00	3.09E-03	1.62E-03	3.09E-03
250.5	0.00E+00	3.06E-03	1.59E-03	3.06E-03
250.75	0.00E+00	3.03E-03	1.56E-03	3.03E-03
251	0.00E+00	3.00E-03	1.53E-03	3.00E-03
251.25	0.00E+00	2.91E-03	1.50E-03	2.91E-03
251.5	0.00E+00	2.88E-03	1.47E-03	2.88E-03
251.75	0.00E+00	2.86E-03	1.45E-03	2.86E-03
252	0.00E+00	2.83E-03	1.42E-03	2.83E-03
252.25	0.00E+00	3.06E-03	1.39E-03	3.06E-03
252.5	0.00E+00	3.03E-03	1.36E-03	3.03E-03
252.75	0.00E+00	3.00E-03	1.33E-03	3.00E-03
253	0.00E+00	2.98E-03	1.30E-03	2.98E-03
253.25	0.00E+00	2.11E-03	1.28E-03	2.11E-03
253.5	0.00E+00	2.08E-03	1.25E-03	2.08E-03
253.75	0.00E+00	2.05E-03	1.22E-03	2.05E-03
254	0.00E+00	2.02E-03	1.19E-03	2.02E-03
254.25	1.12E-02	1.17E-03	1.17E-03	1.17E-03
254.5	1.12E-02	1.14E-03	1.14E-03	1.14E-03
254.75	1.12E-02	1.11E-03	1.11E-03	1.11E-03
255	1.12E-02	1.09E-03	1.09E-03	1.09E-03
255.25	0.00E+00	2.44E-03	1.06E-03	2.44E-03
255.5	0.00E+00	2.42E-03	1.04E-03	2.42E-03
255.75	0.00E+00	2.40E-03	1.03E-03	2.40E-03
256	0.00E+00	2.39E-03	1.01E-03	2.39E-03
256.25	3.49E-03	1.01E-03	1.01E-03	1.01E-03
256.5	3.49E-03	1.01E-03	1.01E-03	1.01E-03
256.75	3.49E-03	1.01E-03	1.01E-03	1.01E-03
257	3.49E-03	1.01E-03	1.01E-03	1.01E-03
257.25	0.00E+00	1.60E-03	1.02E-03	1.60E-03
257.5	0.00E+00	1.61E-03	1.03E-03	1.61E-03
257.75	0.00E+00	1.62E-03	1.03E-03	1.62E-03
258	0.00E+00	1.62E-03	1.04E-03	1.62E-03
258.25	0.00E+00	1.12E-03	1.05E-03	1.12E-03
258.5	0.00E+00	1.12E-03	1.06E-03	1.12E-03
258.75	0.00E+00	1.13E-03	1.07E-03	1.13E-03
259	0.00E+00	1.14E-03	1.08E-03	1.14E-03
259.25	0.00E+00	1.88E-03	1.08E-03	1.88E-03
259.5	0.00E+00	1.88E-03	1.09E-03	1.88E-03
259.75	0.00E+00	1.88E-03	1.09E-03	1.88E-03
260	0.00E+00	1.88E-03	1.09E-03	1.88E-03
260.25	0.00E+00	2.18E-03	1.09E-03	2.18E-03
260.5	0.00E+00	2.18E-03	1.09E-03	2.18E-03
260.75	0.00E+00	2.18E-03	1.08E-03	2.18E-03
261	0.00E+00	2.17E-03	1.08E-03	2.17E-03
261.25	1.96E-03	1.07E-03	1.07E-03	1.07E-03
261.5	1.96E-03	1.07E-03	1.07E-03	1.07E-03
261.75	1.96E-03	1.06E-03	1.06E-03	1.06E-03
262	1.96E-03	1.05E-03	1.05E-03	1.05E-03
262.25	0.00E+00	1.93E-03	1.04E-03	1.93E-03
262.5	0.00E+00	1.92E-03	1.03E-03	1.92E-03
262.75	0.00E+00	1.91E-03	1.01E-03	1.91E-03
263	0.00E+00	1.90E-03	1.00E-03	1.90E-03
263.25	0.00E+00	1.74E-03	9.93E-04	1.74E-03
263.5	0.00E+00	1.73E-03	9.87E-04	1.73E-03
263.75	0.00E+00	1.73E-03	9.82E-04	1.73E-03
264	0.00E+00	1.72E-03	9.76E-04	1.72E-03
264.25	0.00E+00	1.96E-03	9.71E-04	1.96E-03
264.5	0.00E+00	1.95E-03	9.65E-04	1.95E-03
264.75	0.00E+00	1.95E-03	9.59E-04	1.95E-03
265	0.00E+00	1.94E-03	9.53E-04	1.94E-03
265.25	1.59E-02	9.47E-04	9.47E-04	9.47E-04
265.5	1.59E-02	9.40E-04	9.40E-04	9.40E-04
265.75	1.59E-02	9.33E-04	9.33E-04	9.33E-04
266	1.59E-02	9.27E-04	9.27E-04	9.27E-04
266.25	7.09E-03	9.21E-04	9.21E-04	9.21E-04
266.5	7.09E-03	9.19E-04	9.19E-04	9.19E-04
266.75	7.09E-03	9.22E-04	9.22E-04	9.22E-04
267	7.09E-03	9.32E-04	9.32E-04	9.32E-04
267.25	4.09E-03	9.47E-04	9.47E-04	9.47E-04
267.5	4.09E-03	9.70E-04	9.70E-04	9.70E-04
267.75	4.09E-03	1.00E-03	1.00E-03	1.00E-03
268	4.09E-03	1.06E-03	1.06E-03	1.06E-03
268.25	0.00E+00	1.55E-03	1.13E-03	1.55E-03
268.5	0.00E+00	1.62E-03	1.20E-03	1.62E-03
268.75	0.00E+00	1.69E-03	1.27E-03	1.69E-03
269	0.00E+00	1.75E-03	1.34E-03	1.75E-03
269.25	0.00E+00	1.97E-03	1.39E-03	1.97E-03
269.5	0.00E+00	2.02E-03	1.45E-03	2.02E-03
269.75	0.00E+00	2.06E-03	1.49E-03	2.06E-03
270	0.00E+00	2.09E-03	1.52E-03	2.09E-03
270.25	0.00E+00	2.04E-03	1.55E-03	2.04E-03
270.5	0.00E+00	2.06E-03	1.56E-03	2.06E-03
270.75	0.00E+00	2.07E-03	1.58E-03	2.07E-03
271	0.00E+00	2.07E-03	1.58E-03	2.07E-03
271.25	4.15E-04	1.59E-03	1.59E-03	1.59E-03
271.5	4.15E-04	1.59E-03	1.59E-03	1.59E-03
271.75	4.15E-04	1.58E-03	1.58E-03	1.58E-03
272	4.15E-04	1.58E-03	1.58E-03	1.58E-03
272.25	6.11E-04	1.57E-03	1.57E-03	1.57E-03
272.5	6.11E-04	1.56E-03	1.56E-03	1.56E-03
272.75	6.11E-04	1.55E-03	1.55E-03	1.55E-03
273	6.11E-04	1.54E-03	1.54E-03	1.54E-03
273.25	0.00E+00	2.00E-03	1.53E-03	2.00E-03
273.5	0.00E+00	1.99E-03	1.52E-03	1.99E-03
273.75	0.00E+00	1.98E-03	1.51E-03	1.98E-03
274	0.00E+00	1.97E-03	1.50E-03	1.97E-03
274.25	1.94E-04	1.49E-03	1.49E-03	1.49E-03
274.5	1.94E-04	1.47E-03	1.47E-03	1.47E-03
274.75	1.94E-04	1.46E-03	1.46E-03	1.46E-03
275	1.94E-04	1.45E-03	1.45E-03	1.45E-03
275.25	0.00E+00	2.08E-03	1.44E-03	2.08E-03
275.5	0.00E+00	2.06E-03	1.42E-03	2.06E-03
275.75	0.00E+00	2.05E-03	1.41E-03	2.05E-03
276	0.00E+00	2.04E-03	1.39E-03	2.04E-03
276.25	0.00E+00	2.09E-03	1.38E-03	2.09E-03
276.5	0.00E+00	2.08E-03	1.37E-03	2.08E-03
276.75	0.00E+00	2.06E-03	1.35E-03	2.06E-03
277	0.00E+00	2.05E-03	1.34E-03	2.05E-03
277.25	0.00E+00	2.04E-03	1.32E-03	2.04E-03
277.5	0.00E+00	2.02E-03	1.31E-03	2.02E-03
277.75	0.00E+00	2.00E-03	1.29E-03	2.00E-03
278	0.00E+00	1.99E-03	1.27E-03	1.99E-03
278.25	0.00E+00	1.56E-03	1.26E-03	1.56E-03
278.5	0.00E+00	1.55E-03	1.24E-03	1.55E-03
278.75	0.00E+00	1.53E-03	1.22E-03	1.53E-03
279	0.00E+00	1.51E-03	1.20E-03	1.51E-03
279.25	0.00E+00	1.71E-03	1.19E-03	1.71E-03
279.5	0.00E+00	1.69E-03	1.17E-03	1.69E-03
279.75	0.00E+00	1.67E-03	1.15E-03	1.67E-03
280	0.00E+00	1.65E-03	1.13E-03	1.65E-03
280.25	0.00E+00	1.63E-03	1.11E-03	1.63E-03
280.5	0.00E+00	1.61E-03	1.09E-03	1.61E-03
280.75	0.00E+00	1.59E-03	1.08E-03	1.59E-03
281	0.00E+00	1.58E-03	1.06E-03	1.58E-03
281.25	0.00E+00	1.44E-03	1.04E-03	1.44E-03
281.5	0.00E+00	1.43E-03	1.02E-03	1.43E-03
281.75	0.00E+00	1.41E-03	1.00E-03	1.41E-03
282	0.00E+00	1.39E-03	9.90E-04	1.39E-03
282.25	0.00E+00	1.45E-03	9.80E-04	1.45E-03
282.5	0.00E+00	1.44E-03	9.71E-04	1.44E-03
282.75	0.00E+00	1.43E-03	9.62E-04	1.43E-03
283	0.00E+00	1.42E-03	9.53E-04	1.42E-03
283.25	0.00E+00	1.54E-03	9.44E-04	1.54E-03
283.5	0.00E+00	1.53E-03	9.35E-04	1.53E-03
283.75	0.00E+00	1.53E-03	9.26E-04	1.53E-03
284	0.00E+00	1.52E-03	9.17E-04	1.52E-03
284.25	0.00E+00	1.64E-03	9.09E-04	1.64E-03
284.5	0.00E+00	1.64E-03	9.00E-04	1.64E-03
284.75	0.00E+00	1.63E-03	8.92E-04	1.63E-03
285	0.00E+00	1.62E-03	8.83E-04	1.62E-03
285.25	0.00E+00	1.55E-03	8.75E-04	1.55E-03
285.5	0.00E+00	1.55E-03	8.66E-04	1.55E-03
285.75	0.00E+00	1.54E-03	8.58E-04	1.54E-03
286	0.00E+00	1.53E-03	8.49E-04	1.53E-03
286.25	0.00E+00	1.32E-03	8.41E-04	1.32E-03
286.5	0.00E+00	1.31E-03	8.33E-04	1.31E-03
286.75	0.00E+00	1.30E-03	8.24E-04	1.30E-03
287	0.00E+00	1.30E-03	8.16E-04	1.30E-03
287.25	0.00E+00	1.43E-03	8.07E-04	1.43E-03
287.5	0.00E+00	1.42E-03	7.99E-04	1.42E-03
287.75	0.00E+00	1.42E-03	7.90E-04	1.42E-03
288	0.00E+00	1.41E-03	7.82E-04	1.41E-03
288.25	4.64E-03	7.74E-04	7.74E-04	7.74E-04
288.5	4.64E-03	7.65E-04	7.65E-04	7.65E-04
288.75	4.64E-03	7.57E-04	7.57E-04	7.57E-04
289	4.64E-03	7.49E-04	7.49E-04	7.49E-04
289.25	0.00E+00	9.69E-04	7.41E-04	9.69E-04
289.5	0.00E+00	9.61E-04	7.33E-04	9.61E-04
289.75	0.00E+00	9.54E-04	7.26E-04	9.54E-04
290	0.00E+00	9.47E-04	7.19E-04	9.47E-04
290.25	1.19E-02	7.12E-04	7.12E-04	7.12E-04
290.5	1.19E-02	7.07E-04	7.07E-04	7.07E-04
290.75	1.19E-02	7.02E-04	7.02E-04	7.02E-04
291	1.19E-02	6.99E-04	6.99E-04	6.99E-04
291.25	2.30E-05	6.96E-04	6.96E-04	6.96E-04
291.5	2.30E-05	6.95E-04	6.95E-04	6.95E-04
291.75	2.30E-05	6.96E-04	6.96E-04	6.96E-04
292	2.30E-05	7.01E-04	7.01E-04	7.01E-04
292.25	0.00E+00	9.91E-04	7.09E-04	9.91E-04
292.5	0.00E+00	1.00E-03	7.20E-04	1.00E-03
292.75	0.00E+00	1.02E-03	7.34E-04	1.02E-03
293	0.00E+00	1.03E-03	7.49E-04	1.03E-03
293.25	2.76E-02	7.64E-04	7.64E-04	7.64E-04
293.5	2.76E-02	7.79E-04	7.79E-04	7.79E-04
293.75	2.76E-02	7.94E-04	7.94E-04	7.94E-04
294	2.76E-02	8.12E-04	8.12E-04	8.12E-04
294.25	0.00E+00	1.60E-03	8.34E-04	1.60E-03
294.5	0.00E+00	1.64E-03	8.71E-04	1.64E-03
294.75	0.00E+00	1.70E-03	9.31E-04	1.70E-03
295	0.00E+00	1.78E-03	1.01E-03	1.78E-03
295.25	0.00E+00	1.76E-03	1.16E-03	1.76E-03
295.5	0.00E+00	1.91E-03	1.31E-03	1.91E-03
295.75	0.00E+00	2.03E-03	1.43E-03	2.03E-03
296	0.00E+00	2.13E-03	1.53E-03	2.13E-03
296.25	0.00E+00	2.31E-03	1.62E-03	2.31E-03
296.5	0.00E+00	2.37E-03	1.68E-03	2.37E-03
296.75	0.00E+00	2.42E-03	1.73E-03	2.42E-03
297	0.00E+00	2.45E-03	1.76E-03	2.45E-03
297.25	0.00E+00	2.39E-03	1.80E-03	2.39E-03
297.5	0.00E+00	2.42E-03	1.83E-03	2.42E-03
297.75	0.00E+00	2.44E-03	1.85E-03	2.44E-03
298	0.00E+00	2.45E-03	1.85E-03	2.45E-03
298.25	0.00E+00	2.60E-03	1.85E-03	2.60E-03
298.5	0.00E+00	2.59E-03	1.84E-03	2.59E-03
298.75	0.00E+00	2.58E-03	1.83E-03	2.58E-03
299	0.00E+00	2.56E-03	1.80E-03	2.56E-03
299.25	0.00E+00	2.00E-03	1.78E-03	2.00E-03
299.5	0.00E+00	1.98E-03	1.76E-03	1.98E-03
299.75	0.00E+00	1.96E-03	1.74E-03	1.96E-03
300	0.00E+00	1.94E-03	1.72E-03	1.94E-03
300.25	2.46E-03	1.71E-03	1.71E-03	1.71E-03
300.5	2.46E-03	1.69E-03	1.69E-03	1.69E-03
300.75	2.46E-03	1.67E-03	1.67E-03	1.67E-03
301	2.46E-03	1.65E-03	1.65E-03	1.65E-03
301.25	0.00E+00	1.88E-03	1.63E-03	1.88E-03
301.5	0.00E+00	1.86E-03	1.61E-03	1.86E-03
301.75	0.00E+00	1.84E-03	1.60E-03	1.84E-03
302	0.00E+00	1.83E-03	1.59E-03	1.83E-03
302.25	4.63E-04	1.57E-03	1.57E-03	1.57E-03
302.5	4.63E-04	1.56E-03	1.56E-03	1.56E-03
302.75	4.63E-04	1.55E-03	1.55E-03	1.55E-03
303	4.63E-04	1.54E-03	1.54E-03	1.54E-03
303.25	0.00E+00	1.61E-03	1.53E-03	1.61E-03
303.5	0.00E+00	1.60E-03	1.51E-03	1.60E-03
303.75	0.00E+00	1.58E-03	1.50E-03	1.58E-03
304	0.00E+00	1.57E-03	1.49E-03	1.57E-03
304.25	0.00E+00	1.69E-03	1.48E-03	1.69E-03
304.5	0.00E+00	1.67E-03	1.46E-03	1.67E-03
304.75	0.00E+00	1.66E-03	1.45E-03	1.66E-03
305	0.00E+00	1.65E-03	1.44E-03	1.65E-03
305.25	5.26E-03	1.43E-03	1.43E-03	1.43E-03
305.5	5.26E-03	1.41E-03	1.41E-03	1.41E-03
305.75	5.26E-03	1.40E-03	1.40E-03	1.40E-03
306	5.26E-03	1.39E-03	1.39E-03	1.39E-03
306.25	1.71E-03	1.37E-03	1.37E-03	1.37E-03
306.5	1.71E-03	1.36E-03	1.36E-03	1.36E-03
306.75	1.71E-03	1.36E-03	1.36E-03	1.36E-03
307	1.71E-03	1.35E-03	1.35E-03	1.35E-03
307.25	0.00E+00	1.51E-03	1.35E-03	1.51E-03
307.5	0.00E+00	1.52E-03	1.35E-03	1.52E-03
307.75	0.00E+00	1.52E-03	1.36E-03	1.52E-03
308	0.00E+00	1.52E-03	1.36E-03	1.52E-03
308.25	0.00E+00	1.53E-03	1.37E-03	1.53E-03
308.5	0.00E+00	1.53E-03	1.37E-03	1.53E-03
308.75	0.00E+00	1.53E-03	1.37E-03	1.53E-03
309	0.00E+00	1.53E-03	1.37E-03	1.53E-03
309.25	0.00E+00	1.51E-03	1.37E-03	1.51E-03
309.5	0.00E+00	1.51E-03	1.37E-03	1.51E-03
309.75	0.00E+00	1.51E-03	1.37E-03	1.51E-03
310	0.00E+00	1.50E-03	1.36E-03	1.50E-03
310.25	4.00E-03	1.36E-03	1.36E-03	1.36E-03
310.5	4.00E-03	1.35E-03	1.35E-03	1.35E-03
310.75	4.00E-03	1.34E-03	1.34E-03	1.34E-03
311	4.00E-03	1.33E-03	1.33E-03	1.33E-03
311.25	4.28E-04	1.32E-03	1.32E-03	1.32E-03
311.5	4.28E-04	1.32E-03	1.32E-03	1.32E-03
311.75	4.28E-04	1.31E-03	1.31E-03	1.31E-03
312	4.28E-04	1.31E-03	1.31E-03	1.31E-03
312.25	0.00E+00	1.47E-03	1.30E-03	1.47E-03
312.5	0.00E+00	1.47E-03	1.30E-03	1.47E-03
312.75	0.00E+00	1.46E-03	1.30E-03	1.46E-03
313	0.00E+00	1.46E-03	1.30E-03	1.46E-03
313.25	9.47E-04	1.30E-03	1.30E-03	1.30E-03
313.5	9.47E-04	1.30E-03	1.30E-03	1.30E-03
313.75	9.47E-04	1.30E-03	1.30E-03	1.30E-03
314	9.47E-04	1.29E-03	1.29E-03	1.29E-03
314.25	3.25E-03	1.29E-03	1.29E-03	1.29E-03
314.5	3.25E-03	1.28E-03	1.28E-03	1.28E-03
314.75	3.25E-03	1.28E-03	1.28E-03	1.28E-03
315	3.25E-03	1.27E-03	1.27E-03	1.27E-03
315.25	0.00E+00	1.41E-03	1.27E-03	1.41E-03
315.5	0.00E+00	1.40E-03	1.27E-03	1.40E-03
315.75	0.00E+00	1.40E-03	1.26E-03	1.40E-03
316	0.00E+00	1.40E-03	1.26E-03	1.40E-03
316.25	1.88E-03	1.26E-03	1.26E-03	1.26E-03
316.5	1.88E-03	1.26E-03	1.26E-03	1.26E-03
316.75	1.88E-03	1.26E-03	1.26E-03	1.26E-03
317	1.88E-03	1.26E-03	1.26E-03	1.26E-03
317.25	6.10E-04	1.26E-03	1.26E-03	1.26E-03
317.5	6.10E-04	1.26E-03	1.26E-03	1.26E-03
317.75	6.10E-04	1.26E-03	1.26E-03	1.26E-03
318	6.10E-04	1.26E-03	1.26E-03	1.26E-03
318.25	0.00E+00	1.26E-03	1.26E-03	1.26E-03
318.5	3.14E-09	1.26E-03	1.26E-03	1.26E-03
318.75	0.00E+00	1.26E-03	1.26E-03	1.26E-03
319	2.53E-09	1.26E-03	1.26E-03	1.26E-03
319.25	0.00E+00	1.42E-03	1.26E-03	1.42E-03
319.5	0.00E+00	1.42E-03	1.25E-03	1.42E-03
319.75	0.00E+00	1.41E-03	1.25E-03	1.41E-03
320	0.00E+00	1.41E-03	1.25E-03	1.41E-03
320.25	0.00E+00	1.33E-03	1.24E-03	1.33E-03
320.5	0.00E+00	1.33E-03	1.24E-03	1.33E-03
320.75	0.00E+00	1.32E-03	1.23E-03	1.32E-03
321	0.00E+00	1.31E-03	1.22E-03	1.31E-03
321.25	1.05E-02	1.21E-03	1.21E-03	1.21E-03
321.5	1.05E-02	1.21E-03	1.21E-03	1.21E-03
321.75	1.05E-02	1.20E-03	1.20E-03	1.20E-03
322	1.05E-02	1.19E-03	1.19E-03	1.19E-03
322.25	4.06E-02	1.18E-03	1.18E-03	1.18E-03
322.5	4.06E-02	1.18E-03	1.18E-03	1.18E-03
322.75	4.06E-02	1.19E-03	1.19E-03	1.19E-03
323	4.06E-02	1.26E-03	1.26E-03	1.26E-03
323.25	3.70E-03	1.43E-03	1.43E-03	1.43E-03
323.5	3.70E-03	1.80E-03	1.80E-03	1.80E-03
323.75	3.70E-03	2.53E-03	2.53E-03	2.53E-03
324	3.70E-03	3.18E-03	3.18E-03	3.18E-03
324.25	5.57E-04	3.93E-03	3.93E-03	3.93E-03
324.5	5.57E-04	4.41E-03	4.41E-03	4.41E-03
324.75	5.57E-04	4.68E-03	4.68E-03	4.68E-03
325	5.57E-04	4.83E-03	4.83E-03	4.83E-03
325.25	2.08E-03	4.89E-03	4.89E-03	4.89E-03
325.5	2.08E-03	4.90E-03	4.90E-03	4.90E-03
325.75	2.08E-03	4.86E-03	4.86E-03	4.86E-03
326	2.08E-03	4.81E-03	4.81E-03	4.81E-03
326.25	1.73E-03	4.75E-03	4.75E-03	4.75E-03
326.5	1.73E-03	4.68E-03	4.68E-03	4.68E-03
326.75	1.73E-03	4.61E-03	4.61E-03	4.61E-03
327	1.73E-03	4.53E-03	4.53E-03	4.53E-03
327.25	0.00E+00	4.53E-03	4.45E-03	4.53E-03
327.5	0.00E+00	4.44E-03	4.37E-03	4.44E-03
327.75	0.00E+00	4.36E-03	4.29E-03	4.36E-03
328	0.00E+00	4.27E-03	4.20E-03	4.27E-03
328.25	0.00E+00	4.10E-03	4.10E-03	4.10E-03
328.5	0.00E+00	4.00E-03	4.00E-03	4.00E-03
328.75	0.00E+00	3.89E-03	3.89E-03	3.89E-03
329	0.00E+00	3.79E-03	3.79E-03	3.79E-03
329.25	1.26E-08	3.68E-03	3.68E-03	3.68E-03
329.5	3.97E-09	3.57E-03	3.57E-03	3.57E-03
329.75	8.82E-09	3.46E-03	3.46E-03	3.46E-03
330	0.00E+00	3.35E-03	3.35E-03	3.35E-03
330.25	6.17E-03	3.25E-03	3.25E-03	3.25E-03
330.5	6.17E-03	3.14E-03	3.14E-03	3.14E-03
330.75	6.17E-03	3.05E-03	3.05E-03	3.05E-03
331	6.17E-03	3.00E-03	3.00E-03	3.00E-03
331.25	7.70E-05	2.97E-03	2.97E-03	2.97E-03
331.5	7.70E-05	2.95E-03	2.95E-03	2.95E-03
331.75	7.70E-05	2.94E-03	2.94E-03	2.94E-03
332	7.70E-05	2.93E-03	2.93E-03	2.93E-03
332.25	5.03E-03	2.92E-03	2.92E-03	2.92E-03
332.5	5.03E-03	2.90E-03	2.90E-03	2.90E-03
332.75	5.03E-03	2.89E-03	2.89E-03	2.89E-03
333	5.03E-03	2.87E-03	2.87E-03	2.87E-03
333.25	3.80E-05	2.86E-03	2.86E-03	2.86E-03
333.5	3.80E-05	2.86E-03	2.86E-03	2.86E-03
333.75	3.80E-05	2.86E-03	2.86E-03	2.86E-03
334	3.80E-05	2.86E-03	2.86E-03	2.86E-03
334.25	0.00E+00	2.86E-03	2.85E-03	2.86E-03
334.5	0.00E+00	2.85E-03	2.84E-03	2.85E-03
334.75	0.00E+00	2.84E-03	2.83E-03	2.84E-03
335	0.00E+00	2.81E-03	2.80E-03	2.81E-03
335.25	0.00E+00	2.84E-03	2.78E-03	2.84E-03
335.5	0.00E+00	2.81E-03	2.74E-03	2.81E-03
335.75	0.00E+00	2.78E-03	2.71E-03	2.78E-03
336	0.00E+00	2.74E-03	2.67E-03	2.74E-03
336.25	0.00E+00	2.63E-03	2.63E-03	2.63E-03
336.5	9.15E-09	2.59E-03	2.59E-03	2.59E-03
336.75	5.90E-09	2.55E-03	2.55E-03	2.55E-03
337	0.00E+00	2.51E-03	2.51E-03	2.51E-03
337.25	0.00E+00	2.47E-03	2.47E-03	2.47E-03
337.5	0.00E+00	2.43E-03	2.43E-03	2.43E-03
337.75	0.00E+00	2.38E-03	2.38E-03	2.38E-03
338	0.00E+00	2.34E-03	2.34E-03	2.34E-03
338.25	1.11E-04	2.30E-03	2.30E-03	2.30E-03
338.5	1.11E-04	2.25E-03	2.25E-03	2.25E-03
338.75	1.11E-04	2.21E-03	2.21E-03	2.21E-03
339	1.11E-04	2.17E-03	2.17E-03	2.17E-03
339.25	0.00E+00	2.15E-03	2.13E-03	2.15E-03
339.5	0.00E+00	2.11E-03	2.09E-03	2.11E-03
339.75	0.00E+00	2.07E-03	2.05E-03	2.07E-03
340	0.00E+00	2.03E-03	2.01E-03	2.03E-03
340.25	3.82E-09	1.97E-03	1.97E-03	1.97E-03
340.5	0.00E+00	1.93E-03	1.93E-03	1.93E-03
340.75	1.83E-09	1.89E-03	1.89E-03	1.89E-03
341	0.00E+00	1.85E-03	1.85E-03	1.85E-03
341.25	0.00E+00	1.88E-03	1.81E-03	1.88E-03
341.5	0.00E+00	1.84E-03	1.77E-03	1.84E-03
341.75	0.00E+00	1.82E-03	1.75E-03	1.82E-03
342	0.00E+00	1.80E-03	1.73E-03	1.80E-03
342.25	0.00E+00	1.76E-03	1.71E-03	1.76E-03
342.5	0.00E+00	1.74E-03	1.69E-03	1.74E-03
342.75	0.00E+00	1.72E-03	1.67E-03	1.72E-03
343	0.00E+00	1.70E-03	1.65E-03	1.70E-03
343.25	0.00E+00	1.63E-03	1.63E-03	1.63E-03
343.5	2.45E-10	1.61E-03	1.61E-03	1.61E-03
343.75	0.00E+00	1.60E-03	1.60E-03	1.60E-03
344	1.30E-10	1.58E-03	1.58E-03	1.58E-03
344.25	0.00E+00	1.64E-03	1.56E-03	1.64E-03
344.5	0.00E+00	1.62E-03	1.54E-03	1.62E-03
344.75	0.00E+00	1.60E-03	1.52E-03	1.60E-03
345	0.00E+00	1.58E-03	1.51E-03	1.58E-03
345.25	0.00E+00	1.57E-03	1.49E-03	1.57E-03
345.5	0.00E+00	1.55E-03	1.47E-03	1.55E-03
345.75	0.00E+00	1.53E-03	1.46E-03	1.53E-03
346	0.00E+00	1.52E-03	1.44E-03	1.52E-03
346.25	0.00E+00	1.54E-03	1.42E-03	1.54E-03
346.5	0.00E+00	1.52E-03	1.40E-03	1.52E-03
346.75	0.00E+00	1.51E-03	1.39E-03	1.51E-03
347	0.00E+00	1.49E-03	1.37E-03	1.49E-03
347.25	0.00E+00	1.45E-03	1.36E-03	1.45E-03
347.5	0.00E+00	1.43E-03	1.34E-03	1.43E-03
347.75	0.00E+00	1.42E-03	1.32E-03	1.42E-03
348	0.00E+00	1.40E-03	1.31E-03	1.40E-03
348.25	0.00E+00	1.38E-03	1.29E-03	1.38E-03
348.5	0.00E+00	1.36E-03	1.28E-03	1.36E-03
348.75	0.00E+00	1.35E-03	1.26E-03	1.35E-03
349	0.00E+00	1.33E-03	1.24E-03	1.33E-03
349.25	0.00E+00	1.36E-03	1.23E-03	1.36E-03
349.5	0.00E+00	1.35E-03	1.21E-03	1.35E-03
349.75	0.00E+00	1.33E-03	1.20E-03	1.33E-03
350	0.00E+00	1.32E-03	1.18E-03	1.32E-03
350.25	1.60E-03	1.17E-03	1.17E-03	1.17E-03
350.5	1.60E-03	1.15E-03	1.15E-03	1.15E-03
350.75	1.60E-03	1.14E-03	1.14E-03	1.14E-03
351	1.60E-03	1.12E-03	1.12E-03	1.12E-03
351.25	2.23E-02	1.11E-03	1.11E-03	1.11E-03
351.5	2.23E-02	1.10E-03	1.10E-03	1.10E-03
351.75	2.23E-02	1.08E-03	1.08E-03	1.08E-03
352	2.23E-02	1.07E-03	1.07E-03	1.07E-03
352.25	3.98E-04	1.07E-03	1.07E-03	1.07E-03
352.5	3.98E-04	1.09E-03	1.09E-03	1.09E-03
352.75	3.98E-04	1.14E-03	1.14E-03	1.14E-03
353	3.98E-04	1.21E-03	1.21E-03	1.21E-03
353.25	1.12E-09	1.29E-03	1.29E-03	1.29E-03
353.5	0.00E+00	1.38E-03	1.38E-03	1.38E-03
353.75	0.00E+00	1.46E-03	1.46E-03	1.46E-03
354	0.00E+00	1.53E-03	1.53E-03	1.53E-03
354.25	7.83E-09	1.59E-03	1.59E-03	1.59E-03
354.5	1.23E-08	1.64E-03	1.64E-03	1.64E-03
354.75	7.28E-09	1.67E-03	1.67E-03	1.67E-03
355	0.00E+00	1.70E-03	1.70E-03	1.70E-03
355.25	8.57E-09	1.72E-03	1.72E-03	1.72E-03
355.5	0.00E+00	1.74E-03	1.74E-03	1.74E-03
355.75	0.00E+00	1.75E-03	1.75E-03	1.75E-03
356	6.38E-09	1.75E-03	1.75E-03	1.75E-03
356.25	7.32E-03	1.76E-03	1.76E-03	1.76E-03
356.5	7.32E-03	1.75E-03	1.75E-03	1.75E-03
356.75	7.32E-03	1.75E-03	1.75E-03	1.75E-03
357	7.32E-03	1.75E-03	1.75E-03	1.75E-03
357.25	0.00E+00	1.92E-03	1.75E-03	1.92E-03
357.5	0.00E+00	1.92E-03	1.75E-03	1.92E-03
357.75	0.00E+00	1.93E-03	1.76E-03	1.93E-03
358	0.00E+00	1.94E-03	1.77E-03	1.94E-03
358.25	1.57E-02	1.79E-03	1.79E-03	1.79E-03
358.5	1.57E-02	1.81E-03	1.81E-03	1.81E-03
358.75	1.57E-02	1.84E-03	1.84E-03	1.84E-03
359	1.57E-02	1.87E-03	1.87E-03	1.87E-03
359.25	0.00E+00	1.97E-03	1.93E-03	1.97E-03
359.5	0.00E+00	2.06E-03	2.03E-03	2.06E-03
359.75	0.00E+00	2.19E-03	2.15E-03	2.19E-03
360	0.00E+00	2.31E-03	2.28E-03	2.31E-03
360.25	0.00E+00	2.39E-03	2.39E-03	2.39E-03
360.5	6.77E-09	2.49E-03	2.49E-03	2.49E-03
360.75	2.02E-09	2.55E-03	2.55E-03	2.55E-03
361	0.00E+00	2.60E-03	2.60E-03	2.60E-03
361.25	2.31E-03	2.63E-03	2.63E-03	2.63E-03
361.5	2.31E-03	2.64E-03	2.64E-03	2.64E-03
361.75	2.31E-03	2.64E-03	2.64E-03	2.64E-03
362	2.31E-03	2.64E-03	2.64E-03	2.64E-03
362.25	7.15E-03	2.63E-03	2.63E-03	2.63E-03
362.5	7.15E-03	2.62E-03	2.62E-03	2.62E-03
362.75	7.15E-03	2.62E-03	2.62E-03	2.62E-03
363	7.15E-03	2.62E-03	2.62E-03	2.62E-03
363.25	3.04E-04	2.63E-03	2.63E-03	2.63E-03
363.5	3.04E-04	2.65E-03	2.65E-03	2.65E-03
363.75	3.04E-04	2.68E-03	2.68E-03	2.68E-03
364	3.04E-04	2.70E-03	2.70E-03	2.70E-03
364.25	2.02E-04	2.73E-03	2.73E-03	2.73E-03
364.5	2.02E-04	2.74E-03	2.74E-03	2.74E-03
364.75	2.02E-04	2.74E-03	2.74E-03	2.74E-03
365	2.02E-04	2.74E-03	2.74E-03	2.74E-03
