title = "dataset c2a"
variables = "time", "actual soulte flux top [mol/d]", "actual solute flux bottom [mol/d]", "cumulative solute flux top", "cumulative solute flux bottom"
zone t = "mass balance for component co3-2 - reactive transport", f=point
0.25	3.29E+00	0.00E+00	8.24E-01	0.00E+00
0.5	3.29E+00	0.00E+00	1.65E+00	0.00E+00
0.75	3.29E+00	0.00E+00	2.47E+00	0.00E+00
1	3.29E+00	0.00E+00	3.29E+00	0.00E+00
1.25	9.30E-06	0.00E+00	3.30E+00	0.00E+00
1.5	2.88E-06	0.00E+00	3.30E+00	0.00E+00
1.75	1.49E-06	0.00E+00	3.30E+00	0.00E+00
2	1.16E-05	0.00E+00	3.30E+00	0.00E+00
2.25	1.28E-01	0.00E+00	3.33E+00	0.00E+00
2.5	1.28E-01	0.00E+00	3.36E+00	0.00E+00
2.75	1.28E-01	0.00E+00	3.39E+00	0.00E+00
3	1.28E-01	0.00E+00	3.42E+00	0.00E+00
3.25	1.50E+00	0.00E+00	3.80E+00	0.00E+00
3.5	1.50E+00	0.00E+00	4.17E+00	0.00E+00
3.75	1.50E+00	7.77E-29	4.55E+00	4.31E-30
4	1.50E+00	1.12E-27	4.92E+00	1.10E-28
4.25	3.24E+00	1.03E-26	5.73E+00	1.20E-27
4.5	3.24E+00	7.93E-26	6.54E+00	1.00E-26
4.75	3.24E+00	5.01E-25	7.35E+00	6.90E-26
5	3.24E+00	2.75E-24	8.17E+00	4.08E-25
5.25	2.30E+00	1.32E-23	8.74E+00	2.13E-24
5.5	2.30E+00	5.92E-23	9.32E+00	1.00E-23
5.75	2.30E+00	2.43E-22	9.89E+00	4.32E-23
6	2.30E+00	9.31E-22	1.05E+01	1.74E-22
6.25	0.00E+00	3.34E-21	1.05E+01	6.56E-22
6.5	0.00E+00	1.16E-20	1.05E+01	2.35E-21
6.75	0.00E+00	3.82E-20	1.05E+01	8.03E-21
7	0.00E+00	1.20E-19	1.05E+01	2.62E-20
7.25	3.51E+00	3.55E-19	1.13E+01	8.15E-20
7.5	3.51E+00	1.02E-18	1.22E+01	2.42E-19
7.75	3.51E+00	2.76E-18	1.31E+01	6.85E-19
8	3.51E+00	7.11E-18	1.40E+01	1.85E-18
8.25	5.19E+00	1.74E-17	1.53E+01	4.77E-18
8.5	5.19E+00	4.16E-17	1.66E+01	1.18E-17
8.75	5.19E+00	9.59E-17	1.79E+01	2.83E-17
9	5.19E+00	2.16E-16	1.92E+01	6.55E-17
9.25	1.56E+00	4.73E-16	1.96E+01	1.48E-16
9.5	1.56E+00	1.04E-15	1.99E+01	3.30E-16
9.75	1.56E+00	2.26E-15	2.03E+01	7.27E-16
10	1.56E+00	4.88E-15	2.07E+01	1.58E-15
10.25	9.80E+00	1.04E-14	2.32E+01	3.43E-15
10.5	9.80E+00	2.21E-14	2.56E+01	7.35E-15
10.75	9.80E+00	4.60E-14	2.81E+01	1.56E-14
11	9.80E+00	9.50E-14	3.05E+01	3.26E-14
11.25	2.40E+01	1.95E-13	3.65E+01	6.77E-14
11.5	2.40E+01	4.15E-13	4.25E+01	1.41E-13
11.75	2.40E+01	9.12E-13	4.85E+01	2.99E-13
12	2.40E+01	2.23E-12	5.45E+01	6.66E-13
12.25	0.00E+00	6.77E-12	5.45E+01	1.67E-12
12.5	0.00E+00	3.28E-11	5.45E+01	5.75E-12
12.75	0.00E+00	2.19E-10	5.45E+01	3.04E-11
13	0.00E+00	1.49E-09	5.45E+01	2.02E-10
13.25	8.59E+00	8.09E-09	5.66E+01	1.22E-09
13.5	8.59E+00	3.39E-08	5.88E+01	5.93E-09
13.75	8.59E+00	1.09E-07	6.09E+01	2.25E-08
14	8.59E+00	2.92E-07	6.30E+01	6.99E-08
14.25	5.47E+00	6.90E-07	6.44E+01	1.88E-07
14.5	5.47E+00	1.52E-06	6.58E+01	4.56E-07
14.75	5.47E+00	3.09E-06	6.72E+01	1.02E-06
15	5.47E+00	5.86E-06	6.85E+01	2.11E-06
15.25	1.43E+00	1.04E-05	6.89E+01	4.12E-06
15.5	1.43E+00	1.76E-05	6.92E+01	7.58E-06
15.75	1.43E+00	2.81E-05	6.96E+01	1.32E-05
16	1.43E+00	4.23E-05	7.00E+01	2.20E-05
16.25	3.56E-01	6.04E-05	7.00E+01	3.48E-05
16.5	3.56E-01	8.29E-05	7.01E+01	5.27E-05
16.75	3.56E-01	1.09E-04	7.02E+01	7.67E-05
17	3.56E-01	1.38E-04	7.03E+01	1.08E-04
17.25	9.04E-01	1.73E-04	7.05E+01	1.47E-04
17.5	9.04E-01	2.13E-04	7.08E+01	1.95E-04
17.75	9.04E-01	2.57E-04	7.10E+01	2.54E-04
18	9.04E-01	3.05E-04	7.12E+01	3.24E-04
18.25	1.80E+01	3.56E-04	7.57E+01	4.07E-04
18.5	1.80E+01	4.12E-04	8.02E+01	5.03E-04
18.75	1.80E+01	4.74E-04	8.47E+01	6.13E-04
19	1.80E+01	5.56E-04	8.92E+01	7.42E-04
19.25	0.00E+00	6.73E-04	8.92E+01	8.95E-04
19.5	0.00E+00	8.46E-04	8.92E+01	1.08E-03
19.75	0.00E+00	1.07E-03	8.92E+01	1.32E-03
20	0.00E+00	1.32E-03	8.92E+01	1.62E-03
20.25	4.04E-06	1.61E-03	8.92E+01	1.99E-03
20.5	5.26E-07	1.91E-03	8.92E+01	2.43E-03
20.75	1.10E-05	2.20E-03	8.92E+01	2.94E-03
21	0.00E+00	2.52E-03	8.92E+01	3.53E-03
21.25	3.47E+00	2.84E-03	9.01E+01	4.20E-03
21.5	3.47E+00	3.17E-03	9.10E+01	4.96E-03
21.75	3.47E+00	3.50E-03	9.18E+01	5.79E-03
22	3.47E+00	3.84E-03	9.27E+01	6.71E-03
22.25	0.00E+00	4.20E-03	9.27E+01	7.72E-03
22.5	0.00E+00	4.58E-03	9.27E+01	8.81E-03
22.75	0.00E+00	4.98E-03	9.27E+01	1.00E-02
23	0.00E+00	5.38E-03	9.27E+01	1.13E-02
23.25	2.32E+00	5.77E-03	9.33E+01	1.27E-02
23.5	2.32E+00	6.15E-03	9.38E+01	1.42E-02
23.75	2.32E+00	6.52E-03	9.44E+01	1.58E-02
24	2.32E+00	6.89E-03	9.50E+01	1.75E-02
24.25	1.22E-05	7.24E-03	9.50E+01	1.92E-02
24.5	0.00E+00	7.61E-03	9.50E+01	2.11E-02
24.75	3.00E-06	7.98E-03	9.50E+01	2.30E-02
25	0.00E+00	8.34E-03	9.50E+01	2.51E-02
25.25	0.00E+00	8.67E-03	9.50E+01	2.72E-02
25.5	0.00E+00	8.99E-03	9.50E+01	2.94E-02
25.75	0.00E+00	9.28E-03	9.50E+01	3.17E-02
26	0.00E+00	9.54E-03	9.50E+01	3.40E-02
26.25	1.61E+00	9.75E-03	9.54E+01	3.65E-02
26.5	1.61E+00	1.01E-02	9.58E+01	3.89E-02
26.75	1.61E+00	1.04E-02	9.62E+01	4.15E-02
27	1.61E+00	1.07E-02	9.66E+01	4.41E-02
27.25	2.20E+00	1.10E-02	9.72E+01	4.69E-02
27.5	2.20E+00	1.14E-02	9.77E+01	4.97E-02
27.75	2.20E+00	1.17E-02	9.83E+01	5.25E-02
28	2.20E+00	1.20E-02	9.88E+01	5.55E-02
28.25	0.00E+00	1.23E-02	9.88E+01	5.85E-02
28.5	0.00E+00	1.27E-02	9.88E+01	6.17E-02
28.75	0.00E+00	1.31E-02	9.88E+01	6.49E-02
29	0.00E+00	1.35E-02	9.88E+01	6.82E-02
29.25	0.00E+00	1.38E-02	9.88E+01	7.16E-02
29.5	0.00E+00	1.42E-02	9.88E+01	7.51E-02
29.75	0.00E+00	1.45E-02	9.88E+01	7.87E-02
30	0.00E+00	1.48E-02	9.88E+01	8.24E-02
30.25	3.19E+00	1.51E-02	9.96E+01	8.61E-02
30.5	3.19E+00	1.54E-02	1.00E+02	9.00E-02
30.75	3.19E+00	1.57E-02	1.01E+02	9.38E-02
31	3.19E+00	1.59E-02	1.02E+02	9.78E-02
31.25	5.41E+00	1.61E-02	1.03E+02	1.02E-01
31.5	5.41E+00	1.64E-02	1.05E+02	1.06E-01
31.75	5.41E+00	1.67E-02	1.06E+02	1.10E-01
32	5.41E+00	1.70E-02	1.07E+02	1.14E-01
32.25	1.50E+01	1.74E-02	1.11E+02	1.19E-01
32.5	1.50E+01	1.78E-02	1.15E+02	1.23E-01
32.75	1.50E+01	1.84E-02	1.19E+02	1.27E-01
33	1.50E+01	1.92E-02	1.22E+02	1.32E-01
33.25	0.00E+00	2.03E-02	1.22E+02	1.37E-01
33.5	0.00E+00	2.20E-02	1.22E+02	1.42E-01
33.75	0.00E+00	2.42E-02	1.22E+02	1.48E-01
34	0.00E+00	2.65E-02	1.22E+02	1.54E-01
34.25	0.00E+00	2.87E-02	1.22E+02	1.61E-01
34.5	0.00E+00	3.08E-02	1.22E+02	1.69E-01
34.75	0.00E+00	3.27E-02	1.22E+02	1.77E-01
35	0.00E+00	3.43E-02	1.22E+02	1.85E-01
35.25	0.00E+00	3.57E-02	1.22E+02	1.94E-01
35.5	0.00E+00	3.69E-02	1.22E+02	2.03E-01
35.75	0.00E+00	3.80E-02	1.22E+02	2.12E-01
36	0.00E+00	3.90E-02	1.22E+02	2.22E-01
36.25	8.41E-01	3.98E-02	1.23E+02	2.32E-01
36.5	8.41E-01	4.06E-02	1.23E+02	2.42E-01
36.75	8.41E-01	4.12E-02	1.23E+02	2.52E-01
37	8.41E-01	4.18E-02	1.23E+02	2.63E-01
37.25	6.95E+00	4.23E-02	1.25E+02	2.73E-01
37.5	6.95E+00	4.28E-02	1.27E+02	2.84E-01
37.75	6.95E+00	4.33E-02	1.29E+02	2.94E-01
38	6.95E+00	4.38E-02	1.30E+02	3.05E-01
38.25	4.82E+00	4.44E-02	1.31E+02	3.16E-01
38.5	4.82E+00	4.53E-02	1.33E+02	3.28E-01
38.75	4.82E+00	4.64E-02	1.34E+02	3.39E-01
39	4.82E+00	4.78E-02	1.35E+02	3.51E-01
39.25	4.42E-01	4.94E-02	1.35E+02	3.63E-01
39.5	4.42E-01	5.13E-02	1.35E+02	3.76E-01
39.75	4.42E-01	5.33E-02	1.35E+02	3.89E-01
40	4.42E-01	5.52E-02	1.36E+02	4.02E-01
40.25	6.57E+00	5.71E-02	1.37E+02	4.16E-01
40.5	6.57E+00	5.89E-02	1.39E+02	4.31E-01
40.75	6.57E+00	6.05E-02	1.40E+02	4.46E-01
41	6.57E+00	6.22E-02	1.42E+02	4.61E-01
41.25	0.00E+00	6.40E-02	1.42E+02	4.77E-01
41.5	0.00E+00	6.61E-02	1.42E+02	4.93E-01
41.75	0.00E+00	6.84E-02	1.42E+02	5.10E-01
42	0.00E+00	7.08E-02	1.42E+02	5.27E-01
42.25	0.00E+00	7.30E-02	1.42E+02	5.45E-01
42.5	0.00E+00	7.52E-02	1.42E+02	5.64E-01
42.75	0.00E+00	7.70E-02	1.42E+02	5.83E-01
43	0.00E+00	7.86E-02	1.42E+02	6.02E-01
43.25	0.00E+00	8.00E-02	1.42E+02	6.22E-01
43.5	0.00E+00	8.13E-02	1.42E+02	6.42E-01
43.75	0.00E+00	8.23E-02	1.42E+02	6.63E-01
44	0.00E+00	8.31E-02	1.42E+02	6.83E-01
44.25	0.00E+00	8.38E-02	1.42E+02	7.04E-01
44.5	0.00E+00	8.44E-02	1.42E+02	7.25E-01
44.75	0.00E+00	8.48E-02	1.42E+02	7.46E-01
45	0.00E+00	8.51E-02	1.42E+02	7.68E-01
45.25	0.00E+00	8.53E-02	1.42E+02	7.89E-01
45.5	0.00E+00	8.54E-02	1.42E+02	8.10E-01
45.75	0.00E+00	8.54E-02	1.42E+02	8.32E-01
46	0.00E+00	8.53E-02	1.42E+02	8.53E-01
46.25	0.00E+00	8.51E-02	1.42E+02	8.74E-01
46.5	0.00E+00	8.49E-02	1.42E+02	8.96E-01
46.75	0.00E+00	8.45E-02	1.42E+02	9.17E-01
47	0.00E+00	8.41E-02	1.42E+02	9.38E-01
47.25	0.00E+00	8.37E-02	1.42E+02	9.59E-01
47.5	0.00E+00	8.32E-02	1.42E+02	9.80E-01
47.75	0.00E+00	8.26E-02	1.42E+02	1.00E+00
48	0.00E+00	8.20E-02	1.42E+02	1.02E+00
48.25	0.00E+00	8.13E-02	1.42E+02	1.04E+00
48.5	0.00E+00	8.05E-02	1.42E+02	1.06E+00
48.75	0.00E+00	7.97E-02	1.42E+02	1.08E+00
49	0.00E+00	7.93E-02	1.42E+02	1.10E+00
49.25	0.00E+00	7.93E-02	1.42E+02	1.12E+00
49.5	0.00E+00	7.92E-02	1.42E+02	1.14E+00
49.75	0.00E+00	7.92E-02	1.42E+02	1.16E+00
50	0.00E+00	7.92E-02	1.42E+02	1.18E+00
50.25	0.00E+00	7.91E-02	1.42E+02	1.20E+00
50.5	0.00E+00	7.90E-02	1.42E+02	1.22E+00
50.75	0.00E+00	7.89E-02	1.42E+02	1.24E+00
51	0.00E+00	7.88E-02	1.42E+02	1.26E+00
51.25	0.00E+00	7.86E-02	1.42E+02	1.28E+00
51.5	0.00E+00	7.85E-02	1.42E+02	1.30E+00
51.75	0.00E+00	7.83E-02	1.42E+02	1.32E+00
52	0.00E+00	7.80E-02	1.42E+02	1.34E+00
52.25	0.00E+00	7.78E-02	1.42E+02	1.36E+00
52.5	0.00E+00	7.75E-02	1.42E+02	1.38E+00
52.75	0.00E+00	7.72E-02	1.42E+02	1.40E+00
53	0.00E+00	7.69E-02	1.42E+02	1.42E+00
53.25	0.00E+00	7.66E-02	1.42E+02	1.43E+00
53.5	0.00E+00	7.62E-02	1.42E+02	1.45E+00
53.75	0.00E+00	7.59E-02	1.42E+02	1.47E+00
54	0.00E+00	7.55E-02	1.42E+02	1.49E+00
54.25	3.30E+00	7.51E-02	1.43E+02	1.51E+00
54.5	3.30E+00	7.46E-02	1.44E+02	1.53E+00
54.75	3.30E+00	7.42E-02	1.45E+02	1.55E+00
55	3.30E+00	7.37E-02	1.45E+02	1.57E+00
55.25	5.42E-01	7.33E-02	1.46E+02	1.58E+00
55.5	5.42E-01	7.29E-02	1.46E+02	1.60E+00
55.75	5.42E-01	7.25E-02	1.46E+02	1.62E+00
56	5.42E-01	7.23E-02	1.46E+02	1.64E+00
56.25	3.63E+00	7.21E-02	1.47E+02	1.66E+00
56.5	3.63E+00	7.21E-02	1.48E+02	1.68E+00
56.75	3.63E+00	7.21E-02	1.49E+02	1.69E+00
57	3.63E+00	7.21E-02	1.50E+02	1.71E+00
57.25	7.70E+00	7.22E-02	1.51E+02	1.73E+00
57.5	7.70E+00	7.24E-02	1.53E+02	1.75E+00
57.75	7.70E+00	7.27E-02	1.55E+02	1.77E+00
58	7.70E+00	7.31E-02	1.57E+02	1.78E+00
58.25	0.00E+00	7.37E-02	1.57E+02	1.80E+00
58.5	0.00E+00	7.47E-02	1.57E+02	1.82E+00
58.75	0.00E+00	7.61E-02	1.57E+02	1.84E+00
59	0.00E+00	7.80E-02	1.57E+02	1.86E+00
59.25	0.00E+00	8.02E-02	1.57E+02	1.88E+00
59.5	0.00E+00	8.25E-02	1.57E+02	1.90E+00
59.75	0.00E+00	8.49E-02	1.57E+02	1.92E+00
60	0.00E+00	8.71E-02	1.57E+02	1.94E+00
60.25	0.00E+00	8.92E-02	1.57E+02	1.96E+00
60.5	0.00E+00	9.10E-02	1.57E+02	1.99E+00
60.75	0.00E+00	9.26E-02	1.57E+02	2.01E+00
61	0.00E+00	9.40E-02	1.57E+02	2.03E+00
61.25	0.00E+00	9.52E-02	1.57E+02	2.06E+00
61.5	0.00E+00	9.62E-02	1.57E+02	2.08E+00
61.75	0.00E+00	9.70E-02	1.57E+02	2.10E+00
62	0.00E+00	9.77E-02	1.57E+02	2.13E+00
62.25	0.00E+00	9.82E-02	1.57E+02	2.15E+00
62.5	0.00E+00	9.87E-02	1.57E+02	2.18E+00
62.75	0.00E+00	9.89E-02	1.57E+02	2.20E+00
63	0.00E+00	9.91E-02	1.57E+02	2.23E+00
63.25	0.00E+00	9.92E-02	1.57E+02	2.25E+00
63.5	0.00E+00	9.92E-02	1.57E+02	2.28E+00
63.75	0.00E+00	9.91E-02	1.57E+02	2.30E+00
64	0.00E+00	9.89E-02	1.57E+02	2.33E+00
64.25	0.00E+00	9.87E-02	1.57E+02	2.35E+00
64.5	0.00E+00	9.84E-02	1.57E+02	2.38E+00
64.75	0.00E+00	9.80E-02	1.57E+02	2.40E+00
65	0.00E+00	9.76E-02	1.57E+02	2.42E+00
65.25	5.15E+00	9.71E-02	1.59E+02	2.45E+00
65.5	5.15E+00	9.65E-02	1.60E+02	2.47E+00
65.75	5.15E+00	9.59E-02	1.61E+02	2.50E+00
66	5.15E+00	9.53E-02	1.62E+02	2.52E+00
66.25	2.15E+00	9.47E-02	1.63E+02	2.54E+00
66.5	2.15E+00	9.42E-02	1.63E+02	2.57E+00
66.75	2.15E+00	9.38E-02	1.64E+02	2.59E+00
67	2.15E+00	9.37E-02	1.65E+02	2.62E+00
67.25	0.00E+00	9.37E-02	1.65E+02	2.64E+00
67.5	0.00E+00	9.41E-02	1.65E+02	2.66E+00
67.75	0.00E+00	9.46E-02	1.65E+02	2.69E+00
68	0.00E+00	9.53E-02	1.65E+02	2.71E+00
68.25	2.54E+00	9.62E-02	1.65E+02	2.73E+00
68.5	2.54E+00	9.72E-02	1.66E+02	2.76E+00
68.75	2.54E+00	9.81E-02	1.66E+02	2.78E+00
69	2.54E+00	9.90E-02	1.67E+02	2.81E+00
69.25	6.89E-01	9.98E-02	1.67E+02	2.83E+00
69.5	6.89E-01	1.01E-01	1.67E+02	2.86E+00
69.75	6.89E-01	1.01E-01	1.68E+02	2.88E+00
70	6.89E-01	1.02E-01	1.68E+02	2.91E+00
70.25	0.00E+00	1.03E-01	1.68E+02	2.93E+00
70.5	0.00E+00	1.04E-01	1.68E+02	2.96E+00
70.75	0.00E+00	1.04E-01	1.68E+02	2.98E+00
71	0.00E+00	1.05E-01	1.68E+02	3.01E+00
71.25	4.57E+00	1.06E-01	1.69E+02	3.04E+00
71.5	4.57E+00	1.06E-01	1.70E+02	3.06E+00
71.75	4.57E+00	1.07E-01	1.71E+02	3.09E+00
72	4.57E+00	1.08E-01	1.72E+02	3.12E+00
72.25	1.59E+00	1.08E-01	1.73E+02	3.14E+00
72.5	1.59E+00	1.08E-01	1.73E+02	3.17E+00
72.75	1.59E+00	1.09E-01	1.74E+02	3.20E+00
73	1.59E+00	1.10E-01	1.74E+02	3.23E+00
73.25	0.00E+00	1.10E-01	1.74E+02	3.25E+00
73.5	0.00E+00	1.11E-01	1.74E+02	3.28E+00
73.75	0.00E+00	1.12E-01	1.74E+02	3.31E+00
74	0.00E+00	1.14E-01	1.74E+02	3.34E+00
74.25	0.00E+00	1.15E-01	1.74E+02	3.37E+00
74.5	0.00E+00	1.16E-01	1.74E+02	3.39E+00
74.75	0.00E+00	1.17E-01	1.74E+02	3.42E+00
75	0.00E+00	1.18E-01	1.74E+02	3.45E+00
75.25	0.00E+00	1.19E-01	1.74E+02	3.48E+00
75.5	0.00E+00	1.19E-01	1.74E+02	3.51E+00
75.75	0.00E+00	1.19E-01	1.74E+02	3.54E+00
76	0.00E+00	1.20E-01	1.74E+02	3.57E+00
76.25	0.00E+00	1.20E-01	1.74E+02	3.60E+00
76.5	0.00E+00	1.19E-01	1.74E+02	3.63E+00
76.75	0.00E+00	1.19E-01	1.74E+02	3.66E+00
77	0.00E+00	1.18E-01	1.74E+02	3.69E+00
77.25	0.00E+00	1.18E-01	1.74E+02	3.72E+00
77.5	0.00E+00	1.17E-01	1.74E+02	3.75E+00
77.75	0.00E+00	1.16E-01	1.74E+02	3.78E+00
78	0.00E+00	1.15E-01	1.74E+02	3.81E+00
78.25	2.00E+00	1.14E-01	1.74E+02	3.84E+00
78.5	2.00E+00	1.13E-01	1.75E+02	3.87E+00
78.75	2.00E+00	1.12E-01	1.75E+02	3.89E+00
79	2.00E+00	1.11E-01	1.76E+02	3.92E+00
79.25	7.88E-01	1.10E-01	1.76E+02	3.95E+00
79.5	7.88E-01	1.10E-01	1.76E+02	3.98E+00
79.75	7.88E-01	1.09E-01	1.77E+02	4.00E+00
80	7.88E-01	1.09E-01	1.77E+02	4.03E+00
80.25	6.26E+00	1.08E-01	1.78E+02	4.06E+00
80.5	6.26E+00	1.08E-01	1.80E+02	4.08E+00
80.75	6.26E+00	1.08E-01	1.81E+02	4.11E+00
81	6.26E+00	1.07E-01	1.83E+02	4.14E+00
81.25	9.97E-01	1.07E-01	1.83E+02	4.17E+00
81.5	9.97E-01	1.07E-01	1.83E+02	4.19E+00
81.75	9.97E-01	1.07E-01	1.84E+02	4.22E+00
82	9.97E-01	1.07E-01	1.84E+02	4.25E+00
82.25	0.00E+00	1.07E-01	1.84E+02	4.27E+00
82.5	0.00E+00	1.08E-01	1.84E+02	4.30E+00
82.75	0.00E+00	1.09E-01	1.84E+02	4.33E+00
83	0.00E+00	1.09E-01	1.84E+02	4.35E+00
83.25	1.26E-06	1.10E-01	1.84E+02	4.38E+00
83.5	7.67E-06	1.11E-01	1.84E+02	4.41E+00
83.75	2.43E-06	1.12E-01	1.84E+02	4.44E+00
84	3.00E-06	1.12E-01	1.84E+02	4.46E+00
84.25	0.00E+00	1.13E-01	1.84E+02	4.49E+00
84.5	0.00E+00	1.13E-01	1.84E+02	4.52E+00
84.75	0.00E+00	1.14E-01	1.84E+02	4.55E+00
85	0.00E+00	1.14E-01	1.84E+02	4.58E+00
85.25	0.00E+00	1.14E-01	1.84E+02	4.61E+00
85.5	0.00E+00	1.15E-01	1.84E+02	4.63E+00
85.75	0.00E+00	1.15E-01	1.84E+02	4.66E+00
86	0.00E+00	1.15E-01	1.84E+02	4.69E+00
86.25	0.00E+00	1.15E-01	1.84E+02	4.72E+00
86.5	0.00E+00	1.15E-01	1.84E+02	4.75E+00
86.75	0.00E+00	1.15E-01	1.84E+02	4.78E+00
87	0.00E+00	1.15E-01	1.84E+02	4.81E+00
87.25	0.00E+00	1.15E-01	1.84E+02	4.84E+00
87.5	0.00E+00	1.14E-01	1.84E+02	4.86E+00
87.75	0.00E+00	1.14E-01	1.84E+02	4.89E+00
88	0.00E+00	1.14E-01	1.84E+02	4.92E+00
88.25	0.00E+00	1.13E-01	1.84E+02	4.95E+00
88.5	0.00E+00	1.13E-01	1.84E+02	4.98E+00
88.75	0.00E+00	1.12E-01	1.84E+02	5.01E+00
89	0.00E+00	1.12E-01	1.84E+02	5.03E+00
89.25	0.00E+00	1.11E-01	1.84E+02	5.06E+00
89.5	0.00E+00	1.11E-01	1.84E+02	5.09E+00
89.75	0.00E+00	1.10E-01	1.84E+02	5.12E+00
90	0.00E+00	1.10E-01	1.84E+02	5.15E+00
90.25	0.00E+00	1.09E-01	1.84E+02	5.17E+00
90.5	0.00E+00	1.08E-01	1.84E+02	5.20E+00
90.75	0.00E+00	1.08E-01	1.84E+02	5.23E+00
91	0.00E+00	1.07E-01	1.84E+02	5.25E+00
91.25	0.00E+00	1.06E-01	1.84E+02	5.28E+00
91.5	0.00E+00	1.05E-01	1.84E+02	5.31E+00
91.75	0.00E+00	1.04E-01	1.84E+02	5.33E+00
92	0.00E+00	1.04E-01	1.84E+02	5.36E+00
92.25	0.00E+00	1.03E-01	1.84E+02	5.38E+00
92.5	0.00E+00	1.02E-01	1.84E+02	5.41E+00
92.75	0.00E+00	1.01E-01	1.84E+02	5.44E+00
93	0.00E+00	9.98E-02	1.84E+02	5.46E+00
93.25	1.30E+00	9.87E-02	1.84E+02	5.49E+00
93.5	1.30E+00	9.77E-02	1.85E+02	5.51E+00
93.75	1.30E+00	9.66E-02	1.85E+02	5.53E+00
94	1.30E+00	9.55E-02	1.85E+02	5.56E+00
94.25	0.00E+00	9.43E-02	1.85E+02	5.58E+00
94.5	0.00E+00	9.32E-02	1.85E+02	5.61E+00
94.75	0.00E+00	9.20E-02	1.85E+02	5.63E+00
95	0.00E+00	9.08E-02	1.85E+02	5.65E+00
95.25	1.31E+01	8.97E-02	1.89E+02	5.67E+00
95.5	1.31E+01	8.85E-02	1.92E+02	5.70E+00
95.75	1.31E+01	8.73E-02	1.95E+02	5.72E+00
96	1.31E+01	8.62E-02	1.98E+02	5.74E+00
96.25	0.00E+00	8.50E-02	1.98E+02	5.76E+00
96.5	0.00E+00	8.39E-02	1.98E+02	5.78E+00
96.75	0.00E+00	8.29E-02	1.98E+02	5.80E+00
97	0.00E+00	8.22E-02	1.98E+02	5.82E+00
97.25	5.12E+00	8.17E-02	2.00E+02	5.84E+00
97.5	5.12E+00	8.15E-02	2.01E+02	5.86E+00
97.75	5.12E+00	8.17E-02	2.02E+02	5.89E+00
98	5.12E+00	8.23E-02	2.04E+02	5.91E+00
98.25	1.49E+00	8.32E-02	2.04E+02	5.93E+00
98.5	1.49E+00	8.43E-02	2.04E+02	5.95E+00
98.75	1.49E+00	8.57E-02	2.05E+02	5.97E+00
99	1.49E+00	8.73E-02	2.05E+02	5.99E+00
99.25	0.00E+00	8.92E-02	2.05E+02	6.01E+00
99.5	0.00E+00	9.12E-02	2.05E+02	6.03E+00
99.75	0.00E+00	9.34E-02	2.05E+02	6.06E+00
100	0.00E+00	9.57E-02	2.05E+02	6.08E+00
100.25	0.00E+00	9.80E-02	2.05E+02	6.11E+00
100.5	0.00E+00	1.00E-01	2.05E+02	6.13E+00
100.75	0.00E+00	1.03E-01	2.05E+02	6.16E+00
101	0.00E+00	1.05E-01	2.05E+02	6.18E+00
101.25	0.00E+00	1.07E-01	2.05E+02	6.21E+00
101.5	0.00E+00	1.08E-01	2.05E+02	6.24E+00
101.75	0.00E+00	1.10E-01	2.05E+02	6.26E+00
102	0.00E+00	1.11E-01	2.05E+02	6.29E+00
102.25	0.00E+00	1.13E-01	2.05E+02	6.32E+00
102.5	0.00E+00	1.14E-01	2.05E+02	6.35E+00
102.75	0.00E+00	1.15E-01	2.05E+02	6.37E+00
103	0.00E+00	1.15E-01	2.05E+02	6.40E+00
103.25	0.00E+00	1.16E-01	2.05E+02	6.43E+00
103.5	0.00E+00	1.16E-01	2.05E+02	6.46E+00
103.75	0.00E+00	1.17E-01	2.05E+02	6.49E+00
104	0.00E+00	1.17E-01	2.05E+02	6.52E+00
104.25	0.00E+00	1.17E-01	2.05E+02	6.55E+00
104.5	0.00E+00	1.17E-01	2.05E+02	6.58E+00
104.75	0.00E+00	1.17E-01	2.05E+02	6.61E+00
105	0.00E+00	1.17E-01	2.05E+02	6.64E+00
105.25	0.00E+00	1.17E-01	2.05E+02	6.67E+00
105.5	0.00E+00	1.16E-01	2.05E+02	6.70E+00
105.75	0.00E+00	1.16E-01	2.05E+02	6.72E+00
106	0.00E+00	1.16E-01	2.05E+02	6.75E+00
106.25	0.00E+00	1.15E-01	2.05E+02	6.78E+00
106.5	0.00E+00	1.15E-01	2.05E+02	6.81E+00
106.75	0.00E+00	1.14E-01	2.05E+02	6.84E+00
107	0.00E+00	1.13E-01	2.05E+02	6.87E+00
107.25	0.00E+00	1.12E-01	2.05E+02	6.90E+00
107.5	0.00E+00	1.12E-01	2.05E+02	6.92E+00
107.75	0.00E+00	1.11E-01	2.05E+02	6.95E+00
108	0.00E+00	1.10E-01	2.05E+02	6.98E+00
108.25	0.00E+00	1.09E-01	2.05E+02	7.01E+00
108.5	0.00E+00	1.08E-01	2.05E+02	7.03E+00
108.75	0.00E+00	1.07E-01	2.05E+02	7.06E+00
109	0.00E+00	1.06E-01	2.05E+02	7.09E+00
109.25	0.00E+00	1.05E-01	2.05E+02	7.11E+00
109.5	0.00E+00	1.03E-01	2.05E+02	7.14E+00
109.75	0.00E+00	1.02E-01	2.05E+02	7.17E+00
110	0.00E+00	1.01E-01	2.05E+02	7.19E+00
110.25	0.00E+00	9.93E-02	2.05E+02	7.22E+00
110.5	0.00E+00	9.79E-02	2.05E+02	7.24E+00
110.75	0.00E+00	9.65E-02	2.05E+02	7.26E+00
111	0.00E+00	9.50E-02	2.05E+02	7.29E+00
111.25	0.00E+00	9.35E-02	2.05E+02	7.31E+00
111.5	0.00E+00	9.23E-02	2.05E+02	7.34E+00
111.75	0.00E+00	9.15E-02	2.05E+02	7.36E+00
112	0.00E+00	9.08E-02	2.05E+02	7.38E+00
112.25	3.01E+00	9.01E-02	2.06E+02	7.40E+00
112.5	3.01E+00	8.94E-02	2.07E+02	7.43E+00
112.75	3.01E+00	8.87E-02	2.07E+02	7.45E+00
113	3.01E+00	8.80E-02	2.08E+02	7.47E+00
113.25	0.00E+00	8.73E-02	2.08E+02	7.49E+00
113.5	0.00E+00	8.66E-02	2.08E+02	7.51E+00
113.75	0.00E+00	8.59E-02	2.08E+02	7.54E+00
114	0.00E+00	8.52E-02	2.08E+02	7.56E+00
114.25	0.00E+00	8.45E-02	2.08E+02	7.58E+00
114.5	0.00E+00	8.38E-02	2.08E+02	7.60E+00
114.75	0.00E+00	8.32E-02	2.08E+02	7.62E+00
115	0.00E+00	8.25E-02	2.08E+02	7.64E+00
115.25	0.00E+00	8.19E-02	2.08E+02	7.66E+00
115.5	0.00E+00	8.13E-02	2.08E+02	7.68E+00
115.75	0.00E+00	8.08E-02	2.08E+02	7.70E+00
116	0.00E+00	8.02E-02	2.08E+02	7.72E+00
116.25	0.00E+00	7.96E-02	2.08E+02	7.74E+00
116.5	0.00E+00	7.91E-02	2.08E+02	7.76E+00
116.75	0.00E+00	7.86E-02	2.08E+02	7.78E+00
117	0.00E+00	7.80E-02	2.08E+02	7.80E+00
117.25	0.00E+00	7.75E-02	2.08E+02	7.82E+00
117.5	0.00E+00	7.69E-02	2.08E+02	7.84E+00
117.75	0.00E+00	7.64E-02	2.08E+02	7.86E+00
118	0.00E+00	7.58E-02	2.08E+02	7.88E+00
118.25	0.00E+00	7.52E-02	2.08E+02	7.90E+00
118.5	0.00E+00	7.47E-02	2.08E+02	7.92E+00
118.75	0.00E+00	7.41E-02	2.08E+02	7.93E+00
119	0.00E+00	7.35E-02	2.08E+02	7.95E+00
119.25	0.00E+00	7.29E-02	2.08E+02	7.97E+00
119.5	0.00E+00	7.22E-02	2.08E+02	7.99E+00
119.75	0.00E+00	7.16E-02	2.08E+02	8.01E+00
120	0.00E+00	7.10E-02	2.08E+02	8.03E+00
120.25	0.00E+00	7.03E-02	2.08E+02	8.04E+00
120.5	0.00E+00	6.97E-02	2.08E+02	8.06E+00
120.75	0.00E+00	6.90E-02	2.08E+02	8.08E+00
121	0.00E+00	6.83E-02	2.08E+02	8.09E+00
121.25	0.00E+00	6.76E-02	2.08E+02	8.11E+00
121.5	0.00E+00	6.69E-02	2.08E+02	8.13E+00
121.75	0.00E+00	6.62E-02	2.08E+02	8.15E+00
122	0.00E+00	6.55E-02	2.08E+02	8.16E+00
122.25	0.00E+00	6.47E-02	2.08E+02	8.18E+00
122.5	0.00E+00	6.40E-02	2.08E+02	8.19E+00
122.75	0.00E+00	6.32E-02	2.08E+02	8.21E+00
123	0.00E+00	6.25E-02	2.08E+02	8.23E+00
123.25	0.00E+00	6.17E-02	2.08E+02	8.24E+00
123.5	0.00E+00	6.10E-02	2.08E+02	8.26E+00
123.75	0.00E+00	6.02E-02	2.08E+02	8.27E+00
124	0.00E+00	5.94E-02	2.08E+02	8.29E+00
124.25	0.00E+00	5.86E-02	2.08E+02	8.30E+00
124.5	0.00E+00	5.78E-02	2.08E+02	8.32E+00
124.75	0.00E+00	5.70E-02	2.08E+02	8.33E+00
125	0.00E+00	5.62E-02	2.08E+02	8.34E+00
125.25	0.00E+00	5.54E-02	2.08E+02	8.36E+00
125.5	0.00E+00	5.45E-02	2.08E+02	8.37E+00
125.75	0.00E+00	5.37E-02	2.08E+02	8.39E+00
126	0.00E+00	5.33E-02	2.08E+02	8.40E+00
126.25	0.00E+00	5.28E-02	2.08E+02	8.41E+00
126.5	0.00E+00	5.24E-02	2.08E+02	8.43E+00
126.75	0.00E+00	5.20E-02	2.08E+02	8.44E+00
127	0.00E+00	5.16E-02	2.08E+02	8.45E+00
127.25	1.72E+01	5.12E-02	2.12E+02	8.46E+00
127.5	1.72E+01	5.08E-02	2.17E+02	8.48E+00
127.75	1.72E+01	5.04E-02	2.21E+02	8.49E+00
128	1.72E+01	5.01E-02	2.25E+02	8.50E+00
128.25	0.00E+00	4.97E-02	2.25E+02	8.51E+00
128.5	0.00E+00	4.93E-02	2.25E+02	8.53E+00
128.75	0.00E+00	4.89E-02	2.25E+02	8.54E+00
129	0.00E+00	4.85E-02	2.25E+02	8.55E+00
129.25	0.00E+00	4.81E-02	2.25E+02	8.56E+00
129.5	0.00E+00	4.78E-02	2.25E+02	8.58E+00
129.75	0.00E+00	4.74E-02	2.25E+02	8.59E+00
130	0.00E+00	4.71E-02	2.25E+02	8.60E+00
130.25	0.00E+00	4.69E-02	2.25E+02	8.61E+00
130.5	0.00E+00	4.66E-02	2.25E+02	8.62E+00
130.75	0.00E+00	4.65E-02	2.25E+02	8.63E+00
131	0.00E+00	4.64E-02	2.25E+02	8.65E+00
131.25	0.00E+00	4.64E-02	2.25E+02	8.66E+00
131.5	0.00E+00	4.64E-02	2.25E+02	8.67E+00
131.75	0.00E+00	4.65E-02	2.25E+02	8.68E+00
132	0.00E+00	4.65E-02	2.25E+02	8.69E+00
132.25	0.00E+00	4.67E-02	2.25E+02	8.70E+00
132.5	0.00E+00	4.68E-02	2.25E+02	8.72E+00
132.75	0.00E+00	4.70E-02	2.25E+02	8.73E+00
133	0.00E+00	4.71E-02	2.25E+02	8.74E+00
133.25	0.00E+00	4.73E-02	2.25E+02	8.75E+00
133.5	0.00E+00	4.74E-02	2.25E+02	8.76E+00
133.75	0.00E+00	4.76E-02	2.25E+02	8.77E+00
134	0.00E+00	4.77E-02	2.25E+02	8.79E+00
134.25	0.00E+00	4.79E-02	2.25E+02	8.80E+00
134.5	0.00E+00	4.80E-02	2.25E+02	8.81E+00
134.75	0.00E+00	4.81E-02	2.25E+02	8.82E+00
135	0.00E+00	4.82E-02	2.25E+02	8.83E+00
135.25	0.00E+00	4.82E-02	2.25E+02	8.85E+00
135.5	0.00E+00	4.83E-02	2.25E+02	8.86E+00
135.75	0.00E+00	4.83E-02	2.25E+02	8.87E+00
136	0.00E+00	4.83E-02	2.25E+02	8.88E+00
136.25	0.00E+00	4.84E-02	2.25E+02	8.89E+00
136.5	0.00E+00	4.84E-02	2.25E+02	8.91E+00
136.75	0.00E+00	4.83E-02	2.25E+02	8.92E+00
137	0.00E+00	4.83E-02	2.25E+02	8.93E+00
137.25	0.00E+00	4.83E-02	2.25E+02	8.94E+00
137.5	0.00E+00	4.82E-02	2.25E+02	8.96E+00
137.75	0.00E+00	4.81E-02	2.25E+02	8.97E+00
138	0.00E+00	4.80E-02	2.25E+02	8.98E+00
138.25	0.00E+00	4.79E-02	2.25E+02	8.99E+00
138.5	0.00E+00	4.78E-02	2.25E+02	9.00E+00
138.75	0.00E+00	4.77E-02	2.25E+02	9.02E+00
139	0.00E+00	4.76E-02	2.25E+02	9.03E+00
139.25	0.00E+00	4.74E-02	2.25E+02	9.04E+00
139.5	0.00E+00	4.73E-02	2.25E+02	9.05E+00
139.75	0.00E+00	4.71E-02	2.25E+02	9.06E+00
140	0.00E+00	4.69E-02	2.25E+02	9.07E+00
140.25	0.00E+00	4.68E-02	2.25E+02	9.09E+00
140.5	0.00E+00	4.66E-02	2.25E+02	9.10E+00
140.75	0.00E+00	4.64E-02	2.25E+02	9.11E+00
141	0.00E+00	4.61E-02	2.25E+02	9.12E+00
141.25	0.00E+00	4.59E-02	2.25E+02	9.13E+00
141.5	0.00E+00	4.57E-02	2.25E+02	9.14E+00
141.75	0.00E+00	4.54E-02	2.25E+02	9.16E+00
142	0.00E+00	4.52E-02	2.25E+02	9.17E+00
142.25	0.00E+00	4.49E-02	2.25E+02	9.18E+00
142.5	1.45E-06	4.47E-02	2.25E+02	9.19E+00
142.75	3.55E-06	4.44E-02	2.25E+02	9.20E+00
143	4.68E-06	4.41E-02	2.25E+02	9.21E+00
143.25	0.00E+00	4.38E-02	2.25E+02	9.22E+00
143.5	0.00E+00	4.36E-02	2.25E+02	9.23E+00
143.75	0.00E+00	4.33E-02	2.25E+02	9.24E+00
144	0.00E+00	4.30E-02	2.25E+02	9.25E+00
144.25	0.00E+00	4.26E-02	2.25E+02	9.27E+00
144.5	0.00E+00	4.23E-02	2.25E+02	9.28E+00
144.75	0.00E+00	4.20E-02	2.25E+02	9.29E+00
145	0.00E+00	4.17E-02	2.25E+02	9.30E+00
145.25	0.00E+00	4.14E-02	2.25E+02	9.31E+00
145.5	0.00E+00	4.10E-02	2.25E+02	9.32E+00
145.75	0.00E+00	4.07E-02	2.25E+02	9.33E+00
146	0.00E+00	4.04E-02	2.25E+02	9.34E+00
146.25	0.00E+00	4.00E-02	2.25E+02	9.35E+00
146.5	0.00E+00	3.97E-02	2.25E+02	9.36E+00
146.75	0.00E+00	3.93E-02	2.25E+02	9.37E+00
147	0.00E+00	3.90E-02	2.25E+02	9.38E+00
147.25	1.50E+00	3.86E-02	2.26E+02	9.39E+00
147.5	1.50E+00	3.83E-02	2.26E+02	9.40E+00
147.75	1.50E+00	3.79E-02	2.26E+02	9.41E+00
148	1.50E+00	3.76E-02	2.27E+02	9.42E+00
148.25	0.00E+00	3.72E-02	2.27E+02	9.43E+00
148.5	0.00E+00	3.68E-02	2.27E+02	9.43E+00
148.75	0.00E+00	3.65E-02	2.27E+02	9.44E+00
149	0.00E+00	3.61E-02	2.27E+02	9.45E+00
149.25	0.00E+00	3.58E-02	2.27E+02	9.46E+00
149.5	0.00E+00	3.54E-02	2.27E+02	9.47E+00
149.75	0.00E+00	3.50E-02	2.27E+02	9.48E+00
150	0.00E+00	3.46E-02	2.27E+02	9.49E+00
150.25	9.30E+00	3.43E-02	2.29E+02	9.50E+00
150.5	9.30E+00	3.39E-02	2.31E+02	9.51E+00
150.75	9.30E+00	3.35E-02	2.34E+02	9.51E+00
151	9.30E+00	3.31E-02	2.36E+02	9.52E+00
151.25	0.00E+00	3.27E-02	2.36E+02	9.53E+00
151.5	0.00E+00	3.23E-02	2.36E+02	9.54E+00
151.75	0.00E+00	3.19E-02	2.36E+02	9.55E+00
152	0.00E+00	3.15E-02	2.36E+02	9.55E+00
152.25	0.00E+00	3.11E-02	2.36E+02	9.56E+00
152.5	0.00E+00	3.06E-02	2.36E+02	9.57E+00
152.75	0.00E+00	3.04E-02	2.36E+02	9.58E+00
153	0.00E+00	3.02E-02	2.36E+02	9.59E+00
153.25	3.00E+00	3.00E-02	2.37E+02	9.59E+00
153.5	3.00E+00	2.98E-02	2.38E+02	9.60E+00
153.75	3.00E+00	2.96E-02	2.38E+02	9.61E+00
154	3.00E+00	2.94E-02	2.39E+02	9.62E+00
154.25	4.48E+00	2.92E-02	2.40E+02	9.62E+00
154.5	4.48E+00	2.90E-02	2.41E+02	9.63E+00
154.75	4.48E+00	2.89E-02	2.42E+02	9.64E+00
155	4.48E+00	2.87E-02	2.44E+02	9.64E+00
155.25	0.00E+00	2.85E-02	2.44E+02	9.65E+00
155.5	0.00E+00	2.83E-02	2.44E+02	9.66E+00
155.75	0.00E+00	2.82E-02	2.44E+02	9.67E+00
156	0.00E+00	2.80E-02	2.44E+02	9.67E+00
156.25	0.00E+00	2.79E-02	2.44E+02	9.68E+00
156.5	0.00E+00	2.77E-02	2.44E+02	9.69E+00
156.75	0.00E+00	2.76E-02	2.44E+02	9.69E+00
157	0.00E+00	2.74E-02	2.44E+02	9.70E+00
157.25	0.00E+00	2.73E-02	2.44E+02	9.71E+00
157.5	1.41E-06	2.72E-02	2.44E+02	9.71E+00
157.75	1.22E-05	2.70E-02	2.44E+02	9.72E+00
158	2.83E-06	2.69E-02	2.44E+02	9.73E+00
158.25	0.00E+00	2.68E-02	2.44E+02	9.73E+00
158.5	0.00E+00	2.67E-02	2.44E+02	9.74E+00
158.75	0.00E+00	2.66E-02	2.44E+02	9.75E+00
159	0.00E+00	2.65E-02	2.44E+02	9.75E+00
159.25	0.00E+00	2.64E-02	2.44E+02	9.76E+00
159.5	0.00E+00	2.63E-02	2.44E+02	9.77E+00
159.75	0.00E+00	2.62E-02	2.44E+02	9.77E+00
160	0.00E+00	2.62E-02	2.44E+02	9.78E+00
160.25	0.00E+00	2.61E-02	2.44E+02	9.79E+00
160.5	0.00E+00	2.60E-02	2.44E+02	9.79E+00
160.75	0.00E+00	2.60E-02	2.44E+02	9.80E+00
161	0.00E+00	2.59E-02	2.44E+02	9.81E+00
161.25	3.60E+00	2.59E-02	2.44E+02	9.81E+00
161.5	3.60E+00	2.58E-02	2.45E+02	9.82E+00
161.75	3.60E+00	2.58E-02	2.46E+02	9.83E+00
162	3.60E+00	2.57E-02	2.47E+02	9.83E+00
162.25	3.90E+00	2.57E-02	2.48E+02	9.84E+00
162.5	3.90E+00	2.56E-02	2.49E+02	9.85E+00
162.75	3.90E+00	2.56E-02	2.50E+02	9.85E+00
163	3.90E+00	2.55E-02	2.51E+02	9.86E+00
163.25	0.00E+00	2.55E-02	2.51E+02	9.86E+00
163.5	0.00E+00	2.54E-02	2.51E+02	9.87E+00
163.75	0.00E+00	2.54E-02	2.51E+02	9.88E+00
164	0.00E+00	2.53E-02	2.51E+02	9.88E+00
164.25	0.00E+00	2.53E-02	2.51E+02	9.89E+00
164.5	0.00E+00	2.52E-02	2.51E+02	9.90E+00
164.75	0.00E+00	2.52E-02	2.51E+02	9.90E+00
165	0.00E+00	2.51E-02	2.51E+02	9.91E+00
165.25	0.00E+00	2.50E-02	2.51E+02	9.91E+00
165.5	0.00E+00	2.50E-02	2.51E+02	9.92E+00
165.75	0.00E+00	2.49E-02	2.51E+02	9.93E+00
166	0.00E+00	2.48E-02	2.51E+02	9.93E+00
166.25	0.00E+00	2.48E-02	2.51E+02	9.94E+00
166.5	0.00E+00	2.47E-02	2.51E+02	9.95E+00
166.75	0.00E+00	2.46E-02	2.51E+02	9.95E+00
167	0.00E+00	2.45E-02	2.51E+02	9.96E+00
167.25	0.00E+00	2.45E-02	2.51E+02	9.96E+00
167.5	0.00E+00	2.44E-02	2.51E+02	9.97E+00
167.75	0.00E+00	2.43E-02	2.51E+02	9.98E+00
168	0.00E+00	2.43E-02	2.51E+02	9.98E+00
168.25	0.00E+00	2.42E-02	2.51E+02	9.99E+00
168.5	0.00E+00	2.41E-02	2.51E+02	9.99E+00
168.75	0.00E+00	2.41E-02	2.51E+02	1.00E+01
169	0.00E+00	2.40E-02	2.51E+02	1.00E+01
169.25	9.00E-01	2.39E-02	2.51E+02	1.00E+01
169.5	9.00E-01	2.38E-02	2.51E+02	1.00E+01
169.75	9.00E-01	2.38E-02	2.52E+02	1.00E+01
170	9.00E-01	2.37E-02	2.52E+02	1.00E+01
170.25	0.00E+00	2.36E-02	2.52E+02	1.00E+01
170.5	0.00E+00	2.36E-02	2.52E+02	1.00E+01
170.75	0.00E+00	2.35E-02	2.52E+02	1.00E+01
171	0.00E+00	2.34E-02	2.52E+02	1.01E+01
171.25	3.70E+00	2.33E-02	2.53E+02	1.01E+01
171.5	3.70E+00	2.32E-02	2.54E+02	1.01E+01
171.75	3.70E+00	2.32E-02	2.55E+02	1.01E+01
172	3.70E+00	2.31E-02	2.56E+02	1.01E+01
172.25	0.00E+00	2.30E-02	2.56E+02	1.01E+01
172.5	0.00E+00	2.29E-02	2.56E+02	1.01E+01
172.75	0.00E+00	2.28E-02	2.56E+02	1.01E+01
173	0.00E+00	2.27E-02	2.56E+02	1.01E+01
173.25	0.00E+00	2.26E-02	2.56E+02	1.01E+01
173.5	0.00E+00	2.25E-02	2.56E+02	1.01E+01
173.75	0.00E+00	2.24E-02	2.56E+02	1.01E+01
174	0.00E+00	2.24E-02	2.56E+02	1.01E+01
174.25	5.43E+00	2.23E-02	2.57E+02	1.01E+01
174.5	5.43E+00	2.21E-02	2.58E+02	1.01E+01
174.75	5.43E+00	2.20E-02	2.60E+02	1.01E+01
175	5.43E+00	2.19E-02	2.61E+02	1.01E+01
175.25	0.00E+00	2.18E-02	2.61E+02	1.02E+01
175.5	0.00E+00	2.17E-02	2.61E+02	1.02E+01
175.75	0.00E+00	2.16E-02	2.61E+02	1.02E+01
176	0.00E+00	2.15E-02	2.61E+02	1.02E+01
176.25	0.00E+00	2.14E-02	2.61E+02	1.02E+01
176.5	0.00E+00	2.13E-02	2.61E+02	1.02E+01
176.75	0.00E+00	2.12E-02	2.61E+02	1.02E+01
177	0.00E+00	2.11E-02	2.61E+02	1.02E+01
177.25	2.00E+00	2.09E-02	2.62E+02	1.02E+01
177.5	2.00E+00	2.08E-02	2.62E+02	1.02E+01
177.75	2.00E+00	2.07E-02	2.63E+02	1.02E+01
178	2.00E+00	2.06E-02	2.63E+02	1.02E+01
178.25	0.00E+00	2.05E-02	2.63E+02	1.02E+01
178.5	0.00E+00	2.04E-02	2.63E+02	1.02E+01
178.75	0.00E+00	2.02E-02	2.63E+02	1.02E+01
179	0.00E+00	2.01E-02	2.63E+02	1.02E+01
179.25	2.85E+00	2.00E-02	2.64E+02	1.02E+01
179.5	2.85E+00	1.99E-02	2.64E+02	1.02E+01
179.75	2.85E+00	1.98E-02	2.65E+02	1.02E+01
180	2.85E+00	1.96E-02	2.66E+02	1.02E+01
180.25	0.00E+00	1.95E-02	2.66E+02	1.03E+01
180.5	0.00E+00	1.94E-02	2.66E+02	1.03E+01
180.75	0.00E+00	1.93E-02	2.66E+02	1.03E+01
181	0.00E+00	1.92E-02	2.66E+02	1.03E+01
181.25	0.00E+00	1.91E-02	2.66E+02	1.03E+01
181.5	0.00E+00	1.90E-02	2.66E+02	1.03E+01
181.75	0.00E+00	1.88E-02	2.66E+02	1.03E+01
182	0.00E+00	1.87E-02	2.66E+02	1.03E+01
182.25	0.00E+00	1.86E-02	2.66E+02	1.03E+01
182.5	0.00E+00	1.85E-02	2.66E+02	1.03E+01
182.75	0.00E+00	1.84E-02	2.66E+02	1.03E+01
183	0.00E+00	1.83E-02	2.66E+02	1.03E+01
183.25	2.80E+00	1.82E-02	2.67E+02	1.03E+01
183.5	2.80E+00	1.81E-02	2.67E+02	1.03E+01
183.75	2.80E+00	1.79E-02	2.68E+02	1.03E+01
184	2.80E+00	1.78E-02	2.69E+02	1.03E+01
184.25	0.00E+00	1.77E-02	2.69E+02	1.03E+01
184.5	0.00E+00	1.76E-02	2.69E+02	1.03E+01
184.75	0.00E+00	1.75E-02	2.69E+02	1.03E+01
185	0.00E+00	1.74E-02	2.69E+02	1.03E+01
185.25	7.19E+00	1.73E-02	2.70E+02	1.03E+01
185.5	7.19E+00	1.71E-02	2.72E+02	1.04E+01
185.75	7.19E+00	1.70E-02	2.74E+02	1.04E+01
186	7.19E+00	1.69E-02	2.76E+02	1.04E+01
186.25	0.00E+00	1.68E-02	2.76E+02	1.04E+01
186.5	2.38E-06	1.67E-02	2.76E+02	1.04E+01
186.75	0.00E+00	1.66E-02	2.76E+02	1.04E+01
187	0.00E+00	1.66E-02	2.76E+02	1.04E+01
187.25	0.00E+00	1.65E-02	2.76E+02	1.04E+01
187.5	0.00E+00	1.64E-02	2.76E+02	1.04E+01
187.75	0.00E+00	1.64E-02	2.76E+02	1.04E+01
188	0.00E+00	1.63E-02	2.76E+02	1.04E+01
188.25	1.69E+01	1.63E-02	2.80E+02	1.04E+01
188.5	1.69E+01	1.62E-02	2.84E+02	1.04E+01
188.75	1.69E+01	1.62E-02	2.89E+02	1.04E+01
189	1.69E+01	1.61E-02	2.93E+02	1.04E+01
189.25	1.67E+01	1.61E-02	2.97E+02	1.04E+01
189.5	1.67E+01	1.60E-02	3.01E+02	1.04E+01
189.75	1.67E+01	1.60E-02	3.05E+02	1.04E+01
190	1.67E+01	1.59E-02	3.09E+02	1.04E+01
190.25	4.53E+00	1.59E-02	3.11E+02	1.04E+01
190.5	4.53E+00	1.58E-02	3.12E+02	1.04E+01
190.75	4.53E+00	1.58E-02	3.13E+02	1.04E+01
191	4.53E+00	1.57E-02	3.14E+02	1.04E+01
191.25	3.24E+00	1.57E-02	3.15E+02	1.04E+01
191.5	3.24E+00	1.56E-02	3.16E+02	1.04E+01
191.75	3.24E+00	1.56E-02	3.16E+02	1.05E+01
192	3.24E+00	1.56E-02	3.17E+02	1.05E+01
192.25	0.00E+00	1.56E-02	3.17E+02	1.05E+01
192.5	0.00E+00	1.56E-02	3.17E+02	1.05E+01
192.75	0.00E+00	1.56E-02	3.17E+02	1.05E+01
193	0.00E+00	1.57E-02	3.17E+02	1.05E+01
193.25	3.07E+00	1.58E-02	3.18E+02	1.05E+01
193.5	3.07E+00	1.60E-02	3.19E+02	1.05E+01
193.75	3.07E+00	1.63E-02	3.20E+02	1.05E+01
194	3.07E+00	1.65E-02	3.20E+02	1.05E+01
194.25	0.00E+00	1.68E-02	3.20E+02	1.05E+01
194.5	0.00E+00	1.73E-02	3.20E+02	1.05E+01
194.75	0.00E+00	1.81E-02	3.20E+02	1.05E+01
195	0.00E+00	1.89E-02	3.20E+02	1.05E+01
195.25	0.00E+00	1.99E-02	3.20E+02	1.05E+01
195.5	0.00E+00	2.08E-02	3.20E+02	1.05E+01
195.75	0.00E+00	2.19E-02	3.20E+02	1.05E+01
196	0.00E+00	2.29E-02	3.20E+02	1.05E+01
196.25	0.00E+00	2.39E-02	3.20E+02	1.05E+01
196.5	0.00E+00	2.49E-02	3.20E+02	1.05E+01
196.75	0.00E+00	2.59E-02	3.20E+02	1.05E+01
197	0.00E+00	2.69E-02	3.20E+02	1.06E+01
197.25	0.00E+00	2.79E-02	3.20E+02	1.06E+01
197.5	0.00E+00	2.88E-02	3.20E+02	1.06E+01
197.75	0.00E+00	2.97E-02	3.20E+02	1.06E+01
198	0.00E+00	3.05E-02	3.20E+02	1.06E+01
198.25	2.25E+01	3.13E-02	3.26E+02	1.06E+01
198.5	2.25E+01	3.20E-02	3.32E+02	1.06E+01
198.75	2.25E+01	3.27E-02	3.37E+02	1.06E+01
199	2.25E+01	3.34E-02	3.43E+02	1.06E+01
199.25	0.00E+00	3.46E-02	3.43E+02	1.06E+01
199.5	0.00E+00	3.57E-02	3.43E+02	1.06E+01
199.75	0.00E+00	3.68E-02	3.43E+02	1.06E+01
200	0.00E+00	3.79E-02	3.43E+02	1.06E+01
200.25	0.00E+00	3.90E-02	3.43E+02	1.07E+01
200.5	0.00E+00	4.02E-02	3.43E+02	1.07E+01
200.75	0.00E+00	4.15E-02	3.43E+02	1.07E+01
201	0.00E+00	4.31E-02	3.43E+02	1.07E+01
201.25	6.00E+00	4.48E-02	3.44E+02	1.07E+01
201.5	6.00E+00	4.68E-02	3.46E+02	1.07E+01
201.75	6.00E+00	4.89E-02	3.47E+02	1.07E+01
202	6.00E+00	5.10E-02	3.49E+02	1.07E+01
202.25	1.12E+01	5.31E-02	3.52E+02	1.07E+01
202.5	1.12E+01	5.53E-02	3.54E+02	1.08E+01
202.75	1.12E+01	5.73E-02	3.57E+02	1.08E+01
203	1.12E+01	5.93E-02	3.60E+02	1.08E+01
203.25	7.61E+00	6.12E-02	3.62E+02	1.08E+01
203.5	7.61E+00	6.31E-02	3.64E+02	1.08E+01
203.75	7.61E+00	6.50E-02	3.66E+02	1.08E+01
204	7.61E+00	6.87E-02	3.68E+02	1.09E+01
204.25	0.00E+00	7.29E-02	3.68E+02	1.09E+01
204.5	0.00E+00	7.78E-02	3.68E+02	1.09E+01
204.75	0.00E+00	8.31E-02	3.68E+02	1.09E+01
205	0.00E+00	8.90E-02	3.68E+02	1.09E+01
205.25	0.00E+00	9.51E-02	3.68E+02	1.10E+01
205.5	0.00E+00	1.01E-01	3.68E+02	1.10E+01
205.75	0.00E+00	1.08E-01	3.68E+02	1.10E+01
206	0.00E+00	1.13E-01	3.68E+02	1.10E+01
206.25	0.00E+00	1.19E-01	3.68E+02	1.11E+01
206.5	0.00E+00	1.24E-01	3.68E+02	1.11E+01
206.75	0.00E+00	1.30E-01	3.68E+02	1.11E+01
207	0.00E+00	1.38E-01	3.68E+02	1.12E+01
207.25	0.00E+00	1.44E-01	3.68E+02	1.12E+01
207.5	0.00E+00	1.50E-01	3.68E+02	1.12E+01
207.75	0.00E+00	1.55E-01	3.68E+02	1.13E+01
208	0.00E+00	1.59E-01	3.68E+02	1.13E+01
208.25	0.00E+00	1.63E-01	3.68E+02	1.13E+01
208.5	0.00E+00	1.66E-01	3.68E+02	1.14E+01
208.75	0.00E+00	1.68E-01	3.68E+02	1.14E+01
209	0.00E+00	1.70E-01	3.68E+02	1.15E+01
209.25	0.00E+00	1.72E-01	3.68E+02	1.15E+01
209.5	0.00E+00	1.73E-01	3.68E+02	1.16E+01
209.75	0.00E+00	1.74E-01	3.68E+02	1.16E+01
210	0.00E+00	1.75E-01	3.68E+02	1.16E+01
210.25	0.00E+00	1.75E-01	3.68E+02	1.17E+01
210.5	0.00E+00	1.75E-01	3.68E+02	1.17E+01
210.75	0.00E+00	1.75E-01	3.68E+02	1.18E+01
211	0.00E+00	1.75E-01	3.68E+02	1.18E+01
211.25	0.00E+00	1.74E-01	3.68E+02	1.19E+01
211.5	0.00E+00	1.74E-01	3.68E+02	1.19E+01
211.75	0.00E+00	1.73E-01	3.68E+02	1.20E+01
212	0.00E+00	1.72E-01	3.68E+02	1.20E+01
212.25	0.00E+00	1.70E-01	3.68E+02	1.20E+01
212.5	0.00E+00	1.69E-01	3.68E+02	1.21E+01
212.75	0.00E+00	1.67E-01	3.68E+02	1.21E+01
213	0.00E+00	1.66E-01	3.68E+02	1.22E+01
213.25	0.00E+00	1.64E-01	3.68E+02	1.22E+01
213.5	0.00E+00	1.62E-01	3.68E+02	1.22E+01
213.75	0.00E+00	1.60E-01	3.68E+02	1.23E+01
214	0.00E+00	1.58E-01	3.68E+02	1.23E+01
214.25	0.00E+00	1.56E-01	3.68E+02	1.24E+01
214.5	0.00E+00	1.53E-01	3.68E+02	1.24E+01
214.75	0.00E+00	1.51E-01	3.68E+02	1.24E+01
215	0.00E+00	1.49E-01	3.68E+02	1.25E+01
215.25	0.00E+00	1.46E-01	3.68E+02	1.25E+01
215.5	0.00E+00	1.43E-01	3.68E+02	1.26E+01
215.75	0.00E+00	1.40E-01	3.68E+02	1.26E+01
216	0.00E+00	1.39E-01	3.68E+02	1.26E+01
216.25	0.00E+00	1.38E-01	3.68E+02	1.27E+01
216.5	0.00E+00	1.36E-01	3.68E+02	1.27E+01
216.75	0.00E+00	1.35E-01	3.68E+02	1.27E+01
217	0.00E+00	1.34E-01	3.68E+02	1.28E+01
217.25	0.00E+00	1.32E-01	3.68E+02	1.28E+01
217.5	0.00E+00	1.31E-01	3.68E+02	1.28E+01
217.75	0.00E+00	1.30E-01	3.68E+02	1.29E+01
218	0.00E+00	1.28E-01	3.68E+02	1.29E+01
218.25	5.70E+00	1.27E-01	3.69E+02	1.29E+01
218.5	5.70E+00	1.26E-01	3.70E+02	1.30E+01
218.75	5.70E+00	1.24E-01	3.72E+02	1.30E+01
219	5.70E+00	1.23E-01	3.73E+02	1.30E+01
219.25	7.20E+00	1.22E-01	3.75E+02	1.30E+01
219.5	7.20E+00	1.20E-01	3.77E+02	1.31E+01
219.75	7.20E+00	1.19E-01	3.79E+02	1.31E+01
220	7.20E+00	1.18E-01	3.80E+02	1.31E+01
220.25	0.00E+00	1.16E-01	3.80E+02	1.32E+01
220.5	0.00E+00	1.15E-01	3.80E+02	1.32E+01
220.75	0.00E+00	1.14E-01	3.80E+02	1.32E+01
221	0.00E+00	1.12E-01	3.80E+02	1.32E+01
221.25	0.00E+00	1.11E-01	3.80E+02	1.33E+01
221.5	0.00E+00	1.10E-01	3.80E+02	1.33E+01
221.75	0.00E+00	1.09E-01	3.80E+02	1.33E+01
222	0.00E+00	1.08E-01	3.80E+02	1.34E+01
222.25	5.40E+00	1.07E-01	3.82E+02	1.34E+01
222.5	5.40E+00	1.07E-01	3.83E+02	1.34E+01
222.75	5.40E+00	1.06E-01	3.84E+02	1.34E+01
223	5.40E+00	1.06E-01	3.86E+02	1.35E+01
223.25	0.00E+00	1.05E-01	3.86E+02	1.35E+01
223.5	0.00E+00	1.05E-01	3.86E+02	1.35E+01
223.75	0.00E+00	1.04E-01	3.86E+02	1.35E+01
224	0.00E+00	1.04E-01	3.86E+02	1.36E+01
224.25	2.20E+00	1.04E-01	3.86E+02	1.36E+01
224.5	2.20E+00	1.03E-01	3.87E+02	1.36E+01
224.75	2.20E+00	1.03E-01	3.87E+02	1.36E+01
225	2.20E+00	1.03E-01	3.88E+02	1.37E+01
225.25	2.55E+01	1.03E-01	3.94E+02	1.37E+01
225.5	2.55E+01	1.02E-01	4.01E+02	1.37E+01
225.75	2.55E+01	1.02E-01	4.07E+02	1.38E+01
226	2.55E+01	1.02E-01	4.14E+02	1.38E+01
226.25	0.00E+00	1.02E-01	4.14E+02	1.38E+01
226.5	0.00E+00	1.02E-01	4.14E+02	1.38E+01
226.75	0.00E+00	1.02E-01	4.14E+02	1.39E+01
227	0.00E+00	1.02E-01	4.14E+02	1.39E+01
227.25	0.00E+00	1.04E-01	4.14E+02	1.39E+01
227.5	0.00E+00	1.06E-01	4.14E+02	1.39E+01
227.75	0.00E+00	1.10E-01	4.14E+02	1.40E+01
228	0.00E+00	1.15E-01	4.14E+02	1.40E+01
228.25	0.00E+00	1.21E-01	4.14E+02	1.40E+01
228.5	0.00E+00	1.27E-01	4.14E+02	1.40E+01
228.75	0.00E+00	1.32E-01	4.14E+02	1.41E+01
229	0.00E+00	1.38E-01	4.14E+02	1.41E+01
229.25	0.00E+00	1.43E-01	4.14E+02	1.41E+01
229.5	0.00E+00	1.48E-01	4.14E+02	1.42E+01
229.75	0.00E+00	1.52E-01	4.14E+02	1.42E+01
230	0.00E+00	1.56E-01	4.14E+02	1.43E+01
230.25	2.56E+01	1.62E-01	4.20E+02	1.43E+01
230.5	2.56E+01	1.68E-01	4.26E+02	1.43E+01
230.75	2.56E+01	1.74E-01	4.33E+02	1.44E+01
231	2.56E+01	1.78E-01	4.39E+02	1.44E+01
231.25	7.04E+00	1.82E-01	4.41E+02	1.45E+01
231.5	7.04E+00	1.87E-01	4.43E+02	1.45E+01
231.75	7.04E+00	1.94E-01	4.44E+02	1.46E+01
232	7.04E+00	2.06E-01	4.46E+02	1.46E+01
232.25	1.85E+00	2.22E-01	4.47E+02	1.47E+01
232.5	1.85E+00	2.43E-01	4.47E+02	1.47E+01
232.75	1.85E+00	2.65E-01	4.48E+02	1.48E+01
233	1.85E+00	2.88E-01	4.48E+02	1.49E+01
233.25	0.00E+00	3.15E-01	4.48E+02	1.49E+01
233.5	0.00E+00	3.53E-01	4.48E+02	1.50E+01
233.75	0.00E+00	3.86E-01	4.48E+02	1.51E+01
234	0.00E+00	4.16E-01	4.48E+02	1.52E+01
234.25	0.00E+00	4.40E-01	4.48E+02	1.53E+01
234.5	0.00E+00	4.61E-01	4.48E+02	1.54E+01
234.75	0.00E+00	4.78E-01	4.48E+02	1.56E+01
235	0.00E+00	4.92E-01	4.48E+02	1.57E+01
235.25	0.00E+00	5.03E-01	4.48E+02	1.58E+01
235.5	0.00E+00	5.12E-01	4.48E+02	1.59E+01
235.75	0.00E+00	5.19E-01	4.48E+02	1.61E+01
236	0.00E+00	5.24E-01	4.48E+02	1.62E+01
236.25	2.50E+00	5.28E-01	4.49E+02	1.63E+01
236.5	2.50E+00	5.30E-01	4.49E+02	1.64E+01
236.75	2.50E+00	5.32E-01	4.50E+02	1.66E+01
237	2.50E+00	5.32E-01	4.51E+02	1.67E+01
237.25	1.51E+01	5.32E-01	4.54E+02	1.68E+01
237.5	1.51E+01	5.31E-01	4.58E+02	1.70E+01
237.75	1.51E+01	5.30E-01	4.62E+02	1.71E+01
238	1.51E+01	5.30E-01	4.66E+02	1.72E+01
238.25	0.00E+00	5.32E-01	4.66E+02	1.74E+01
238.5	0.00E+00	5.39E-01	4.66E+02	1.75E+01
238.75	0.00E+00	5.52E-01	4.66E+02	1.76E+01
239	0.00E+00	5.71E-01	4.66E+02	1.78E+01
239.25	1.15E+01	5.92E-01	4.69E+02	1.79E+01
239.5	1.15E+01	6.14E-01	4.71E+02	1.81E+01
239.75	1.15E+01	6.34E-01	4.74E+02	1.82E+01
240	1.15E+01	6.53E-01	4.77E+02	1.84E+01
240.25	0.00E+00	6.73E-01	4.77E+02	1.86E+01
240.5	0.00E+00	7.00E-01	4.77E+02	1.87E+01
240.75	0.00E+00	7.46E-01	4.77E+02	1.89E+01
241	0.00E+00	7.96E-01	4.77E+02	1.91E+01
241.25	0.00E+00	8.44E-01	4.77E+02	1.93E+01
241.5	0.00E+00	8.86E-01	4.77E+02	1.95E+01
241.75	0.00E+00	9.19E-01	4.77E+02	1.98E+01
242	0.00E+00	9.45E-01	4.77E+02	2.00E+01
242.25	1.09E+01	9.64E-01	4.80E+02	2.02E+01
242.5	1.09E+01	9.78E-01	4.83E+02	2.05E+01
242.75	1.09E+01	9.87E-01	4.85E+02	2.07E+01
243	1.09E+01	9.94E-01	4.88E+02	2.10E+01
243.25	0.00E+00	1.01E+00	4.88E+02	2.12E+01
243.5	0.00E+00	1.02E+00	4.88E+02	2.15E+01
243.75	0.00E+00	1.05E+00	4.88E+02	2.17E+01
244	0.00E+00	1.09E+00	4.88E+02	2.20E+01
244.25	0.00E+00	1.12E+00	4.88E+02	2.23E+01
244.5	0.00E+00	1.15E+00	4.88E+02	2.26E+01
244.75	0.00E+00	1.17E+00	4.88E+02	2.28E+01
245	0.00E+00	1.18E+00	4.88E+02	2.31E+01
245.25	0.00E+00	1.19E+00	4.88E+02	2.34E+01
245.5	0.00E+00	1.20E+00	4.88E+02	2.37E+01
245.75	0.00E+00	1.20E+00	4.88E+02	2.40E+01
246	0.00E+00	1.20E+00	4.88E+02	2.43E+01
246.25	0.00E+00	1.19E+00	4.88E+02	2.46E+01
246.5	0.00E+00	1.18E+00	4.88E+02	2.49E+01
246.75	0.00E+00	1.17E+00	4.88E+02	2.52E+01
247	0.00E+00	1.15E+00	4.88E+02	2.55E+01
247.25	0.00E+00	1.14E+00	4.88E+02	2.58E+01
247.5	0.00E+00	1.12E+00	4.88E+02	2.61E+01
247.75	0.00E+00	1.10E+00	4.88E+02	2.64E+01
248	0.00E+00	1.08E+00	4.88E+02	2.66E+01
248.25	0.00E+00	1.06E+00	4.88E+02	2.69E+01
248.5	0.00E+00	1.04E+00	4.88E+02	2.72E+01
248.75	0.00E+00	1.02E+00	4.88E+02	2.74E+01
249	0.00E+00	9.91E-01	4.88E+02	2.77E+01
249.25	0.00E+00	9.80E-01	4.88E+02	2.79E+01
249.5	0.00E+00	9.69E-01	4.88E+02	2.82E+01
249.75	0.00E+00	9.59E-01	4.88E+02	2.84E+01
250	0.00E+00	9.47E-01	4.88E+02	2.86E+01
250.25	0.00E+00	9.36E-01	4.88E+02	2.89E+01
250.5	0.00E+00	9.25E-01	4.88E+02	2.91E+01
250.75	0.00E+00	9.13E-01	4.88E+02	2.93E+01
251	0.00E+00	9.01E-01	4.88E+02	2.96E+01
251.25	0.00E+00	8.88E-01	4.88E+02	2.98E+01
251.5	0.00E+00	8.76E-01	4.88E+02	3.00E+01
251.75	0.00E+00	8.63E-01	4.88E+02	3.02E+01
252	0.00E+00	8.50E-01	4.88E+02	3.04E+01
252.25	0.00E+00	8.37E-01	4.88E+02	3.06E+01
252.5	0.00E+00	8.24E-01	4.88E+02	3.09E+01
252.75	0.00E+00	8.10E-01	4.88E+02	3.11E+01
253	0.00E+00	7.97E-01	4.88E+02	3.13E+01
253.25	0.00E+00	7.83E-01	4.88E+02	3.15E+01
253.5	0.00E+00	7.69E-01	4.88E+02	3.17E+01
253.75	0.00E+00	7.55E-01	4.88E+02	3.18E+01
254	0.00E+00	7.41E-01	4.88E+02	3.20E+01
254.25	1.21E+01	7.27E-01	4.91E+02	3.22E+01
254.5	1.21E+01	7.12E-01	4.94E+02	3.24E+01
254.75	1.21E+01	6.98E-01	4.97E+02	3.26E+01
255	1.21E+01	6.83E-01	5.00E+02	3.27E+01
255.25	0.00E+00	6.69E-01	5.00E+02	3.29E+01
255.5	0.00E+00	6.56E-01	5.00E+02	3.31E+01
255.75	0.00E+00	6.46E-01	5.00E+02	3.32E+01
256	0.00E+00	6.41E-01	5.00E+02	3.34E+01
256.25	4.50E+00	6.39E-01	5.01E+02	3.36E+01
256.5	4.50E+00	6.41E-01	5.02E+02	3.37E+01
256.75	4.50E+00	6.45E-01	5.04E+02	3.39E+01
257	4.50E+00	6.51E-01	5.05E+02	3.40E+01
257.25	0.00E+00	6.57E-01	5.05E+02	3.42E+01
257.5	0.00E+00	6.64E-01	5.05E+02	3.44E+01
257.75	0.00E+00	6.72E-01	5.05E+02	3.45E+01
258	0.00E+00	6.80E-01	5.05E+02	3.47E+01
258.25	0.00E+00	6.89E-01	5.05E+02	3.49E+01
258.5	0.00E+00	6.98E-01	5.05E+02	3.51E+01
258.75	0.00E+00	7.06E-01	5.05E+02	3.52E+01
259	0.00E+00	7.14E-01	5.05E+02	3.54E+01
259.25	0.00E+00	7.21E-01	5.05E+02	3.56E+01
259.5	0.00E+00	7.27E-01	5.05E+02	3.58E+01
259.75	0.00E+00	7.32E-01	5.05E+02	3.59E+01
260	0.00E+00	7.36E-01	5.05E+02	3.61E+01
260.25	0.00E+00	7.39E-01	5.05E+02	3.63E+01
260.5	0.00E+00	7.40E-01	5.05E+02	3.65E+01
260.75	0.00E+00	7.41E-01	5.05E+02	3.67E+01
261	0.00E+00	7.41E-01	5.05E+02	3.69E+01
261.25	3.30E+00	7.39E-01	5.05E+02	3.71E+01
261.5	3.30E+00	7.36E-01	5.06E+02	3.72E+01
261.75	3.30E+00	7.33E-01	5.07E+02	3.74E+01
262	3.30E+00	7.28E-01	5.08E+02	3.76E+01
262.25	0.00E+00	7.23E-01	5.08E+02	3.78E+01
262.5	0.00E+00	7.17E-01	5.08E+02	3.80E+01
262.75	0.00E+00	7.11E-01	5.08E+02	3.81E+01
263	0.00E+00	7.05E-01	5.08E+02	3.83E+01
263.25	0.00E+00	7.00E-01	5.08E+02	3.85E+01
263.5	0.00E+00	6.98E-01	5.08E+02	3.87E+01
263.75	0.00E+00	6.96E-01	5.08E+02	3.88E+01
264	0.00E+00	6.95E-01	5.08E+02	3.90E+01
264.25	0.00E+00	6.93E-01	5.08E+02	3.92E+01
264.5	0.00E+00	6.91E-01	5.08E+02	3.94E+01
264.75	0.00E+00	6.89E-01	5.08E+02	3.95E+01
265	0.00E+00	6.86E-01	5.08E+02	3.97E+01
265.25	1.65E+01	6.84E-01	5.12E+02	3.99E+01
265.5	1.65E+01	6.81E-01	5.16E+02	4.01E+01
265.75	1.65E+01	6.78E-01	5.20E+02	4.02E+01
266	1.65E+01	6.74E-01	5.24E+02	4.04E+01
266.25	7.49E+00	6.72E-01	5.26E+02	4.06E+01
266.5	7.49E+00	6.70E-01	5.28E+02	4.07E+01
266.75	7.49E+00	6.72E-01	5.30E+02	4.09E+01
267	7.49E+00	6.79E-01	5.32E+02	4.11E+01
267.25	4.63E+00	6.92E-01	5.33E+02	4.12E+01
267.5	4.63E+00	7.11E-01	5.34E+02	4.14E+01
267.75	4.63E+00	7.34E-01	5.35E+02	4.16E+01
268	4.63E+00	7.77E-01	5.37E+02	4.18E+01
268.25	0.00E+00	8.33E-01	5.37E+02	4.20E+01
268.5	0.00E+00	8.94E-01	5.37E+02	4.22E+01
268.75	0.00E+00	9.54E-01	5.37E+02	4.24E+01
269	0.00E+00	1.01E+00	5.37E+02	4.27E+01
269.25	0.00E+00	1.06E+00	5.37E+02	4.29E+01
269.5	0.00E+00	1.11E+00	5.37E+02	4.32E+01
269.75	0.00E+00	1.15E+00	5.37E+02	4.35E+01
270	0.00E+00	1.18E+00	5.37E+02	4.38E+01
270.25	0.00E+00	1.21E+00	5.37E+02	4.41E+01
270.5	0.00E+00	1.23E+00	5.37E+02	4.44E+01
270.75	0.00E+00	1.25E+00	5.37E+02	4.47E+01
271	0.00E+00	1.26E+00	5.37E+02	4.50E+01
271.25	9.42E-01	1.27E+00	5.37E+02	4.53E+01
271.5	9.42E-01	1.27E+00	5.37E+02	4.56E+01
271.75	9.42E-01	1.27E+00	5.37E+02	4.60E+01
272	9.42E-01	1.28E+00	5.38E+02	4.63E+01
272.25	1.12E+00	1.28E+00	5.38E+02	4.66E+01
272.5	1.12E+00	1.27E+00	5.38E+02	4.69E+01
272.75	1.12E+00	1.27E+00	5.38E+02	4.72E+01
273	1.12E+00	1.27E+00	5.39E+02	4.76E+01
273.25	0.00E+00	1.26E+00	5.39E+02	4.79E+01
273.5	0.00E+00	1.26E+00	5.39E+02	4.82E+01
273.75	0.00E+00	1.25E+00	5.39E+02	4.85E+01
274	0.00E+00	1.25E+00	5.39E+02	4.88E+01
274.25	7.06E-01	1.25E+00	5.39E+02	4.91E+01
274.5	7.06E-01	1.24E+00	5.39E+02	4.94E+01
274.75	7.06E-01	1.23E+00	5.39E+02	4.97E+01
275	7.06E-01	1.23E+00	5.39E+02	5.01E+01
275.25	0.00E+00	1.22E+00	5.39E+02	5.04E+01
275.5	0.00E+00	1.21E+00	5.39E+02	5.07E+01
275.75	0.00E+00	1.21E+00	5.39E+02	5.10E+01
276	0.00E+00	1.20E+00	5.39E+02	5.13E+01
276.25	0.00E+00	1.19E+00	5.39E+02	5.16E+01
276.5	0.00E+00	1.18E+00	5.39E+02	5.19E+01
276.75	0.00E+00	1.17E+00	5.39E+02	5.22E+01
277	0.00E+00	1.16E+00	5.39E+02	5.24E+01
277.25	0.00E+00	1.15E+00	5.39E+02	5.27E+01
277.5	0.00E+00	1.14E+00	5.39E+02	5.30E+01
277.75	0.00E+00	1.13E+00	5.39E+02	5.33E+01
278	0.00E+00	1.12E+00	5.39E+02	5.36E+01
278.25	0.00E+00	1.11E+00	5.39E+02	5.39E+01
278.5	0.00E+00	1.10E+00	5.39E+02	5.41E+01
278.75	0.00E+00	1.09E+00	5.39E+02	5.44E+01
279	0.00E+00	1.07E+00	5.39E+02	5.47E+01
279.25	0.00E+00	1.06E+00	5.39E+02	5.50E+01
279.5	0.00E+00	1.05E+00	5.39E+02	5.52E+01
279.75	0.00E+00	1.03E+00	5.39E+02	5.55E+01
280	0.00E+00	1.02E+00	5.39E+02	5.57E+01
280.25	0.00E+00	1.01E+00	5.39E+02	5.60E+01
280.5	0.00E+00	9.91E-01	5.39E+02	5.62E+01
280.75	0.00E+00	9.77E-01	5.39E+02	5.65E+01
281	0.00E+00	9.63E-01	5.39E+02	5.67E+01
281.25	0.00E+00	9.49E-01	5.39E+02	5.70E+01
281.5	0.00E+00	9.34E-01	5.39E+02	5.72E+01
281.75	0.00E+00	9.19E-01	5.39E+02	5.74E+01
282	0.00E+00	9.08E-01	5.39E+02	5.77E+01
282.25	0.00E+00	9.01E-01	5.39E+02	5.79E+01
282.5	0.00E+00	8.94E-01	5.39E+02	5.81E+01
282.75	0.00E+00	8.87E-01	5.39E+02	5.83E+01
283	0.00E+00	8.81E-01	5.39E+02	5.86E+01
283.25	0.00E+00	8.74E-01	5.39E+02	5.88E+01
283.5	0.00E+00	8.68E-01	5.39E+02	5.90E+01
283.75	0.00E+00	8.61E-01	5.39E+02	5.92E+01
284	0.00E+00	8.55E-01	5.39E+02	5.94E+01
284.25	0.00E+00	8.48E-01	5.39E+02	5.96E+01
284.5	0.00E+00	8.42E-01	5.39E+02	5.98E+01
284.75	0.00E+00	8.35E-01	5.39E+02	6.01E+01
285	0.00E+00	8.29E-01	5.39E+02	6.03E+01
285.25	0.00E+00	8.22E-01	5.39E+02	6.05E+01
285.5	0.00E+00	8.16E-01	5.39E+02	6.07E+01
285.75	0.00E+00	8.09E-01	5.39E+02	6.09E+01
286	0.00E+00	8.03E-01	5.39E+02	6.11E+01
286.25	0.00E+00	7.96E-01	5.39E+02	6.13E+01
286.5	0.00E+00	7.89E-01	5.39E+02	6.15E+01
286.75	0.00E+00	7.83E-01	5.39E+02	6.17E+01
287	0.00E+00	7.76E-01	5.39E+02	6.19E+01
287.25	0.00E+00	7.69E-01	5.39E+02	6.21E+01
287.5	0.00E+00	7.62E-01	5.39E+02	6.23E+01
287.75	0.00E+00	7.55E-01	5.39E+02	6.24E+01
288	0.00E+00	7.49E-01	5.39E+02	6.26E+01
288.25	5.00E+00	7.42E-01	5.41E+02	6.28E+01
288.5	5.00E+00	7.35E-01	5.42E+02	6.30E+01
288.75	5.00E+00	7.28E-01	5.43E+02	6.32E+01
289	5.00E+00	7.21E-01	5.44E+02	6.34E+01
289.25	0.00E+00	7.14E-01	5.44E+02	6.35E+01
289.5	0.00E+00	7.07E-01	5.44E+02	6.37E+01
289.75	0.00E+00	7.01E-01	5.44E+02	6.39E+01
290	0.00E+00	6.95E-01	5.44E+02	6.41E+01
290.25	1.21E+01	6.89E-01	5.47E+02	6.42E+01
290.5	1.21E+01	6.85E-01	5.50E+02	6.44E+01
290.75	1.21E+01	6.81E-01	5.53E+02	6.46E+01
291	1.21E+01	6.78E-01	5.56E+02	6.48E+01
291.25	3.47E-01	6.76E-01	5.57E+02	6.49E+01
291.5	3.47E-01	6.75E-01	5.57E+02	6.51E+01
291.75	3.47E-01	6.76E-01	5.57E+02	6.53E+01
292	3.47E-01	6.80E-01	5.57E+02	6.54E+01
292.25	0.00E+00	6.88E-01	5.57E+02	6.56E+01
292.5	0.00E+00	7.00E-01	5.57E+02	6.58E+01
292.75	0.00E+00	7.15E-01	5.57E+02	6.60E+01
293	0.00E+00	7.32E-01	5.57E+02	6.61E+01
293.25	2.79E+01	7.50E-01	5.64E+02	6.63E+01
293.5	2.79E+01	7.67E-01	5.71E+02	6.65E+01
293.75	2.79E+01	7.84E-01	5.78E+02	6.67E+01
294	2.79E+01	8.00E-01	5.85E+02	6.69E+01
294.25	0.00E+00	8.19E-01	5.85E+02	6.71E+01
294.5	0.00E+00	8.51E-01	5.85E+02	6.73E+01
294.75	0.00E+00	9.07E-01	5.85E+02	6.75E+01
295	0.00E+00	9.86E-01	5.85E+02	6.78E+01
295.25	0.00E+00	1.14E+00	5.85E+02	6.80E+01
295.5	0.00E+00	1.31E+00	5.85E+02	6.83E+01
295.75	0.00E+00	1.45E+00	5.85E+02	6.87E+01
296	0.00E+00	1.57E+00	5.85E+02	6.91E+01
296.25	0.00E+00	1.66E+00	5.85E+02	6.95E+01
296.5	0.00E+00	1.73E+00	5.85E+02	6.99E+01
296.75	0.00E+00	1.79E+00	5.85E+02	7.03E+01
297	0.00E+00	1.83E+00	5.85E+02	7.08E+01
297.25	0.00E+00	1.89E+00	5.85E+02	7.13E+01
297.5	0.00E+00	1.93E+00	5.85E+02	7.17E+01
297.75	0.00E+00	1.95E+00	5.85E+02	7.22E+01
298	0.00E+00	1.96E+00	5.85E+02	7.27E+01
298.25	0.00E+00	1.97E+00	5.85E+02	7.32E+01
298.5	0.00E+00	1.96E+00	5.85E+02	7.37E+01
298.75	0.00E+00	1.95E+00	5.85E+02	7.42E+01
299	0.00E+00	1.94E+00	5.85E+02	7.47E+01
299.25	0.00E+00	1.91E+00	5.85E+02	7.51E+01
299.5	0.00E+00	1.89E+00	5.85E+02	7.56E+01
299.75	0.00E+00	1.88E+00	5.85E+02	7.61E+01
300	0.00E+00	1.86E+00	5.85E+02	7.66E+01
300.25	2.70E+00	1.85E+00	5.86E+02	7.70E+01
300.5	2.70E+00	1.83E+00	5.86E+02	7.75E+01
300.75	2.70E+00	1.82E+00	5.87E+02	7.79E+01
301	2.70E+00	1.80E+00	5.88E+02	7.84E+01
301.25	0.00E+00	1.78E+00	5.88E+02	7.88E+01
301.5	0.00E+00	1.77E+00	5.88E+02	7.93E+01
301.75	0.00E+00	1.76E+00	5.88E+02	7.97E+01
302	0.00E+00	1.75E+00	5.88E+02	8.02E+01
302.25	6.51E-01	1.74E+00	5.88E+02	8.06E+01
302.5	6.51E-01	1.73E+00	5.88E+02	8.10E+01
302.75	6.51E-01	1.72E+00	5.88E+02	8.15E+01
303	6.51E-01	1.71E+00	5.88E+02	8.19E+01
303.25	0.00E+00	1.70E+00	5.88E+02	8.23E+01
303.5	0.00E+00	1.69E+00	5.88E+02	8.27E+01
303.75	0.00E+00	1.68E+00	5.88E+02	8.32E+01
304	0.00E+00	1.67E+00	5.88E+02	8.36E+01
304.25	0.00E+00	1.66E+00	5.88E+02	8.40E+01
304.5	0.00E+00	1.65E+00	5.88E+02	8.44E+01
304.75	0.00E+00	1.64E+00	5.88E+02	8.48E+01
305	0.00E+00	1.63E+00	5.88E+02	8.52E+01
305.25	5.46E+00	1.62E+00	5.90E+02	8.56E+01
305.5	5.46E+00	1.61E+00	5.91E+02	8.60E+01
305.75	5.46E+00	1.60E+00	5.92E+02	8.64E+01
306	5.46E+00	1.58E+00	5.94E+02	8.68E+01
306.25	1.92E+00	1.57E+00	5.94E+02	8.72E+01
306.5	1.92E+00	1.56E+00	5.95E+02	8.76E+01
306.75	1.92E+00	1.56E+00	5.95E+02	8.80E+01
307	1.92E+00	1.55E+00	5.96E+02	8.84E+01
307.25	0.00E+00	1.55E+00	5.96E+02	8.88E+01
307.5	0.00E+00	1.56E+00	5.96E+02	8.92E+01
307.75	0.00E+00	1.57E+00	5.96E+02	8.96E+01
308	0.00E+00	1.58E+00	5.96E+02	9.00E+01
308.25	0.00E+00	1.59E+00	5.96E+02	9.04E+01
308.5	0.00E+00	1.59E+00	5.96E+02	9.08E+01
308.75	0.00E+00	1.60E+00	5.96E+02	9.12E+01
309	0.00E+00	1.61E+00	5.96E+02	9.16E+01
309.25	0.00E+00	1.61E+00	5.96E+02	9.20E+01
309.5	0.00E+00	1.61E+00	5.96E+02	9.24E+01
309.75	0.00E+00	1.61E+00	5.96E+02	9.28E+01
310	0.00E+00	1.61E+00	5.96E+02	9.32E+01
310.25	4.18E+00	1.60E+00	5.97E+02	9.36E+01
310.5	4.18E+00	1.60E+00	5.98E+02	9.40E+01
310.75	4.18E+00	1.59E+00	5.99E+02	9.44E+01
311	4.18E+00	1.58E+00	6.00E+02	9.48E+01
311.25	4.33E-01	1.57E+00	6.00E+02	9.52E+01
311.5	4.33E-01	1.57E+00	6.00E+02	9.55E+01
311.75	4.33E-01	1.56E+00	6.00E+02	9.59E+01
312	4.33E-01	1.56E+00	6.00E+02	9.63E+01
312.25	0.00E+00	1.56E+00	6.00E+02	9.67E+01
312.5	0.00E+00	1.56E+00	6.00E+02	9.71E+01
312.75	0.00E+00	1.56E+00	6.00E+02	9.75E+01
313	0.00E+00	1.57E+00	6.00E+02	9.79E+01
313.25	9.47E-01	1.57E+00	6.00E+02	9.83E+01
313.5	9.47E-01	1.57E+00	6.01E+02	9.87E+01
313.75	9.47E-01	1.57E+00	6.01E+02	9.91E+01
314	9.47E-01	1.57E+00	6.01E+02	9.95E+01
314.25	3.40E+00	1.57E+00	6.02E+02	9.99E+01
314.5	3.40E+00	1.56E+00	6.03E+02	1.00E+02
314.75	3.40E+00	1.56E+00	6.04E+02	1.01E+02
315	3.40E+00	1.55E+00	6.05E+02	1.01E+02
315.25	0.00E+00	1.55E+00	6.05E+02	1.01E+02
315.5	0.00E+00	1.55E+00	6.05E+02	1.02E+02
315.75	0.00E+00	1.55E+00	6.05E+02	1.02E+02
316	0.00E+00	1.55E+00	6.05E+02	1.03E+02
316.25	1.94E+00	1.55E+00	6.05E+02	1.03E+02
316.5	1.94E+00	1.55E+00	6.05E+02	1.03E+02
316.75	1.94E+00	1.55E+00	6.06E+02	1.04E+02
317	1.94E+00	1.56E+00	6.06E+02	1.04E+02
317.25	6.47E-01	1.56E+00	6.07E+02	1.05E+02
317.5	6.47E-01	1.56E+00	6.07E+02	1.05E+02
317.75	6.47E-01	1.56E+00	6.07E+02	1.05E+02
318	6.47E-01	1.56E+00	6.07E+02	1.06E+02
318.25	3.38E-07	1.57E+00	6.07E+02	1.06E+02
318.5	4.64E-06	1.57E+00	6.07E+02	1.06E+02
318.75	0.00E+00	1.57E+00	6.07E+02	1.07E+02
319	7.05E-06	1.57E+00	6.07E+02	1.07E+02
319.25	0.00E+00	1.57E+00	6.07E+02	1.08E+02
319.5	0.00E+00	1.57E+00	6.07E+02	1.08E+02
319.75	0.00E+00	1.57E+00	6.07E+02	1.08E+02
320	0.00E+00	1.57E+00	6.07E+02	1.09E+02
320.25	0.00E+00	1.56E+00	6.07E+02	1.09E+02
320.5	0.00E+00	1.56E+00	6.07E+02	1.10E+02
320.75	0.00E+00	1.55E+00	6.07E+02	1.10E+02
321	0.00E+00	1.55E+00	6.07E+02	1.10E+02
321.25	1.07E+01	1.54E+00	6.10E+02	1.11E+02
321.5	1.07E+01	1.53E+00	6.12E+02	1.11E+02
321.75	1.07E+01	1.52E+00	6.15E+02	1.12E+02
322	1.07E+01	1.51E+00	6.18E+02	1.12E+02
322.25	4.08E+01	1.50E+00	6.28E+02	1.12E+02
322.5	4.08E+01	1.50E+00	6.38E+02	1.13E+02
322.75	4.08E+01	1.50E+00	6.48E+02	1.13E+02
323	4.08E+01	1.55E+00	6.59E+02	1.13E+02
323.25	3.75E+00	1.73E+00	6.60E+02	1.14E+02
323.5	3.75E+00	2.20E+00	6.60E+02	1.14E+02
323.75	3.75E+00	3.23E+00	6.61E+02	1.15E+02
324	3.75E+00	4.21E+00	6.62E+02	1.16E+02
324.25	5.57E-01	5.24E+00	6.62E+02	1.17E+02
324.5	5.57E-01	5.90E+00	6.63E+02	1.19E+02
324.75	5.57E-01	6.30E+00	6.63E+02	1.20E+02
325	5.57E-01	6.52E+00	6.63E+02	1.22E+02
325.25	2.10E+00	6.63E+00	6.63E+02	1.23E+02
325.5	2.10E+00	6.65E+00	6.64E+02	1.25E+02
325.75	2.10E+00	6.62E+00	6.64E+02	1.27E+02
326	2.10E+00	6.57E+00	6.65E+02	1.28E+02
326.25	1.99E+00	6.50E+00	6.66E+02	1.30E+02
326.5	1.99E+00	6.42E+00	6.66E+02	1.32E+02
326.75	1.99E+00	6.34E+00	6.67E+02	1.33E+02
327	1.99E+00	6.26E+00	6.67E+02	1.35E+02
327.25	0.00E+00	6.17E+00	6.67E+02	1.36E+02
327.5	0.00E+00	6.07E+00	6.67E+02	1.38E+02
327.75	0.00E+00	5.97E+00	6.67E+02	1.39E+02
328	0.00E+00	5.86E+00	6.67E+02	1.41E+02
328.25	0.00E+00	5.75E+00	6.67E+02	1.42E+02
328.5	3.36E-06	5.62E+00	6.67E+02	1.44E+02
328.75	2.14E-06	5.48E+00	6.67E+02	1.45E+02
329	0.00E+00	5.34E+00	6.67E+02	1.46E+02
329.25	8.63E-06	5.20E+00	6.67E+02	1.48E+02
329.5	0.00E+00	5.06E+00	6.67E+02	1.49E+02
329.75	2.26E-06	4.91E+00	6.67E+02	1.50E+02
330	6.56E-06	4.77E+00	6.67E+02	1.51E+02
330.25	6.30E+00	4.62E+00	6.69E+02	1.53E+02
330.5	6.30E+00	4.48E+00	6.70E+02	1.54E+02
330.75	6.30E+00	4.35E+00	6.72E+02	1.55E+02
331	6.30E+00	4.28E+00	6.73E+02	1.56E+02
331.25	1.81E-01	4.24E+00	6.73E+02	1.57E+02
331.5	1.81E-01	4.22E+00	6.73E+02	1.58E+02
331.75	1.81E-01	4.21E+00	6.73E+02	1.59E+02
332	1.81E-01	4.21E+00	6.73E+02	1.60E+02
332.25	5.20E+00	4.21E+00	6.75E+02	1.61E+02
332.5	5.20E+00	4.20E+00	6.76E+02	1.62E+02
332.75	5.20E+00	4.18E+00	6.77E+02	1.63E+02
333	5.20E+00	4.16E+00	6.79E+02	1.64E+02
333.25	1.37E-01	4.15E+00	6.79E+02	1.65E+02
333.5	1.37E-01	4.16E+00	6.79E+02	1.66E+02
333.75	1.37E-01	4.16E+00	6.79E+02	1.67E+02
334	1.37E-01	4.17E+00	6.79E+02	1.68E+02
334.25	0.00E+00	4.17E+00	6.79E+02	1.70E+02
334.5	0.00E+00	4.17E+00	6.79E+02	1.71E+02
334.75	0.00E+00	4.15E+00	6.79E+02	1.72E+02
335	0.00E+00	4.12E+00	6.79E+02	1.73E+02
335.25	0.00E+00	4.09E+00	6.79E+02	1.74E+02
335.5	0.00E+00	4.05E+00	6.79E+02	1.75E+02
335.75	0.00E+00	4.00E+00	6.79E+02	1.76E+02
336	0.00E+00	3.95E+00	6.79E+02	1.77E+02
336.25	0.00E+00	3.90E+00	6.79E+02	1.78E+02
336.5	1.78E-06	3.84E+00	6.79E+02	1.79E+02
336.75	4.92E-06	3.78E+00	6.79E+02	1.80E+02
337	1.82E-06	3.72E+00	6.79E+02	1.81E+02
337.25	0.00E+00	3.67E+00	6.79E+02	1.81E+02
337.5	0.00E+00	3.60E+00	6.79E+02	1.82E+02
337.75	0.00E+00	3.54E+00	6.79E+02	1.83E+02
338	0.00E+00	3.48E+00	6.79E+02	1.84E+02
338.25	1.37E-01	3.42E+00	6.79E+02	1.85E+02
338.5	1.37E-01	3.36E+00	6.79E+02	1.86E+02
338.75	1.37E-01	3.30E+00	6.79E+02	1.87E+02
339	1.37E-01	3.24E+00	6.79E+02	1.87E+02
339.25	0.00E+00	3.18E+00	6.79E+02	1.88E+02
339.5	0.00E+00	3.12E+00	6.79E+02	1.89E+02
339.75	0.00E+00	3.06E+00	6.79E+02	1.90E+02
340	0.00E+00	3.00E+00	6.79E+02	1.91E+02
340.25	1.77E-06	2.94E+00	6.79E+02	1.91E+02
340.5	1.34E-05	2.88E+00	6.79E+02	1.92E+02
340.75	8.87E-06	2.83E+00	6.79E+02	1.93E+02
341	2.09E-06	2.77E+00	6.79E+02	1.93E+02
341.25	0.00E+00	2.72E+00	6.79E+02	1.94E+02
341.5	0.00E+00	2.66E+00	6.79E+02	1.95E+02
341.75	0.00E+00	2.63E+00	6.79E+02	1.96E+02
342	0.00E+00	2.60E+00	6.79E+02	1.96E+02
342.25	0.00E+00	2.57E+00	6.79E+02	1.97E+02
342.5	0.00E+00	2.55E+00	6.79E+02	1.97E+02
342.75	0.00E+00	2.52E+00	6.79E+02	1.98E+02
343	0.00E+00	2.49E+00	6.79E+02	1.99E+02
343.25	0.00E+00	2.46E+00	6.79E+02	1.99E+02
343.5	1.18E-05	2.44E+00	6.79E+02	2.00E+02
343.75	4.32E-07	2.41E+00	6.79E+02	2.01E+02
344	0.00E+00	2.38E+00	6.79E+02	2.01E+02
344.25	0.00E+00	2.36E+00	6.79E+02	2.02E+02
344.5	0.00E+00	2.33E+00	6.79E+02	2.02E+02
344.75	0.00E+00	2.31E+00	6.79E+02	2.03E+02
345	0.00E+00	2.28E+00	6.79E+02	2.03E+02
345.25	0.00E+00	2.25E+00	6.79E+02	2.04E+02
345.5	0.00E+00	2.23E+00	6.79E+02	2.05E+02
345.75	0.00E+00	2.20E+00	6.79E+02	2.05E+02
346	0.00E+00	2.18E+00	6.79E+02	2.06E+02
346.25	0.00E+00	2.16E+00	6.79E+02	2.06E+02
346.5	0.00E+00	2.13E+00	6.79E+02	2.07E+02
346.75	0.00E+00	2.11E+00	6.79E+02	2.07E+02
347	0.00E+00	2.08E+00	6.79E+02	2.08E+02
347.25	0.00E+00	2.06E+00	6.79E+02	2.08E+02
347.5	0.00E+00	2.03E+00	6.79E+02	2.09E+02
347.75	0.00E+00	2.01E+00	6.79E+02	2.09E+02
348	0.00E+00	1.99E+00	6.79E+02	2.10E+02
348.25	0.00E+00	1.96E+00	6.79E+02	2.10E+02
348.5	0.00E+00	1.94E+00	6.79E+02	2.11E+02
348.75	0.00E+00	1.92E+00	6.79E+02	2.11E+02
349	0.00E+00	1.89E+00	6.79E+02	2.12E+02
349.25	0.00E+00	1.87E+00	6.79E+02	2.12E+02
349.5	0.00E+00	1.85E+00	6.79E+02	2.13E+02
349.75	0.00E+00	1.82E+00	6.79E+02	2.13E+02
350	0.00E+00	1.80E+00	6.79E+02	2.14E+02
350.25	1.65E+00	1.78E+00	6.79E+02	2.14E+02
350.5	1.65E+00	1.76E+00	6.80E+02	2.15E+02
350.75	1.65E+00	1.73E+00	6.80E+02	2.15E+02
351	1.65E+00	1.71E+00	6.81E+02	2.15E+02
351.25	2.25E+01	1.69E+00	6.86E+02	2.16E+02
351.5	2.25E+01	1.67E+00	6.92E+02	2.16E+02
351.75	2.25E+01	1.65E+00	6.98E+02	2.17E+02
352	2.25E+01	1.63E+00	7.03E+02	2.17E+02
352.25	5.18E-01	1.62E+00	7.03E+02	2.17E+02
352.5	5.18E-01	1.64E+00	7.03E+02	2.18E+02
352.75	5.18E-01	1.69E+00	7.04E+02	2.18E+02
353	5.18E-01	1.80E+00	7.04E+02	2.19E+02
353.25	8.94E-06	1.94E+00	7.04E+02	2.19E+02
353.5	2.31E-06	2.09E+00	7.04E+02	2.20E+02
353.75	1.18E-05	2.23E+00	7.04E+02	2.20E+02
354	2.61E-06	2.34E+00	7.04E+02	2.21E+02
354.25	1.35E-05	2.44E+00	7.04E+02	2.21E+02
354.5	0.00E+00	2.52E+00	7.04E+02	2.22E+02
354.75	0.00E+00	2.58E+00	7.04E+02	2.23E+02
355	1.54E-05	2.63E+00	7.04E+02	2.23E+02
355.25	2.45E-06	2.66E+00	7.04E+02	2.24E+02
355.5	0.00E+00	2.69E+00	7.04E+02	2.25E+02
355.75	0.00E+00	2.70E+00	7.04E+02	2.25E+02
356	7.06E-07	2.71E+00	7.04E+02	2.26E+02
356.25	7.49E+00	2.71E+00	7.06E+02	2.27E+02
356.5	7.49E+00	2.71E+00	7.07E+02	2.27E+02
356.75	7.49E+00	2.70E+00	7.09E+02	2.28E+02
357	7.49E+00	2.70E+00	7.11E+02	2.29E+02
357.25	0.00E+00	2.69E+00	7.11E+02	2.29E+02
357.5	0.00E+00	2.70E+00	7.11E+02	2.30E+02
357.75	0.00E+00	2.71E+00	7.11E+02	2.31E+02
358	0.00E+00	2.73E+00	7.11E+02	2.31E+02
358.25	1.59E+01	2.76E+00	7.15E+02	2.32E+02
358.5	1.59E+01	2.80E+00	7.19E+02	2.33E+02
358.75	1.59E+01	2.84E+00	7.23E+02	2.34E+02
359	1.59E+01	2.88E+00	7.27E+02	2.34E+02
359.25	0.00E+00	2.95E+00	7.27E+02	2.35E+02
359.5	0.00E+00	3.09E+00	7.27E+02	2.36E+02
359.75	0.00E+00	3.29E+00	7.27E+02	2.37E+02
360	0.00E+00	3.51E+00	7.27E+02	2.37E+02
360.25	6.57E-06	3.71E+00	7.27E+02	2.38E+02
360.5	1.01E-05	3.87E+00	7.27E+02	2.39E+02
360.75	9.84E-07	3.98E+00	7.27E+02	2.40E+02
361	0.00E+00	4.06E+00	7.27E+02	2.41E+02
361.25	2.36E+00	4.10E+00	7.28E+02	2.42E+02
361.5	2.36E+00	4.13E+00	7.28E+02	2.43E+02
361.75	2.36E+00	4.13E+00	7.29E+02	2.44E+02
362	2.36E+00	4.12E+00	7.29E+02	2.45E+02
362.25	7.26E+00	4.11E+00	7.31E+02	2.46E+02
362.5	7.26E+00	4.09E+00	7.33E+02	2.47E+02
362.75	7.26E+00	4.07E+00	7.35E+02	2.48E+02
363	7.26E+00	4.07E+00	7.37E+02	2.49E+02
363.25	3.04E-01	4.08E+00	7.37E+02	2.50E+02
363.5	3.04E-01	4.11E+00	7.37E+02	2.51E+02
363.75	3.04E-01	4.16E+00	7.37E+02	2.52E+02
364	3.04E-01	4.21E+00	7.37E+02	2.54E+02
364.25	4.00E-01	4.25E+00	7.37E+02	2.55E+02
364.5	4.00E-01	4.28E+00	7.37E+02	2.56E+02
364.75	4.00E-01	4.29E+00	7.37E+02	2.57E+02
365	4.00E-01	4.28E+00	7.37E+02	2.58E+02
