title = "dataset bench13-1a"
variables = "time[day]","SOM-p1[mol/litre]","SOM-p2[mol/litre]","biomass1[mol/litre]","pH","pCO2"
zone t = "T_j, volume =     2", f=point
1.825	0.200740987	0.083698277	0.085696445	4.63031	5.92E-04
3.65	0.193580884	0.084014653	0.08789443	4.48327	1.17E-03
5.475	0.186820415	0.084281076	0.089942553	4.39873	1.72E-03
7.3	0.180459579	0.084522521	0.091857464	4.33972	2.26E-03
9.125	0.174465074	0.084722338	0.093639164	4.29467	2.78E-03
10.95	0.168811922	0.084888852	0.095304304	4.25841	3.28E-03
12.775	0.163491799	0.085022063	0.096852885	4.22821	3.77E-03
14.6	0.158471401	0.085121972	0.098293231	4.20241	4.25E-03
16.425	0.153734077	0.085205229	0.099633669	4.17996	4.71E-03
18.25	0.149279827	0.085255183	0.100874199	4.16014	5.16E-03
20.075	0.145075348	0.08528016	0.102031471	4.14243	5.60E-03
21.9	0.141112314	0.085288486	0.103097161	4.12646	6.03E-03
23.725	0.137374074	0.085271834	0.104087919	4.11193	6.45E-03
25.55	0.133852302	0.085238531	0.105003747	4.09863	6.86E-03
27.375	0.130530347	0.085180251	0.105852968	4.08637	7.25E-03
29.2	0.127399883	0.085113646	0.106635584	4.07502	7.64E-03
31.025	0.124444259	0.085022063	0.107351594	4.06446	8.03E-03
32.85	0.121655149	0.084922155	0.108009325	4.0546	8.40E-03
34.675	0.119024228	0.084805595	0.108617101	4.04534	8.76E-03
36.5	0.116551494	0.084680709	0.109174923	4.03663	9.12E-03
38.325	0.114211972	0.084539172	0.109682791	4.02841	9.48E-03
40.15	0.111997336	0.08438931	0.110140704	4.02062	9.82E-03
41.975	0.10991591	0.084222796	0.110556989	4.01323	1.02E-02
43.8	0.107951045	0.084047956	0.110939972	4.0062	1.05E-02
45.625	0.106094413	0.083873116	0.111273	3.9995	1.08E-02
47.45	0.10433769	0.083681625	0.111581051	3.99309	1.11E-02
49.275	0.102689202	0.083490134	0.111855799	3.98696	1.15E-02
51.1	0.10112397	0.083281992	0.112097244	3.98108	1.18E-02
52.925	0.099650321	0.083074682	0.112305387	3.97543	1.21E-02
54.75	0.098251603	0.082859878	0.112488552	3.96999	1.24E-02
56.575	0.096936142	0.082638415	0.11264674	3.96475	1.27E-02
58.4	0.095687287	0.082412788	0.112788277	3.95969	1.30E-02
60.225	0.094513363	0.082182999	0.112896512	3.95481	1.33E-02
62.05	0.093397719	0.081948214	0.112988094	3.95008	1.36E-02
63.875	0.09234868	0.081710099	0.1130547	3.9455	1.39E-02
65.7	0.091349596	0.081468654	0.11311298	3.94106	1.42E-02
67.525	0.090408792	0.081223878	0.113146283	3.93675	1.45E-02
69.35	0.089517942	0.080975772	0.113162934	3.93257	1.47E-02
71.175	0.088677046	0.080726001	0.113162934	3.92849	1.50E-02
73	0.087877779	0.080473732	0.113154608	3.92453	1.53E-02
74.825	0.08712014	0.080219799	0.113129631	3.92067	1.56E-02
76.65	0.08640413	0.079964199	0.113096328	3.9169	1.58E-02
78.475	0.085729748	0.079706935	0.113046374	3.91323	1.61E-02
80.3	0.085080343	0.079448006	0.112988094	3.90964	1.64E-02
82.125	0.084472567	0.079188244	0.112913163	3.90614	1.66E-02
83.95	0.083898093	0.078928482	0.112838232	3.90271	1.69E-02
85.775	0.083348597	0.078667055	0.112746649	3.89935	1.72E-02
87.6	0.082824078	0.078404796	0.11264674	3.89607	1.74E-02
89.425	0.082329531	0.078143369	0.112546832	3.89285	1.77E-02
91.25	0.081859129	0.077880276	0.112430272	3.8897	1.80E-02
93.075	0.081412039	0.077618017	0.112313712	3.88661	1.82E-02
94.9	0.080986596	0.077355757	0.112188827	3.88357	1.85E-02
96.725	0.080581967	0.077093498	0.112055616	3.8806	1.87E-02
98.55	0.080197319	0.076831238	0.111922404	3.87768	1.90E-02
100.375	0.079830988	0.076568978	0.111780868	3.8748	1.92E-02
102.2	0.079482141	0.076307551	0.111639331	3.87198	1.95E-02
104.025	0.079149113	0.076046957	0.111489468	3.86921	1.97E-02
105.85	0.078831904	0.075786363	0.11133128	3.86648	2.00E-02
107.675	0.078528849	0.075527433	0.111173091	3.8638	2.02E-02
109.5	0.078239947	0.075268504	0.111014903	3.86116	2.05E-02
111.325	0.077964366	0.075010407	0.110848389	3.85856	2.07E-02
113.15	0.077700441	0.074753143	0.110681875	3.856	2.10E-02
114.975	0.077448173	0.074496711	0.110515361	3.85348	2.12E-02
116.8	0.077206727	0.074241112	0.110340521	3.85099	2.15E-02
118.625	0.076975273	0.073987178	0.110165681	3.84854	2.17E-02
120.45	0.076753809	0.073734077	0.109990842	3.84613	2.19E-02
122.275	0.076541504	0.073481808	0.109816002	3.84374	2.22E-02
124.1	0.076337524	0.073231205	0.109641162	3.8414	2.24E-02
125.925	0.07614187	0.072981434	0.109457997	3.83908	2.27E-02
127.75	0.075954542	0.072733328	0.109274831	3.83679	2.29E-02
129.575	0.075773874	0.072486054	0.109091666	3.83453	2.31E-02
131.4	0.075599867	0.072239614	0.108908501	3.8323	2.34E-02
133.225	0.07543252	0.071995671	0.108725335	3.8301	2.36E-02
135.05	0.075271002	0.071751728	0.10854217	3.82793	2.39E-02
136.875	0.075116144	0.071510282	0.108350679	3.82578	2.41E-02
138.7	0.074966281	0.071269669	0.108167513	3.82366	2.43E-02
140.525	0.074821414	0.071029889	0.107984348	3.82156	2.46E-02
142.35	0.074681542	0.070792607	0.107792857	3.81949	2.48E-02
144.175	0.074545833	0.070556157	0.107609691	3.81744	2.50E-02
146	0.074415119	0.070321372	0.1074182	3.81542	2.53E-02
147.825	0.074288569	0.07008742	0.107235035	3.81341	2.55E-02
149.65	0.074166181	0.069855133	0.107043543	3.81143	2.57E-02
151.475	0.074047123	0.069624511	0.106860378	3.80947	2.60E-02
153.3	0.073931396	0.069395554	0.106668887	3.80754	2.62E-02
155.125	0.073818999	0.069168262	0.106485721	3.80562	2.64E-02
156.95	0.073709933	0.068941803	0.10629423	3.80372	2.67E-02
158.775	0.073604196	0.068717009	0.106111065	3.80184	2.69E-02
160.6	0.073500957	0.068493881	0.105927899	3.79998	2.71E-02
162.425	0.073400216	0.068271584	0.105736408	3.79814	2.74E-02
164.25	0.073301973	0.068050953	0.105553243	3.79632	2.76E-02
166.075	0.073206228	0.06783282	0.105370077	3.79452	2.78E-02
167.9	0.07311298	0.067614687	0.105186912	3.79273	2.81E-02
169.725	0.07302223	0.067399051	0.105003747	3.79096	2.83E-02
171.55	0.072933145	0.067184248	0.104820581	3.78921	2.85E-02
173.375	0.072846557	0.066971942	0.104637416	3.78748	2.87E-02
175.2	0.072761635	0.066759637	0.10445425	3.78576	2.90E-02
177.025	0.072677546	0.066549829	0.104271085	3.78406	2.92E-02
178.85	0.072595954	0.066341687	0.104087919	3.78237	2.94E-02
180.675	0.072516027	0.066134377	0.10391308	3.7807	2.96E-02
182.5	0.072437765	0.065928732	0.103729914	3.77904	2.99E-02
184.325	0.072361169	0.06572392	0.103555075	3.7774	3.01E-02
186.15	0.072285405	0.065521605	0.103380235	3.77577	3.03E-02
187.975	0.072211306	0.065320123	0.103197069	3.77415	3.06E-02
189.8	0.07213804	0.065120306	0.10302223	3.77255	3.08E-02
191.625	0.072066439	0.064921322	0.10284739	3.77097	3.10E-02
193.45	0.071996503	0.064724003	0.10267255	3.7694	3.12E-02
195.275	0.071926567	0.064528349	0.10249771	3.76784	3.15E-02
197.1	0.071858297	0.06433436	0.102331196	3.76629	3.17E-02
198.925	0.071791691	0.064141204	0.102156357	3.76476	3.19E-02
200.75	0.071725085	0.063949713	0.101981517	3.76323	3.21E-02
202.575	0.071660145	0.063759887	0.101815003	3.76173	3.24E-02
204.4	0.071595204	0.063570893	0.101648489	3.76023	3.26E-02
206.225	0.071531929	0.063383565	0.101473649	3.75874	3.28E-02
208.05	0.071469486	0.063197069	0.101307135	3.75727	3.30E-02
209.875	0.071407876	0.063012239	0.101140621	3.75581	3.32E-02
211.7	0.071346266	0.062829073	0.100974107	3.75436	3.35E-02
213.525	0.071286321	0.062647573	0.100815919	3.75292	3.37E-02
215.35	0.071226376	0.062466905	0.100649405	3.75149	3.39E-02
217.175	0.071168096	0.06228707	0.100482891	3.75008	3.41E-02
219	0.071109816	0.0621089	0.100324702	3.74867	3.44E-02
220.825	0.071052369	0.061932395	0.100166514	3.74728	3.46E-02
222.65	0.070995754	0.061756723	0.1	3.74589	3.48E-02
224.475	0.070939139	0.061582716	0.099841812	3.74452	3.50E-02
226.3	0.070883357	0.061409541	0.099683623	3.74315	3.52E-02
228.125	0.070828407	0.061238032	0.099525435	3.7418	3.55E-02
229.95	0.07077429	0.061067355	0.099367247	3.74045	3.57E-02
231.775	0.070720173	0.060898343	0.099217384	3.73911	3.59E-02
233.6	0.070666889	0.060730997	0.099059196	3.73779	3.61E-02
235.425	0.070613604	0.06056365	0.098909333	3.73647	3.63E-02
237.25	0.070561152	0.060398801	0.098751145	3.73516	3.66E-02
239.075	0.070509533	0.060234785	0.098601282	3.73387	3.68E-02
240.9	0.070457914	0.060071601	0.09845142	3.73258	3.70E-02
242.725	0.070407127	0.05990925	0.098301557	3.7313	3.72E-02
244.55	0.07035634	0.059748564	0.098151694	3.73002	3.74E-02
246.375	0.070306386	0.059589543	0.098001832	3.72876	3.77E-02
248.2	0.070256432	0.059431355	0.097851969	3.72751	3.79E-02
250.025	0.07020731	0.059273999	0.097710432	3.72626	3.81E-02
251.85	0.070159021	0.059118308	0.097560569	3.72502	3.83E-02
253.675	0.070110732	0.05896345	0.097419033	3.72379	3.85E-02
255.5	0.070062443	0.058810257	0.097277496	3.72257	3.87E-02
257.325	0.070014986	0.058657064	0.097127633	3.72136	3.90E-02
259.15	0.06996753	0.058506369	0.096986096	3.72015	3.92E-02
260.975	0.069920906	0.058355674	0.096844559	3.71895	3.94E-02
262.8	0.069874282	0.058206644	0.096703022	3.71776	3.96E-02
264.625	0.069828491	0.058058446	0.096569811	3.71658	3.98E-02
266.45	0.069782699	0.057911914	0.096428274	3.7154	4.00E-02
268.275	0.069736908	0.057766214	0.096286737	3.71423	4.03E-02
270.1	0.069691949	0.057621347	0.096153526	3.71307	4.05E-02
271.925	0.06964699	0.057477312	0.096020315	3.71192	4.07E-02
273.75	0.069602864	0.057334943	0.095878778	3.71077	4.09E-02
275.575	0.069558738	0.057193406	0.095745567	3.70963	4.11E-02
277.4	0.069514612	0.057052702	0.095612355	3.7085	4.13E-02
279.225	0.069471318	0.056913662	0.095479144	3.70737	4.16E-02
281.05	0.069428857	0.056774623	0.095345933	3.70625	4.18E-02
282.875	0.069385563	0.056637249	0.095221047	3.70514	4.20E-02
284.7	0.069343102	0.056500708	0.095087836	3.70404	4.22E-02
286.525	0.069300641	0.056365831	0.094954625	3.70294	4.24E-02
288.35	0.069259013	0.056230955	0.094829739	3.70184	4.26E-02
290.175	0.069217384	0.056097744	0.094704854	3.70076	4.28E-02
292	0.069176588	0.055965365	0.094571643	3.69968	4.31E-02
293.825	0.06913496	0.055833819	0.094446757	3.6986	4.33E-02
295.65	0.069094164	0.055703105	0.094321872	3.69753	4.35E-02
297.475	0.0690542	0.055574057	0.094196986	3.69647	4.37E-02
299.3	0.069014237	0.055445009	0.094072101	3.69542	4.39E-02
301.125	0.068974274	0.055317626	0.093955541	3.69436	4.41E-02
302.95	0.06893431	0.055191075	0.093830655	3.69332	4.43E-02
304.775	0.068895179	0.055065357	0.09370577	3.69228	4.45E-02
306.6	0.068856049	0.054940471	0.09358921	3.69125	4.48E-02
308.425	0.068816918	0.054816418	0.093464324	3.69022	4.50E-02
310.25	0.06877862	0.054693198	0.093347765	3.6892	4.52E-02
312.075	0.068740321	0.054571643	0.093231205	3.68818	4.54E-02
313.9	0.068702023	0.054450087	0.093114645	3.68717	4.56E-02
315.725	0.068664557	0.054330197	0.092998085	3.68617	4.58E-02
317.55	0.068627092	0.054210307	0.092881525	3.68517	4.60E-02
319.375	0.068589626	0.054092082	0.092764965	3.68418	4.62E-02
321.2	0.068552993	0.05397469	0.092648406	3.68319	4.64E-02
323.025	0.06851636	0.05385813	0.092531846	3.6822	4.67E-02
324.85	0.068479727	0.05374157	0.092423612	3.68122	4.69E-02
326.675	0.068443094	0.053626676	0.092307052	3.68025	4.71E-02
328.5	0.068407293	0.053512613	0.092198818	3.67928	4.73E-02
330.325	0.068371493	0.053399384	0.092090584	3.67832	4.75E-02
332.15	0.068335692	0.053286987	0.091974024	3.67736	4.77E-02
333.975	0.068300724	0.053175423	0.09186579	3.67641	4.79E-02
335.8	0.068265756	0.053063858	0.091757556	3.67546	4.81E-02
337.625	0.068230788	0.052953959	0.091649321	3.67451	4.83E-02
339.45	0.06819582	0.052844892	0.091541087	3.67357	4.85E-02
341.275	0.068161685	0.052736658	0.091432853	3.67264	4.88E-02
343.1	0.06812755	0.052629257	0.091332945	3.67171	4.90E-02
344.925	0.068093414	0.052521855	0.091224711	3.67078	4.92E-02
346.75	0.068060112	0.052416119	0.091124802	3.66986	4.94E-02
348.575	0.068025976	0.052310382	0.091016568	3.66894	4.96E-02
350.4	0.067993506	0.052206311	0.09091666	3.66803	4.98E-02
352.225	0.067960203	0.05210224	0.090808426	3.66712	5.00E-02
354.05	0.0679269	0.051999833	0.090708517	3.66622	5.02E-02
355.875	0.06789443	0.051897427	0.090608609	3.66532	5.04E-02
357.7	0.06786196	0.051795854	0.0905087	3.66443	5.06E-02
359.525	0.067830322	0.051695113	0.090408792	3.66354	5.08E-02
361.35	0.067797852	0.051595204	0.090308884	3.66265	5.10E-02
363.175	0.067766214	0.051496129	0.090208975	3.66177	5.13E-02
365	0.067734577	0.051397053	0.090109067	3.66089	5.15E-02
366.825	0.067702939	0.051299642	0.090017484	3.66002	5.17E-02
368.65	0.067672134	0.051202231	0.089917576	3.65915	5.19E-02
370.475	0.067641329	0.051106486	0.089817667	3.65828	5.21E-02
372.3	0.067610524	0.05101074	0.089726084	3.65742	5.23E-02
374.125	0.067579719	0.050915827	0.089634502	3.65656	5.25E-02
375.95	0.067549746	0.050820914	0.089534593	3.65571	5.27E-02
377.775	0.067519774	0.050727666	0.089443011	3.65486	5.29E-02
379.6	0.067489801	0.050634418	0.089351428	3.65401	5.31E-02
381.425	0.067459828	0.050542836	0.089259845	3.65317	5.33E-02
383.25	0.067429856	0.050451253	0.089168262	3.65233	5.35E-02
385.075	0.067400716	0.050360503	0.08907668	3.65149	5.37E-02
386.9	0.067371576	0.050269753	0.088985097	3.65066	5.39E-02
388.725	0.067342436	0.050180668	0.088893514	3.64983	5.42E-02
390.55	0.067314129	0.050091583	0.088801932	3.64901	5.44E-02
392.375	0.067284989	0.05000333	0.088718675	3.64819	5.46E-02
394.2	0.067256681	0.04991591	0.088627092	3.64737	5.48E-02
396.025	0.067228374	0.049829323	0.088535509	3.64656	5.50E-02
397.85	0.067200899	0.049742736	0.088452252	3.64575	5.52E-02
399.675	0.067172592	0.049656981	0.088368995	3.64494	5.54E-02
401.5	0.067145117	0.049572059	0.088277412	3.64414	5.56E-02
403.325	0.067117642	0.049487137	0.088194155	3.64334	5.58E-02
405.15	0.067090167	0.04940388	0.088110898	3.64254	5.60E-02
406.975	0.067062693	0.049320623	0.088027641	3.64175	5.62E-02
408.8	0.06703605	0.049238198	0.087944384	3.64096	5.64E-02
410.625	0.067009408	0.049155774	0.087861127	3.64017	5.66E-02
412.45	0.066982766	0.049075015	0.08777787	3.63939	5.68E-02
414.275	0.066956124	0.048993423	0.087694613	3.63861	5.70E-02
416.1	0.066930314	0.048913496	0.087611356	3.63783	5.72E-02
417.925	0.066903672	0.048834402	0.087528099	3.63706	5.74E-02
419.75	0.066877862	0.048755308	0.087453168	3.63629	5.76E-02
421.575	0.066852052	0.048676213	0.087369911	3.63552	5.78E-02
423.4	0.066827075	0.048598784	0.08729498	3.63476	5.80E-02
425.225	0.066801266	0.048521355	0.087211723	3.634	5.82E-02
427.05	0.066776288	0.048444759	0.087136791	3.63324	5.84E-02
428.875	0.066751311	0.048368163	0.087053534	3.63248	5.87E-02
430.7	0.066726334	0.048293231	0.086978603	3.63173	5.89E-02
432.525	0.066701357	0.048217467	0.086903672	3.63098	5.91E-02
434.35	0.066677213	0.048143369	0.08682874	3.63024	5.93E-02
436.175	0.066652235	0.04806927	0.086753809	3.62949	5.95E-02
438	0.066628091	0.047996004	0.086678878	3.62875	5.97E-02
439.825	0.066603946	0.047922737	0.086603946	3.62802	5.99E-02
441.65	0.066579802	0.047850304	0.086529015	3.62728	6.01E-02
443.475	0.06655649	0.047778703	0.086454084	3.62655	6.03E-02
445.3	0.066532345	0.047707102	0.086379152	3.62582	6.05E-02
447.125	0.066509033	0.047636333	0.086304221	3.62509	6.07E-02
448.95	0.066485721	0.047566397	0.086237616	3.62437	6.09E-02
450.775	0.066462409	0.047496462	0.086162684	3.62365	6.11E-02
452.6	0.06643993	0.047427358	0.086087753	3.62293	6.13E-02
454.425	0.066416618	0.047358255	0.086021147	3.62222	6.15E-02
456.25	0.066394139	0.047289984	0.085946216	3.6215	6.17E-02
458.075	0.066371659	0.047222546	0.08587961	3.62079	6.19E-02
459.9	0.06634918	0.047155108	0.085813005	3.62009	6.21E-02
461.725	0.066326701	0.047088502	0.085738073	3.61938	6.23E-02
463.55	0.066305054	0.047021897	0.085671468	3.61868	6.25E-02
465.375	0.066282574	0.046956124	0.085604862	3.61798	6.27E-02
467.2	0.066260927	0.046891183	0.085538257	3.61728	6.29E-02
469.025	0.066239281	0.046826243	0.085471651	3.61659	6.31E-02
470.85	0.066217634	0.046761302	0.085405045	3.6159	6.33E-02
472.675	0.06619682	0.046698027	0.08533844	3.61521	6.35E-02
474.5	0.066175173	0.046633919	0.085271834	3.61452	6.37E-02
476.325	0.066154359	0.046571476	0.085205229	3.61384	6.39E-02
478.15	0.066133544	0.046509033	0.085138623	3.61315	6.41E-02
479.975	0.06611273	0.046446591	0.085080343	3.61247	6.43E-02
481.8	0.066091916	0.04638498	0.085013737	3.6118	6.45E-02
483.625	0.066071101	0.046324203	0.084947132	3.61112	6.47E-02
485.45	0.06605112	0.046263425	0.084888852	3.61045	6.49E-02
487.275	0.066030306	0.046202648	0.084822246	3.60978	6.51E-02
489.1	0.066010324	0.046142703	0.084763966	3.60911	6.53E-02
490.925	0.065990342	0.04608359	0.084697361	3.60845	6.55E-02
492.75	0.065970361	0.046024478	0.084639081	3.60778	6.57E-02
494.575	0.065951211	0.045966198	0.084572475	3.60712	6.59E-02
496.4	0.06593123	0.045907918	0.084514195	3.60646	6.61E-02
498.225	0.065912081	0.04585047	0.084455915	3.60581	6.63E-02
500.05	0.065892099	0.045793023	0.084397636	3.60515	6.65E-02
501.875	0.06587295	0.045735576	0.08433103	3.6045	6.67E-02
503.7	0.065853801	0.045679794	0.08427275	3.60385	6.69E-02
505.525	0.065835484	0.045623179	0.08421447	3.6032	6.71E-02
507.35	0.065816335	0.045567397	0.08415619	3.60256	6.73E-02
509.175	0.065798018	0.045512447	0.08409791	3.60192	6.75E-02
511	0.065778869	0.045457497	0.08403963	3.60127	6.77E-02
512.825	0.065760553	0.04540338	0.083989676	3.60064	6.79E-02
514.65	0.065742236	0.045349263	0.083931396	3.6	6.81E-02
516.475	0.06572392	0.045295146	0.083873116	3.59936	6.83E-02
518.3	0.065705603	0.045241862	0.083814836	3.59873	6.85E-02
520.125	0.065688119	0.04518941	0.083764882	3.5981	6.87E-02
521.95	0.065669803	0.045136958	0.083706602	3.59747	6.89E-02
523.775	0.065652319	0.045084506	0.083648322	3.59685	6.91E-02
525.6	0.065634835	0.045032887	0.083598368	3.59622	6.93E-02
527.425	0.065617351	0.044981267	0.083540088	3.5956	6.95E-02
529.25	0.065599867	0.04493048	0.083490134	3.59498	6.97E-02
531.075	0.065582383	0.044879694	0.083431854	3.59436	6.99E-02
532.9	0.065565731	0.044829739	0.0833819	3.59374	7.01E-02
534.725	0.065548247	0.044779785	0.083331946	3.59313	7.03E-02
536.55	0.065531596	0.044729831	0.083273666	3.59252	7.05E-02
538.375	0.065514945	0.044680709	0.083224544	3.5919	7.07E-02
540.2	0.065498293	0.044631588	0.083172925	3.5913	7.09E-02
542.025	0.065481642	0.044583299	0.083121305	3.59069	7.11E-02
543.85	0.06546499	0.04453501	0.083070519	3.59008	7.13E-02
545.675	0.065448339	0.044487553	0.083019732	3.58948	7.15E-02
547.5	0.06543252	0.044440097	0.082969778	3.58888	7.17E-02
549.325	0.065415869	0.04439264	0.082919823	3.58828	7.19E-02
551.15	0.06540005	0.044346016	0.082869869	3.58768	7.21E-02
552.975	0.065384231	0.044299392	0.082820748	3.58709	7.23E-02
554.8	0.065368412	0.044253601	0.082771626	3.58649	7.25E-02
556.625	0.065352593	0.04420781	0.082723337	3.5859	7.27E-02
558.45	0.065336775	0.044162851	0.082675048	3.58531	7.29E-02
560.275	0.065321788	0.044117059	0.082626759	3.58472	7.31E-02
562.1	0.06530597	0.044072933	0.082579302	3.58414	7.33E-02
563.925	0.065290983	0.044027974	0.082531846	3.58355	7.35E-02
565.75	0.065275997	0.043983848	0.082485222	3.58297	7.37E-02
567.575	0.065261011	0.043940554	0.082437765	3.58239	7.39E-02
569.4	0.065246024	0.043896428	0.082391974	3.58181	7.41E-02
571.225	0.065231038	0.043853967	0.08234535	3.58123	7.43E-02
573.05	0.065216052	0.043810674	0.082299559	3.58065	7.44E-02
574.875	0.065201066	0.043768212	0.0822546	3.58008	7.46E-02
576.7	0.065186912	0.043725751	0.082209641	3.57951	7.48E-02
578.525	0.065171926	0.043684123	0.082164682	3.57893	7.50E-02
580.35	0.065157772	0.043642494	0.082119724	3.57836	7.52E-02
582.175	0.065143618	0.043600866	0.082075597	3.5778	7.54E-02
584	0.065129465	0.04356007	0.082031471	3.57723	7.56E-02
585.825	0.065115311	0.043519274	0.081988178	3.57667	7.58E-02
587.65	0.065101157	0.043478478	0.081944884	3.5761	7.60E-02
589.475	0.065087004	0.043438515	0.08190159	3.57554	7.62E-02
591.3	0.065073682	0.043398551	0.081859129	3.57498	7.64E-02
593.125	0.065059529	0.043359421	0.081816668	3.57442	7.66E-02
594.95	0.065046208	0.043319457	0.081774207	3.57387	7.68E-02
596.775	0.065032887	0.043280326	0.081732578	3.57331	7.70E-02
598.6	0.065018733	0.043242028	0.08169095	3.57276	7.72E-02
600.425	0.065005412	0.04320373	0.081649321	3.57221	7.74E-02
602.25	0.064992923	0.043165432	0.081608526	3.57166	7.76E-02
604.075	0.064979602	0.043127133	0.08156773	3.57111	7.78E-02
605.9	0.064966281	0.043089668	0.081527766	3.57056	7.80E-02
607.725	0.06495296	0.043052202	0.08148697	3.57001	7.82E-02
609.55	0.064940471	0.043015569	0.081447007	3.56947	7.84E-02
611.375	0.06492715	0.042978103	0.081407876	3.56893	7.86E-02
613.2	0.064914662	0.04294147	0.081367913	3.56839	7.88E-02
615.025	0.064902173	0.04290567	0.081328782	3.56785	7.90E-02
616.85	0.064889684	0.042869869	0.081290484	3.56731	7.92E-02
618.675	0.064877196	0.042834069	0.081251353	3.56677	7.94E-02
620.5	0.064864707	0.042798268	0.081213055	3.56624	7.96E-02
622.325	0.064852219	0.0427633	0.081175589	3.5657	7.98E-02
624.15	0.06483973	0.042728332	0.081137291	3.56517	7.99E-02
625.975	0.064828074	0.042693364	0.081099825	3.56464	8.01E-02
627.8	0.064815586	0.042658396	0.08106236	3.56411	8.03E-02
629.625	0.06480393	0.042624261	0.081025726	3.56358	8.05E-02
631.45	0.064792274	0.042590126	0.080988261	3.56305	8.07E-02
633.275	0.064779785	0.042556823	0.08095246	3.56253	8.09E-02
635.1	0.064768129	0.042522688	0.080915827	3.562	8.11E-02
636.925	0.064756473	0.042489385	0.080880027	3.56148	8.13E-02
638.75	0.064744817	0.042456914	0.080844226	3.56096	8.15E-02
640.575	0.064733994	0.042423612	0.080808426	3.56044	8.17E-02
642.4	0.064722338	0.042391141	0.080773458	3.55992	8.19E-02
644.225	0.064710682	0.042358671	0.080737657	3.55941	8.21E-02
646.05	0.064699858	0.042327034	0.080703522	3.55889	8.23E-02
647.875	0.064688202	0.042294563	0.080668554	3.55838	8.25E-02
649.7	0.064677379	0.042262926	0.080634418	3.55786	8.27E-02
651.525	0.064666556	0.042232121	0.080600283	3.55735	8.29E-02
653.35	0.0646549	0.042200483	0.080566148	3.55684	8.31E-02
655.175	0.064644076	0.042169678	0.080532845	3.55633	8.33E-02
657	0.064633253	0.042138873	0.08049871	3.55582	8.35E-02
658.825	0.064622429	0.042108068	0.080465407	3.55532	8.37E-02
660.65	0.064612439	0.042078095	0.080432936	3.55481	8.38E-02
662.475	0.064601615	0.042048123	0.080400466	3.55431	8.40E-02
664.3	0.064590792	0.04201815	0.080367163	3.5538	8.42E-02
666.125	0.064580801	0.041988178	0.080335526	3.5533	8.44E-02
667.95	0.064569978	0.041959038	0.080303056	3.5528	8.46E-02
669.775	0.064559987	0.041929898	0.080271418	3.5523	8.48E-02
671.6	0.064549996	0.041900758	0.08023978	3.55181	8.50E-02
673.425	0.064539172	0.041871618	0.080208143	3.55131	8.52E-02
675.25	0.064529182	0.04184331	0.080176505	3.55081	8.54E-02
677.075	0.064519191	0.041815003	0.0801457	3.55032	8.56E-02
678.9	0.0645092	0.041786696	0.080114895	3.54983	8.58E-02
680.725	0.064499209	0.041758388	0.08008409	3.54934	8.60E-02
682.55	0.064489218	0.041730913	0.080054117	3.54885	8.62E-02
684.375	0.06448006	0.041703439	0.080024145	3.54836	8.64E-02
686.2	0.064470069	0.041675964	0.079994172	3.54787	8.66E-02
688.025	0.064460078	0.041648489	0.079964199	3.54738	8.68E-02
689.85	0.06445092	0.041621847	0.079934227	3.5469	8.70E-02
691.675	0.064441762	0.041594372	0.079905087	3.54641	8.72E-02
693.5	0.064431771	0.04156773	0.079875947	3.54593	8.73E-02
695.325	0.064422613	0.04154192	0.079846807	3.54545	8.75E-02
697.15	0.064413454	0.041515278	0.0798185	3.54497	8.77E-02
698.975	0.064404296	0.041489468	0.079790192	3.54449	8.79E-02
700.8	0.064395138	0.041463658	0.079761052	3.54401	8.81E-02
702.625	0.06438598	0.041437849	0.079733578	3.54353	8.83E-02
704.45	0.064376821	0.041412039	0.07970527	3.54305	8.85E-02
706.275	0.064367663	0.041387062	0.079677795	3.54258	8.87E-02
708.1	0.064358505	0.041361252	0.079649488	3.54211	8.89E-02
709.925	0.064350179	0.041336275	0.079622846	3.54163	8.91E-02
711.75	0.064341021	0.041312131	0.079595371	3.54116	8.93E-02
713.575	0.064331862	0.041287153	0.079567896	3.54069	8.95E-02
715.4	0.064323537	0.041263009	0.079541254	3.54022	8.97E-02
717.225	0.064315211	0.041238864	0.079514612	3.53975	8.99E-02
719.05	0.064306053	0.04121472	0.079487969	3.53928	9.01E-02
720.875	0.064297727	0.041190575	0.07946216	3.53882	9.03E-02
722.7	0.064289401	0.041166431	0.079435517	3.53835	9.04E-02
724.525	0.064281076	0.041143119	0.079409708	3.53789	9.06E-02
726.35	0.06427275	0.041119807	0.079383898	3.53743	9.08E-02
728.175	0.064264424	0.041096495	0.079358088	3.53696	9.10E-02
730	0.064256099	0.041073183	0.079333111	3.5365	9.12E-02
731.825	0.064247773	0.041050704	0.079308134	3.53604	9.14E-02
733.65	0.064239447	0.041028224	0.079282325	3.53558	9.16E-02
735.475	0.064231954	0.041004912	0.07925818	3.53513	9.18E-02
737.3	0.064223628	0.040982433	0.079233203	3.53467	9.20E-02
739.125	0.064216135	0.040960786	0.079208226	3.53421	9.22E-02
740.95	0.06420781	0.040938307	0.079184081	3.53376	9.24E-02
742.775	0.064200316	0.04091666	0.079159937	3.5333	9.26E-02
744.6	0.064191991	0.040895013	0.079135792	3.53285	9.28E-02
746.425	0.064184498	0.040873366	0.079111648	3.5324	9.30E-02
748.25	0.064177004	0.040851719	0.079088336	3.53195	9.31E-02
750.075	0.064169511	0.040830072	0.079065024	3.5315	9.33E-02
751.9	0.064161186	0.040809258	0.079041712	3.53105	9.35E-02
753.725	0.064153692	0.040788444	0.0790184	3.5306	9.37E-02
755.55	0.064146199	0.040766797	0.078995088	3.53016	9.39E-02
757.375	0.064138706	0.040746815	0.078971776	3.52971	9.41E-02
759.2	0.064132046	0.040726001	0.078949296	3.52927	9.43E-02
761.025	0.064124552	0.040705187	0.078926817	3.52882	9.45E-02
762.85	0.064117059	0.040685205	0.078904338	3.52838	9.47E-02
764.675	0.064109566	0.040665224	0.078881858	3.52794	9.49E-02
766.5	0.064102906	0.040645242	0.078859379	3.5275	9.51E-02
768.325	0.064095413	0.04062526	0.078837732	3.52706	9.53E-02
770.15	0.064088752	0.040605278	0.078816085	3.52662	9.55E-02
771.975	0.064081259	0.040586129	0.078794438	3.52618	9.57E-02
773.8	0.064074598	0.040566148	0.078772792	3.52574	9.58E-02
775.625	0.064067938	0.040546999	0.078751145	3.52531	9.60E-02
777.45	0.064060445	0.040527849	0.078730331	3.52487	9.62E-02
779.275	0.064053784	0.0405087	0.078708684	3.52444	9.64E-02
781.1	0.064047123	0.040490384	0.078687869	3.52401	9.66E-02
782.925	0.064040463	0.040471235	0.078667055	3.52357	9.68E-02
784.75	0.064033802	0.040452918	0.078646241	3.52314	9.70E-02
786.575	0.064027142	0.040434602	0.078626259	3.52271	9.72E-02
788.4	0.064020481	0.040416285	0.078605445	3.52228	9.74E-02
790.225	0.064013821	0.040397969	0.078585463	3.52185	9.76E-02
792.05	0.06400716	0.040379652	0.078565482	3.52142	9.78E-02
793.875	0.0640005	0.040361335	0.0785455	3.521	9.80E-02
795.7	0.063994672	0.040343851	0.078525518	3.52057	9.82E-02
797.525	0.063988011	0.040326367	0.078505537	3.52015	9.83E-02
799.35	0.06398135	0.040308884	0.078486387	3.51972	9.85E-02
801.175	0.063975522	0.0402914	0.078466406	3.5193	9.87E-02
803	0.063968862	0.040273916	0.078447257	3.51888	9.89E-02
804.825	0.063963034	0.040256432	0.078428108	3.51845	9.91E-02
806.65	0.063956373	0.04023978	0.078408958	3.51803	9.93E-02
808.475	0.063950545	0.040222296	0.078390642	3.51761	9.95E-02
810.3	0.063944717	0.040205645	0.078371493	3.5172	9.97E-02
812.125	0.063938889	0.040188993	0.078353176	3.51678	9.99E-02
813.95	0.063932229	0.040172342	0.07833486	3.51636	1.00E-01
815.775	0.063926401	0.040155691	0.078315711	3.51594	1.00E-01
817.6	0.063920573	0.040139872	0.078298227	3.51553	1.00E-01
819.425	0.063914745	0.04012322	0.07827991	3.51511	1.01E-01
821.25	0.063908917	0.040107402	0.078261594	3.5147	1.01E-01
823.075	0.063903089	0.04009075	0.07824411	3.51429	1.01E-01
824.9	0.063897261	0.040074931	0.078225793	3.51387	1.01E-01
826.725	0.063891433	0.040059112	0.078208309	3.51346	1.01E-01
828.55	0.063885605	0.040044126	0.078190825	3.51305	1.02E-01
830.375	0.063880609	0.040028307	0.078173341	3.51264	1.02E-01
832.2	0.063874781	0.040012489	0.07815669	3.51223	1.02E-01
834.025	0.063868953	0.039997502	0.078139206	3.51182	1.02E-01
835.85	0.063863958	0.039982516	0.078121722	3.51142	1.02E-01
837.675	0.06385813	0.039966697	0.07810507	3.51101	1.03E-01
839.5	0.063852302	0.039951711	0.078088419	3.51061	1.03E-01
841.325	0.063847307	0.039936725	0.078071768	3.5102	1.03E-01
843.15	0.063842311	0.039922571	0.078055116	3.5098	1.03E-01
844.975	0.063836483	0.039907585	0.078038465	3.50939	1.03E-01
846.8	0.063831488	0.039892598	0.078022646	3.50899	1.04E-01
848.625	0.06382566	0.039878445	0.078005995	3.50859	1.04E-01
850.45	0.063820664	0.039864291	0.077990176	3.50819	1.04E-01
852.275	0.063815669	0.039850137	0.077974357	3.50779	1.04E-01
854.1	0.063810674	0.039835984	0.077957705	3.50739	1.04E-01
855.925	0.063805678	0.03982183	0.077942719	3.50699	1.04E-01
857.75	0.06379985	0.039807676	0.0779269	3.50659	1.05E-01
859.575	0.063794855	0.039793523	0.077911082	3.50619	1.05E-01
861.4	0.063789859	0.039780201	0.077895263	3.5058	1.05E-01
863.225	0.063784864	0.039766048	0.077880276	3.5054	1.05E-01
865.05	0.063779868	0.039752727	0.07786529	3.50501	1.05E-01
866.875	0.063775706	0.039739406	0.077849471	3.50461	1.06E-01
868.7	0.06377071	0.039725252	0.077834485	3.50422	1.06E-01
870.525	0.063765715	0.039712763	0.077820331	3.50383	1.06E-01
872.35	0.063760719	0.039699442	0.077805345	3.50344	1.06E-01
874.175	0.063755724	0.039686121	0.077790359	3.50305	1.06E-01
876	0.063751561	0.0396728	0.077775373	3.50265	1.07E-01
877.825	0.063746566	0.039660311	0.077761219	3.50227	1.07E-01
879.65	0.06374157	0.03964699	0.077747065	3.50188	1.07E-01
881.475	0.063737407	0.039634502	0.077732079	3.50149	1.07E-01
883.3	0.063732412	0.039622013	0.077717925	3.5011	1.07E-01
885.125	0.063728249	0.039609525	0.077703772	3.50071	1.08E-01
886.95	0.063723254	0.039597036	0.07769045	3.50033	1.08E-01
888.775	0.063719091	0.039584547	0.077676297	3.49994	1.08E-01
890.6	0.063714928	0.039572059	0.077662143	3.49956	1.08E-01
892.425	0.063709933	0.03955957	0.077648822	3.49917	1.08E-01
894.25	0.06370577	0.039547914	0.077634668	3.49879	1.09E-01
896.075	0.063701607	0.039535426	0.077621347	3.49841	1.09E-01
897.9	0.063696611	0.03952377	0.077608026	3.49803	1.09E-01
899.725	0.063692449	0.039512114	0.077594705	3.49765	1.09E-01
901.55	0.063688286	0.039500458	0.077581384	3.49727	1.09E-01
903.375	0.063684123	0.039488802	0.077568063	3.49689	1.09E-01
905.2	0.06367996	0.039477146	0.077554741	3.49651	1.10E-01
907.025	0.063675797	0.03946549	0.077542253	3.49613	1.10E-01
908.85	0.063671634	0.039453834	0.077528932	3.49575	1.10E-01
910.675	0.063667471	0.039442178	0.077516443	3.49538	1.10E-01
912.5	0.063663309	0.039431355	0.077503955	3.495	1.10E-01
914.325	0.063659146	0.039419699	0.077490634	3.49462	1.11E-01
916.15	0.063654983	0.039408875	0.077478145	3.49425	1.11E-01
917.975	0.06365082	0.039398052	0.077465656	3.49388	1.11E-01
919.8	0.063646657	0.039386396	0.077453168	3.4935	1.11E-01
921.625	0.063642494	0.039375572	0.077441512	3.49313	1.11E-01
923.45	0.063639164	0.039364749	0.077429023	3.49276	1.12E-01
925.275	0.063635001	0.039353926	0.077416535	3.49239	1.12E-01
927.1	0.063630838	0.039343935	0.077404879	3.49202	1.12E-01
928.925	0.063627508	0.039333111	0.077393223	3.49165	1.12E-01
930.75	0.063623345	0.039322288	0.077380734	3.49128	1.12E-01
932.575	0.063619182	0.039312297	0.077369078	3.49091	1.13E-01
934.4	0.063615852	0.039301474	0.077357422	3.49054	1.13E-01
936.225	0.063611689	0.039291483	0.077345766	3.49017	1.13E-01
938.05	0.063608359	0.039281492	0.07733411	3.48981	1.13E-01
939.875	0.063604196	0.039270669	0.077323287	3.48944	1.13E-01
941.7	0.063600866	0.039260678	0.077311631	3.48907	1.13E-01
943.525	0.063596703	0.039250687	0.077299975	3.48871	1.14E-01
945.35	0.063593373	0.039240696	0.077289152	3.48834	1.14E-01
947.175	0.063590042	0.039230705	0.077277496	3.48798	1.14E-01
949	0.06358588	0.039221547	0.077266672	3.48762	1.14E-01
950.825	0.063582549	0.039211556	0.077255849	3.48726	1.14E-01
952.65	0.063579219	0.039201565	0.077245025	3.48689	1.15E-01
954.475	0.063575889	0.039192407	0.077234202	3.48653	1.15E-01
956.3	0.063571726	0.039182416	0.077223379	3.48617	1.15E-01
958.125	0.063568396	0.039173258	0.077212555	3.48581	1.15E-01
959.95	0.063565065	0.0391641	0.077201732	3.48545	1.15E-01
961.775	0.063561735	0.039154941	0.077190908	3.48509	1.16E-01
963.6	0.063558405	0.039145783	0.077180917	3.48474	1.16E-01
965.425	0.063555075	0.039136625	0.077170094	3.48438	1.16E-01
967.25	0.063551744	0.039127466	0.077160103	3.48402	1.16E-01
969.075	0.063548414	0.039118308	0.077150112	3.48367	1.16E-01
970.9	0.063545084	0.03910915	0.077139289	3.48331	1.17E-01
972.725	0.063541753	0.039099992	0.077129298	3.48296	1.17E-01
974.55	0.063538423	0.039091666	0.077119307	3.4826	1.17E-01
976.375	0.063535093	0.039082508	0.077109316	3.48225	1.17E-01
978.2	0.063531763	0.039073349	0.077099326	3.4819	1.17E-01
980.025	0.063528432	0.039065024	0.077089335	3.48154	1.17E-01
981.85	0.063525935	0.039056698	0.077080177	3.48119	1.18E-01
983.675	0.063522604	0.03904754	0.077070186	3.48084	1.18E-01
985.5	0.063519274	0.039039214	0.077060195	3.48049	1.18E-01
987.325	0.063515944	0.039030888	0.077051037	3.48014	1.18E-01
989.15	0.063513446	0.039022563	0.077041878	3.47979	1.18E-01
990.975	0.063510116	0.039014237	0.077031887	3.47944	1.19E-01
992.8	0.063506785	0.039005911	0.077022729	3.47909	1.19E-01
994.625	0.063504288	0.038997586	0.077013571	3.47874	1.19E-01
996.45	0.063500957	0.03898926	0.077004413	3.4784	1.19E-01
998.275	0.063497627	0.038981767	0.076995254	3.47805	1.19E-01
1000.1	0.063495129	0.038973441	0.076986096	3.4777	1.20E-01
1001.92	0.063491799	0.038965948	0.076976938	3.47736	1.20E-01
1003.75	0.063489301	0.038957622	0.07696778	3.47701	1.20E-01
1005.58	0.063485971	0.038950129	0.076958621	3.47667	1.20E-01
1007.4	0.063483473	0.038941803	0.076950296	3.47633	1.20E-01
1009.23	0.063480143	0.03893431	0.076941137	3.47598	1.21E-01
1011.05	0.063477645	0.038926817	0.076932812	3.47564	1.21E-01
1012.88	0.063475148	0.038919324	0.076923653	3.4753	1.21E-01
1014.7	0.063471818	0.038910998	0.076915328	3.47496	1.21E-01
1016.52	0.06346932	0.038903505	0.076907002	3.47462	1.21E-01
1018.35	0.063466822	0.038896012	0.076897844	3.47427	1.21E-01
1020.17	0.063463492	0.038888519	0.076889518	3.47393	1.22E-01
1022	0.063460994	0.038881858	0.076881192	3.4736	1.22E-01
1023.83	0.063458496	0.038874365	0.076872867	3.47326	1.22E-01
1025.65	0.063455999	0.038866872	0.076864541	3.47292	1.22E-01
1027.47	0.063452668	0.038859379	0.076856215	3.47258	1.22E-01
1029.3	0.063450171	0.038852718	0.076848722	3.47224	1.23E-01
1031.13	0.063447673	0.038845225	0.076840396	3.47191	1.23E-01
1032.95	0.063445175	0.038838565	0.076832071	3.47157	1.23E-01
1034.78	0.063442678	0.038831072	0.076824577	3.47124	1.23E-01
1036.6	0.06344018	0.038824411	0.076816252	3.4709	1.23E-01
1038.42	0.063437682	0.03881775	0.076808759	3.47057	1.24E-01
1040.25	0.063435184	0.038810257	0.076800433	3.47023	1.24E-01
1042.08	0.063432687	0.038803597	0.07679294	3.4699	1.24E-01
1043.9	0.063430189	0.038796936	0.076785447	3.46957	1.24E-01
1045.72	0.063427691	0.038790276	0.076777121	3.46923	1.24E-01
1047.55	0.063425194	0.038783615	0.076769628	3.4689	1.24E-01
1049.38	0.063422696	0.038776954	0.076762135	3.46857	1.25E-01
1051.2	0.063420198	0.038770294	0.076754642	3.46824	1.25E-01
1053.03	0.0634177	0.038763633	0.076747148	3.46791	1.25E-01
1054.85	0.063415203	0.038757805	0.076739655	3.46758	1.25E-01
1056.67	0.063412705	0.038751145	0.076732995	3.46725	1.25E-01
1058.5	0.063410207	0.038744484	0.076725502	3.46692	1.26E-01
1060.33	0.06340771	0.038738656	0.076718008	3.46659	1.26E-01
1062.15	0.063406044	0.038731996	0.076710515	3.46627	1.26E-01
1063.97	0.063403547	0.038725335	0.076703855	3.46594	1.26E-01
1065.8	0.063401049	0.038719507	0.076696362	3.46561	1.26E-01
1067.63	0.063398551	0.038713679	0.076689701	3.46529	1.27E-01
1069.45	0.063396886	0.038707019	0.076682208	3.46496	1.27E-01
1071.28	0.063394388	0.038701191	0.076675547	3.46463	1.27E-01
1073.1	0.063391891	0.038695363	0.076668887	3.46431	1.27E-01
1074.92	0.063390226	0.038688702	0.076662226	3.46399	1.27E-01
1076.75	0.063387728	0.038682874	0.076654733	3.46366	1.28E-01
1078.58	0.06338523	0.038677046	0.076648073	3.46334	1.28E-01
1080.4	0.063383565	0.038671218	0.076641412	3.46302	1.28E-01
1082.22	0.063381067	0.03866539	0.076634751	3.46269	1.28E-01
1084.05	0.06337857	0.038659562	0.076628091	3.46237	1.28E-01
1085.88	0.063376905	0.038653734	0.07662143	3.46205	1.28E-01
1087.7	0.063374407	0.038647906	0.076615602	3.46173	1.29E-01
1089.53	0.063372742	0.038642911	0.076608942	3.46141	1.29E-01
1091.35	0.063370244	0.038637083	0.076602281	3.46109	1.29E-01
1093.17	0.063368579	0.038631255	0.076595621	3.46077	1.29E-01
1095	0.063366081	0.038625427	0.076589793	3.46045	1.29E-01
1096.83	0.063364416	0.038620431	0.076583132	3.46013	1.30E-01
1098.65	0.063361918	0.038614603	0.076577304	3.45982	1.30E-01
1100.47	0.063360253	0.038609608	0.076570644	3.4595	1.30E-01
1102.3	0.063358588	0.03860378	0.076564816	3.45918	1.30E-01
1104.13	0.06335609	0.038598784	0.076558988	3.45887	1.30E-01
1105.95	0.063354425	0.038592956	0.076552327	3.45855	1.31E-01
1107.78	0.06335276	0.038587961	0.076546499	3.45823	1.31E-01
1109.6	0.063350262	0.038582966	0.076540671	3.45792	1.31E-01
1111.42	0.063348597	0.03857797	0.076534843	3.4576	1.31E-01
1113.25	0.063346932	0.038572142	0.076529015	3.45729	1.31E-01
1115.08	0.063344434	0.038567147	0.076522355	3.45698	1.32E-01
1116.9	0.063342769	0.038562151	0.076516527	3.45666	1.32E-01
1118.72	0.063341104	0.038557156	0.076511531	3.45635	1.32E-01
1120.55	0.063339439	0.038552161	0.076505703	3.45604	1.32E-01
1122.38	0.063336941	0.038547165	0.076499875	3.45573	1.32E-01
1124.2	0.063335276	0.03854217	0.076494047	3.45542	1.32E-01
1126.03	0.063333611	0.038537174	0.076488219	3.4551	1.33E-01
1127.85	0.063331946	0.038532179	0.076482391	3.45479	1.33E-01
1129.67	0.063330281	0.038527183	0.076477396	3.45448	1.33E-01
1131.5	0.063327783	0.038523021	0.076471568	3.45418	1.33E-01
1133.33	0.063326118	0.038518025	0.076466572	3.45387	1.33E-01
1135.15	0.063324453	0.03851303	0.076460744	3.45356	1.34E-01
1136.97	0.063322787	0.038508034	0.076455749	3.45325	1.34E-01
1138.8	0.063321122	0.038503871	0.076449921	3.45294	1.34E-01
1140.63	0.063319457	0.038498876	0.076444925	3.45263	1.34E-01
1142.45	0.063317792	0.038494713	0.076439097	3.45233	1.34E-01
1144.28	0.063316127	0.038489718	0.076434102	3.45202	1.35E-01
1146.1	0.063314462	0.038485555	0.076429107	3.45172	1.35E-01
1147.92	0.063312797	0.038480559	0.076424111	3.45141	1.35E-01
1149.75	0.063311131	0.038476397	0.076418283	3.45111	1.35E-01
1151.58	0.063309466	0.038472234	0.076413288	3.4508	1.35E-01
1153.4	0.063307801	0.038467238	0.076408292	3.4505	1.35E-01
1155.22	0.063306136	0.038463076	0.076403297	3.45019	1.36E-01
1157.05	0.063304471	0.038458913	0.076398302	3.44989	1.36E-01
1158.88	0.063302806	0.03845475	0.076393306	3.44959	1.36E-01
1160.7	0.063301141	0.038449754	0.076388311	3.44928	1.36E-01
1162.53	0.063299475	0.038445592	0.076383315	3.44898	1.36E-01
1164.35	0.06329781	0.038441429	0.076379152	3.44868	1.37E-01
1166.17	0.063296145	0.038437266	0.076374157	3.44838	1.37E-01
1168	0.06329448	0.038433103	0.076369162	3.44808	1.37E-01
1169.83	0.063292815	0.03842894	0.076364166	3.44778	1.37E-01
1171.65	0.063291982	0.038424777	0.076360003	3.44748	1.37E-01
1173.47	0.063290317	0.038420614	0.076355008	3.44718	1.38E-01
1175.3	0.063288652	0.038416452	0.076350012	3.44688	1.38E-01
1177.13	0.063286987	0.038413121	0.07634585	3.44658	1.38E-01
1178.95	0.063285322	0.038408958	0.076340854	3.44628	1.38E-01
1180.78	0.063284489	0.038404796	0.076336691	3.44599	1.38E-01
1182.6	0.063282824	0.038400633	0.076331696	3.44569	1.39E-01
1184.42	0.063281159	0.038397302	0.076327533	3.44539	1.39E-01
1186.25	0.063279494	0.03839314	0.07632337	3.4451	1.39E-01
1188.08	0.063278661	0.038388977	0.076318375	3.4448	1.39E-01
1189.9	0.063276996	0.038385646	0.076314212	3.4445	1.39E-01
1191.72	0.063275331	0.038381484	0.076310049	3.44421	1.39E-01
1193.55	0.063273666	0.038377321	0.076305054	3.44391	1.40E-01
1195.38	0.063272833	0.038373991	0.076300891	3.44362	1.40E-01
1197.2	0.063271168	0.038369828	0.076296728	3.44333	1.40E-01
1199.03	0.063269503	0.038366497	0.076292565	3.44303	1.40E-01
1200.85	0.06326867	0.038363167	0.076288402	3.44274	1.40E-01
1202.67	0.063267005	0.038359004	0.076284239	3.44245	1.41E-01
1204.5	0.063266173	0.038355674	0.076280077	3.44215	1.41E-01
1206.33	0.063264508	0.038352344	0.076275914	3.44186	1.41E-01
1208.15	0.063262842	0.038348181	0.076271751	3.44157	1.41E-01
1209.97	0.06326201	0.038344851	0.076267588	3.44128	1.41E-01
1211.8	0.063260345	0.03834152	0.076263425	3.44099	1.42E-01
1213.63	0.063259512	0.03833819	0.076259262	3.4407	1.42E-01
1215.45	0.063257847	0.038334027	0.076255932	3.44041	1.42E-01
1217.28	0.063256182	0.038330697	0.076251769	3.44012	1.42E-01
1219.1	0.063255349	0.038327367	0.076247606	3.43983	1.42E-01
1220.92	0.063253684	0.038324036	0.076243444	3.43954	1.42E-01
1222.75	0.063252852	0.038320706	0.076240113	3.43925	1.43E-01
1224.58	0.063251186	0.038317376	0.07623595	3.43896	1.43E-01
1226.4	0.063250354	0.038314045	0.076231788	3.43868	1.43E-01
1228.22	0.063248689	0.038310715	0.076228457	3.43839	1.43E-01
1230.05	0.063247856	0.038307385	0.076224294	3.4381	1.43E-01
1231.88	0.063246191	0.038304055	0.076220964	3.43781	1.44E-01
1233.7	0.063245358	0.038300724	0.076216801	3.43753	1.44E-01
1235.53	0.063244526	0.038297394	0.076213471	3.43724	1.44E-01
1237.35	0.063242861	0.038294896	0.076209308	3.43696	1.44E-01
1239.17	0.063242028	0.038291566	0.076205978	3.43667	1.44E-01
1241	0.063240363	0.038288236	0.076202648	3.43639	1.45E-01
1242.83	0.06323953	0.038284906	0.076198485	3.4361	1.45E-01
1244.65	0.063238698	0.038281575	0.076195154	3.43582	1.45E-01
1246.47	0.063237033	0.038279078	0.076191824	3.43554	1.45E-01
1248.3	0.0632362	0.038275747	0.076188494	3.43525	1.45E-01
1250.13	0.063234535	0.038272417	0.076184331	3.43497	1.46E-01
1251.95	0.063233702	0.038269919	0.076181001	3.43469	1.46E-01
1253.78	0.06323287	0.038266589	0.07617767	3.43441	1.46E-01
1255.6	0.063231205	0.038264091	0.07617434	3.43412	1.46E-01
1257.42	0.063230372	0.038260761	0.07617101	3.43384	1.46E-01
1259.25	0.06322954	0.038258263	0.07616768	3.43356	1.46E-01
1261.08	0.063227874	0.038254933	0.076164349	3.43328	1.47E-01
1262.9	0.063227042	0.038252435	0.076161019	3.433	1.47E-01
1264.72	0.063226209	0.038249105	0.076157689	3.43272	1.47E-01
1266.55	0.063225377	0.038246607	0.076154359	3.43244	1.47E-01
1268.38	0.063223712	0.038243277	0.076151028	3.43216	1.47E-01
1270.2	0.063222879	0.038240779	0.076147698	3.43189	1.48E-01
1272.03	0.063222046	0.038238282	0.076144368	3.43161	1.48E-01
1273.85	0.063220381	0.038234951	0.076141037	3.43133	1.48E-01
1275.67	0.063219549	0.038232454	0.07613854	3.43105	1.48E-01
1277.5	0.063218716	0.038229956	0.076135209	3.43077	1.48E-01
1279.33	0.063217884	0.038226626	0.076131879	3.4305	1.49E-01
1281.15	0.063217051	0.038224128	0.076128549	3.43022	1.49E-01
1282.97	0.063215386	0.03822163	0.076126051	3.42994	1.49E-01
1284.8	0.063214553	0.038219132	0.076122721	3.42967	1.49E-01
1286.63	0.063213721	0.038216635	0.076119391	3.42939	1.49E-01
1288.45	0.063212888	0.038213304	0.076116893	3.42912	1.49E-01
1290.28	0.063212056	0.038210807	0.076113563	3.42884	1.50E-01
1292.1	0.06321039	0.038208309	0.076110232	3.42857	1.50E-01
1293.92	0.063209558	0.038205811	0.076107735	3.4283	1.50E-01
1295.75	0.063208725	0.038203314	0.076104404	3.42802	1.50E-01
1297.58	0.063207893	0.038200816	0.076101907	3.42775	1.50E-01
1299.4	0.06320706	0.038198318	0.076098576	3.42748	1.51E-01
1301.22	0.063206228	0.03819582	0.076096079	3.4272	1.51E-01
1303.05	0.063205395	0.038193323	0.076093581	3.42693	1.51E-01
1304.88	0.063204562	0.038190825	0.076090251	3.42666	1.51E-01
1306.7	0.063202897	0.038188327	0.076087753	3.42639	1.51E-01
1308.53	0.063202065	0.03818583	0.076084423	3.42612	1.52E-01
1310.35	0.063201232	0.038183332	0.076081925	3.42585	1.52E-01
1312.17	0.0632004	0.038181667	0.076079427	3.42557	1.52E-01
1314	0.063199567	0.038179169	0.076076097	3.4253	1.52E-01
1315.83	0.063198734	0.038176671	0.076073599	3.42503	1.52E-01
1317.65	0.063197902	0.038174174	0.076071101	3.42476	1.53E-01
1319.47	0.063197069	0.038171676	0.076068604	3.4245	1.53E-01
1321.3	0.063196237	0.038169178	0.076066106	3.42423	1.53E-01
1323.13	0.063195404	0.038167513	0.076062776	3.42396	1.53E-01
1324.95	0.063194572	0.038165015	0.076060278	3.42369	1.53E-01
1326.78	0.063193739	0.038162518	0.07605778	3.42342	1.53E-01
1328.6	0.063192907	0.038160853	0.076055283	3.42315	1.54E-01
1330.42	0.063192074	0.038158355	0.076052785	3.42289	1.54E-01
1332.25	0.063191241	0.038155857	0.076050287	3.42262	1.54E-01
1334.08	0.063190409	0.038154192	0.07604779	3.42235	1.54E-01
1335.9	0.063189576	0.038151694	0.076045292	3.42209	1.54E-01
1337.72	0.063188744	0.038149197	0.076042794	3.42182	1.55E-01
1339.55	0.063187911	0.038147531	0.076040296	3.42156	1.55E-01
1341.38	0.063187079	0.038145034	0.076037799	3.42129	1.55E-01
1343.2	0.063186246	0.038143369	0.076035301	3.42103	1.55E-01
1345.03	0.063185413	0.038140871	0.076032803	3.42076	1.55E-01
1346.85	0.063184581	0.038139206	0.076030306	3.4205	1.56E-01
1348.67	0.063183748	0.038136708	0.076027808	3.42023	1.56E-01
1350.5	0.063182916	0.038135043	0.07602531	3.41997	1.56E-01
1352.33	0.063182083	0.038132545	0.076022812	3.41971	1.56E-01
1354.15	0.063181251	0.03813088	0.076021147	3.41944	1.56E-01
1355.97	0.063181251	0.038128382	0.07601865	3.41918	1.56E-01
1357.8	0.063180418	0.038126717	0.076016152	3.41892	1.57E-01
1359.63	0.063179585	0.038125052	0.076013654	3.41866	1.57E-01
1361.45	0.063178753	0.038122554	0.076011989	3.4184	1.57E-01
1363.28	0.06317792	0.038120889	0.076009491	3.41813	1.57E-01
1365.1	0.063177088	0.038119224	0.076006994	3.41787	1.57E-01
1366.92	0.063176255	0.038116726	0.076004496	3.41761	1.58E-01
1368.75	0.063175423	0.038115061	0.076002831	3.41735	1.58E-01
1370.58	0.06317459	0.038113396	0.076000333	3.41709	1.58E-01
1372.4	0.06317459	0.038110898	0.075998668	3.41683	1.58E-01
1374.22	0.063173757	0.038109233	0.07599617	3.41657	1.58E-01
1376.05	0.063172925	0.038107568	0.075993672	3.41631	1.59E-01
1377.88	0.063172092	0.038105903	0.075992007	3.41606	1.59E-01
1379.7	0.06317126	0.038103405	0.07598951	3.4158	1.59E-01
1381.53	0.063170427	0.03810174	0.075987844	3.41554	1.59E-01
1383.35	0.063170427	0.038100075	0.075985347	3.41528	1.59E-01
1385.17	0.063169595	0.03809841	0.075983682	3.41502	1.59E-01
1387	0.063168762	0.038096745	0.075981184	3.41477	1.60E-01
1388.83	0.063167929	0.03809508	0.075979519	3.41451	1.60E-01
1390.65	0.063167097	0.038092582	0.075977021	3.41425	1.60E-01
1392.47	0.063167097	0.038090917	0.075975356	3.414	1.60E-01
1394.3	0.063166264	0.038089252	0.075972858	3.41374	1.60E-01
1396.13	0.063165432	0.038087586	0.075971193	3.41348	1.61E-01
1397.95	0.063164599	0.038085921	0.075969528	3.41323	1.61E-01
1399.78	0.063164599	0.038084256	0.07596703	3.41297	1.61E-01
1401.6	0.063163767	0.038082591	0.075965365	3.41272	1.61E-01
1403.42	0.063162934	0.038080926	0.0759637	3.41246	1.61E-01
1405.25	0.063162101	0.038079261	0.075961202	3.41221	1.62E-01
1407.08	0.063162101	0.038077596	0.075959537	3.41196	1.62E-01
1408.9	0.063161269	0.03807593	0.075957872	3.4117	1.62E-01
1410.72	0.063160436	0.038074265	0.075955374	3.41145	1.62E-01
1412.55	0.063159604	0.0380726	0.075953709	3.4112	1.62E-01
1414.38	0.063159604	0.038070935	0.075952044	3.41094	1.63E-01
1416.2	0.063158771	0.03806927	0.075950379	3.41069	1.63E-01
1418.03	0.063157939	0.038067605	0.075948714	3.41044	1.63E-01
1419.85	0.063157106	0.038066772	0.075946216	3.41019	1.63E-01
1421.67	0.063157106	0.038065107	0.075944551	3.40994	1.63E-01
1423.5	0.063156273	0.038063442	0.075942886	3.40969	1.63E-01
1425.33	0.063155441	0.038061777	0.075941221	3.40943	1.64E-01
1427.15	0.063155441	0.038060112	0.075939555	3.40918	1.64E-01
1428.97	0.063154608	0.038058446	0.07593789	3.40893	1.64E-01
1430.8	0.063153776	0.038056781	0.075936225	3.40868	1.64E-01
1432.63	0.063153776	0.038055949	0.075933727	3.40843	1.64E-01
1434.45	0.063152943	0.038054284	0.075932062	3.40818	1.65E-01
1436.28	0.063152111	0.038052618	0.075930397	3.40793	1.65E-01
1438.1	0.063152111	0.038050953	0.075928732	3.40769	1.65E-01
1439.92	0.063151278	0.038050121	0.075927067	3.40744	1.65E-01
1441.75	0.063150445	0.038048456	0.075925402	3.40719	1.65E-01
1443.58	0.063150445	0.03804679	0.075923737	3.40694	1.66E-01
1445.4	0.063149613	0.038045125	0.075922071	3.40669	1.66E-01
1447.22	0.06314878	0.038044293	0.075920406	3.40645	1.66E-01
1449.05	0.06314878	0.038042628	0.075918741	3.4062	1.66E-01
1450.88	0.063147948	0.038040962	0.075917076	3.40595	1.66E-01
1452.7	0.063147115	0.03804013	0.075915411	3.4057	1.66E-01
1454.53	0.063147115	0.038038465	0.075914578	3.40546	1.67E-01
1456.35	0.063146283	0.0380368	0.075912913	3.40521	1.67E-01
1458.17	0.063146283	0.038035967	0.075911248	3.40497	1.67E-01
1460	0.06314545	0.038034302	0.075909583	3.40472	1.67E-01
1461.83	0.063144617	0.038033469	0.075907918	3.40448	1.67E-01
1463.65	0.063144617	0.038031804	0.075906253	3.40423	1.68E-01
1465.47	0.063143785	0.038030139	0.075904587	3.40399	1.68E-01
1467.3	0.063143785	0.038029306	0.075902922	3.40374	1.68E-01
1469.13	0.063142952	0.038027641	0.07590209	3.4035	1.68E-01
1470.95	0.06314212	0.038026809	0.075900425	3.40325	1.68E-01
1472.78	0.06314212	0.038025144	0.075898759	3.40301	1.69E-01
1474.6	0.063141287	0.038024311	0.075897094	3.40277	1.69E-01
1476.42	0.063141287	0.038022646	0.075896262	3.40252	1.69E-01
1478.25	0.063140455	0.038021813	0.075894597	3.40228	1.69E-01
1480.08	0.063140455	0.038020148	0.075892931	3.40204	1.69E-01
1481.9	0.063139622	0.038019316	0.075891266	3.4018	1.69E-01
1483.72	0.063138789	0.03801765	0.075890434	3.40156	1.70E-01
1485.55	0.063138789	0.038016818	0.075888769	3.40131	1.70E-01
1487.38	0.063137957	0.038015153	0.075887103	3.40107	1.70E-01
1489.2	0.063137957	0.03801432	0.075886271	3.40083	1.70E-01
1491.03	0.063137124	0.038012655	0.075884606	3.40059	1.70E-01
1492.85	0.063137124	0.038011822	0.075882941	3.40035	1.71E-01
1494.67	0.063136292	0.038010157	0.075882108	3.40011	1.71E-01
1496.5	0.063136292	0.038009325	0.075880443	3.39987	1.71E-01
1498.33	0.063135459	0.038008492	0.075878778	3.39963	1.71E-01
1500.15	0.063135459	0.038006827	0.075877945	3.39939	1.71E-01
1501.97	0.063134627	0.038005995	0.07587628	3.39915	1.72E-01
1503.8	0.063134627	0.038005162	0.075875448	3.39891	1.72E-01
1505.63	0.063133794	0.038003497	0.075873782	3.39867	1.72E-01
1507.45	0.063133794	0.038002664	0.075872117	3.39843	1.72E-01
1509.28	0.063132961	0.038001832	0.075871285	3.3982	1.72E-01
1511.1	0.063132961	0.038000167	0.07586962	3.39796	1.73E-01
1512.92	0.063132129	0.037999334	0.075868787	3.39772	1.73E-01
1514.75	0.063132129	0.037998501	0.075867122	3.39748	1.73E-01
1516.58	0.063131296	0.037996836	0.075866289	3.39725	1.73E-01
1518.4	0.063131296	0.037996004	0.075864624	3.39701	1.73E-01
1520.22	0.063130464	0.037995171	0.075863792	3.39677	1.73E-01
1522.05	0.063130464	0.037993506	0.075862126	3.39654	1.74E-01
1523.88	0.063129631	0.037992673	0.075861294	3.3963	1.74E-01
1525.7	0.063129631	0.037991841	0.075859629	3.39606	1.74E-01
1527.53	0.063128799	0.037991008	0.075858796	3.39583	1.74E-01
1529.35	0.063128799	0.037989343	0.075857964	3.39559	1.74E-01
1531.17	0.063127966	0.037988511	0.075856298	3.39536	1.75E-01
1533	0.063127966	0.037987678	0.075855466	3.39512	1.75E-01
1534.83	0.063127133	0.037986845	0.075853801	3.39489	1.75E-01
1536.65	0.063127133	0.037986013	0.075852968	3.39466	1.75E-01
1538.47	0.063126301	0.037984348	0.075851303	3.39442	1.75E-01
1540.3	0.063126301	0.037983515	0.07585047	3.39419	1.76E-01
1542.13	0.063126301	0.037982683	0.075849638	3.39395	1.76E-01
1543.95	0.063125468	0.03798185	0.075847973	3.39372	1.76E-01
1545.78	0.063125468	0.037981017	0.07584714	3.39349	1.76E-01
1547.6	0.063124636	0.037980185	0.075846308	3.39325	1.76E-01
1549.42	0.063124636	0.03797852	0.075844642	3.39302	1.76E-01
1551.25	0.063123803	0.037977687	0.07584381	3.39279	1.77E-01
1553.08	0.063123803	0.037976855	0.075842977	3.39256	1.77E-01
1554.9	0.063123803	0.037976022	0.075841312	3.39233	1.77E-01
1556.72	0.063122971	0.037975189	0.07584048	3.39209	1.77E-01
1558.55	0.063122971	0.037974357	0.075839647	3.39186	1.77E-01
1560.38	0.063122138	0.037973524	0.075838814	3.39163	1.78E-01
1562.2	0.063122138	0.037972692	0.075837149	3.3914	1.78E-01
1564.03	0.063121305	0.037971027	0.075836317	3.39117	1.78E-01
1565.85	0.063121305	0.037970194	0.075835484	3.39094	1.78E-01
1567.67	0.063121305	0.037969361	0.075834652	3.39071	1.78E-01
1569.5	0.063120473	0.037968529	0.075832986	3.39048	1.79E-01
1571.33	0.063120473	0.037967696	0.075832154	3.39025	1.79E-01
1573.15	0.06311964	0.037966864	0.075831321	3.39002	1.79E-01
1574.97	0.06311964	0.037966031	0.075830489	3.38979	1.79E-01
1576.8	0.06311964	0.037965199	0.075829656	3.38956	1.79E-01
1578.63	0.063118808	0.037964366	0.075827991	3.38934	1.79E-01
1580.45	0.063118808	0.037963533	0.075827158	3.38911	1.80E-01
1582.28	0.063118808	0.037962701	0.075826326	3.38888	1.80E-01
1584.1	0.063117975	0.037961868	0.075825493	3.38865	1.80E-01
1585.92	0.063117975	0.037961036	0.075824661	3.38842	1.80E-01
1587.75	0.063117143	0.037960203	0.075823828	3.3882	1.80E-01
1589.58	0.063117143	0.037959371	0.075822163	3.38797	1.81E-01
1591.4	0.063117143	0.037958538	0.07582133	3.38774	1.81E-01
1593.22	0.06311631	0.037957705	0.075820498	3.38752	1.81E-01
1595.05	0.06311631	0.037956873	0.075819665	3.38729	1.81E-01
1596.88	0.06311631	0.03795604	0.075818833	3.38706	1.81E-01
1598.7	0.063115477	0.037955208	0.075818	3.38684	1.82E-01
1600.53	0.063115477	0.037954375	0.075817168	3.38661	1.82E-01
1602.35	0.063114645	0.037953543	0.075816335	3.38639	1.82E-01
1604.17	0.063114645	0.037953543	0.075815502	3.38616	1.82E-01
1606	0.063114645	0.03795271	0.075813837	3.38594	1.82E-01
1607.83	0.063113812	0.037951877	0.075813005	3.38571	1.82E-01
1609.65	0.063113812	0.037951045	0.075812172	3.38549	1.83E-01
1611.47	0.063113812	0.037950212	0.07581134	3.38526	1.83E-01
1613.3	0.06311298	0.03794938	0.075810507	3.38504	1.83E-01
1615.13	0.06311298	0.037948547	0.075809674	3.38481	1.83E-01
1616.95	0.06311298	0.037947715	0.075808842	3.38459	1.83E-01
1618.78	0.063112147	0.037946882	0.075808009	3.38437	1.84E-01
1620.6	0.063112147	0.037946049	0.075807177	3.38414	1.84E-01
1622.42	0.063112147	0.037946049	0.075806344	3.38392	1.84E-01
1624.25	0.063111315	0.037945217	0.075805512	3.3837	1.84E-01
1626.08	0.063111315	0.037944384	0.075804679	3.38348	1.84E-01
1627.9	0.063111315	0.037943552	0.075803846	3.38325	1.85E-01
1629.72	0.063110482	0.037942719	0.075803014	3.38303	1.85E-01
1631.55	0.063110482	0.037941887	0.075802181	3.38281	1.85E-01
1633.38	0.063110482	0.037941887	0.075801349	3.38259	1.85E-01
1635.2	0.063110482	0.037941054	0.075800516	3.38237	1.85E-01
1637.03	0.063109649	0.037940221	0.075799684	3.38215	1.86E-01
1638.85	0.063109649	0.037939389	0.075798851	3.38193	1.86E-01
1640.67	0.063109649	0.037938556	0.075798851	3.3817	1.86E-01
1642.5	0.063108817	0.037937724	0.075798018	3.38148	1.86E-01
1644.33	0.063108817	0.037937724	0.075797186	3.38126	1.86E-01
1646.15	0.063108817	0.037936891	0.075796353	3.38104	1.86E-01
1647.97	0.063107984	0.037936059	0.075795521	3.38082	1.87E-01
1649.8	0.063107984	0.037935226	0.075794688	3.3806	1.87E-01
1651.63	0.063107984	0.037935226	0.075793856	3.38039	1.87E-01
1653.45	0.063107984	0.037934393	0.075793023	3.38017	1.87E-01
1655.28	0.063107152	0.037933561	0.07579219	3.37995	1.87E-01
1657.1	0.063107152	0.037932728	0.075791358	3.37973	1.88E-01
1658.92	0.063107152	0.037932728	0.075791358	3.37951	1.88E-01
1660.75	0.063106319	0.037931896	0.075790525	3.37929	1.88E-01
1662.58	0.063106319	0.037931063	0.075789693	3.37907	1.88E-01
1664.4	0.063106319	0.037930231	0.07578886	3.37886	1.88E-01
1666.22	0.063106319	0.037930231	0.075788028	3.37864	1.89E-01
1668.05	0.063105487	0.037929398	0.075787195	3.37842	1.89E-01
1669.88	0.063105487	0.037928565	0.075786363	3.3782	1.89E-01
1671.7	0.063105487	0.037927733	0.075786363	3.37799	1.89E-01
1673.53	0.063105487	0.037927733	0.07578553	3.37777	1.89E-01
1675.35	0.063104654	0.0379269	0.075784697	3.37755	1.89E-01
1677.17	0.063104654	0.037926068	0.075783865	3.37734	1.90E-01
1679	0.063104654	0.037926068	0.075783032	3.37712	1.90E-01
1680.83	0.063103821	0.037925235	0.075783032	3.37691	1.90E-01
1682.65	0.063103821	0.037924403	0.0757822	3.37669	1.90E-01
1684.47	0.063103821	0.037924403	0.075781367	3.37648	1.90E-01
1686.3	0.063103821	0.03792357	0.075780535	3.37626	1.91E-01
1688.13	0.063102989	0.037922737	0.075779702	3.37605	1.91E-01
1689.95	0.063102989	0.037922737	0.075779702	3.37583	1.91E-01
1691.78	0.063102989	0.037921905	0.075778869	3.37562	1.91E-01
1693.6	0.063102989	0.037921072	0.075778037	3.3754	1.91E-01
1695.42	0.063102156	0.037921072	0.075777204	3.37519	1.92E-01
1697.25	0.063102156	0.03792024	0.075777204	3.37497	1.92E-01
1699.08	0.063102156	0.037919407	0.075776372	3.37476	1.92E-01
1700.9	0.063102156	0.037919407	0.075775539	3.37455	1.92E-01
1702.72	0.063101324	0.037918575	0.075774707	3.37433	1.92E-01
1704.55	0.063101324	0.037917742	0.075774707	3.37412	1.92E-01
1706.38	0.063101324	0.037917742	0.075773874	3.37391	1.93E-01
1708.2	0.063101324	0.037916909	0.075773041	3.3737	1.93E-01
1710.03	0.063101324	0.037916909	0.075772209	3.37348	1.93E-01
1711.85	0.063100491	0.037916077	0.075772209	3.37327	1.93E-01
1713.67	0.063100491	0.037915244	0.075771376	3.37306	1.93E-01
1715.5	0.063100491	0.037915244	0.075770544	3.37285	1.94E-01
1717.33	0.063100491	0.037914412	0.075770544	3.37264	1.94E-01
1719.15	0.063099659	0.037914412	0.075769711	3.37242	1.94E-01
1720.97	0.063099659	0.037913579	0.075768879	3.37221	1.94E-01
1722.8	0.063099659	0.037912747	0.075768879	3.372	1.94E-01
1724.63	0.063099659	0.037912747	0.075768046	3.37179	1.95E-01
1726.45	0.063099659	0.037911914	0.075767213	3.37158	1.95E-01
1728.28	0.063098826	0.037911914	0.075767213	3.37137	1.95E-01
1730.1	0.063098826	0.037911082	0.075766381	3.37116	1.95E-01
1731.92	0.063098826	0.037910249	0.075765548	3.37095	1.95E-01
1733.75	0.063098826	0.037910249	0.075765548	3.37074	1.95E-01
1735.58	0.063097994	0.037909416	0.075764716	3.37053	1.96E-01
1737.4	0.063097994	0.037909416	0.075763883	3.37032	1.96E-01
1739.22	0.063097994	0.037908584	0.075763883	3.37011	1.96E-01
1741.05	0.063097994	0.037908584	0.075763051	3.3699	1.96E-01
1742.88	0.063097994	0.037907751	0.075762218	3.36969	1.96E-01
1744.7	0.063097161	0.037907751	0.075762218	3.36949	1.97E-01
1746.53	0.063097161	0.037906919	0.075761385	3.36928	1.97E-01
1748.35	0.063097161	0.037906919	0.075761385	3.36907	1.97E-01
1750.17	0.063097161	0.037906086	0.075760553	3.36886	1.97E-01
1752	0.063097161	0.037906086	0.07575972	3.36865	1.97E-01
1753.83	0.063096328	0.037905254	0.07575972	3.36845	1.98E-01
1755.65	0.063096328	0.037904421	0.075758888	3.36824	1.98E-01
1757.47	0.063096328	0.037904421	0.075758888	3.36803	1.98E-01
1759.3	0.063096328	0.037903588	0.075758055	3.36783	1.98E-01
1761.13	0.063096328	0.037903588	0.075757223	3.36762	1.98E-01
1762.95	0.063095496	0.037902756	0.075757223	3.36741	1.99E-01
1764.78	0.063095496	0.037902756	0.07575639	3.36721	1.99E-01
1766.6	0.063095496	0.037901923	0.07575639	3.367	1.99E-01
1768.42	0.063095496	0.037901923	0.075755557	3.36679	1.99E-01
1770.25	0.063095496	0.037901091	0.075754725	3.36659	1.99E-01
1772.08	0.063095496	0.037901091	0.075754725	3.36638	1.99E-01
1773.9	0.063094663	0.037901091	0.075753892	3.36618	2.00E-01
1775.72	0.063094663	0.037900258	0.075753892	3.36597	2.00E-01
1777.55	0.063094663	0.037900258	0.07575306	3.36577	2.00E-01
1779.38	0.063094663	0.037899426	0.07575306	3.36556	2.00E-01
1781.2	0.063094663	0.037899426	0.075752227	3.36536	2.00E-01
1783.03	0.063093831	0.037898593	0.075752227	3.36515	2.01E-01
1784.85	0.063093831	0.037898593	0.075751395	3.36495	2.01E-01
1786.67	0.063093831	0.03789776	0.075751395	3.36475	2.01E-01
1788.5	0.063093831	0.03789776	0.075750562	3.36454	2.01E-01
1790.33	0.063093831	0.037896928	0.075749729	3.36434	2.01E-01
1792.15	0.063093831	0.037896928	0.075749729	3.36413	2.02E-01
1793.97	0.063092998	0.037896095	0.075748897	3.36393	2.02E-01
1795.8	0.063092998	0.037896095	0.075748897	3.36373	2.02E-01
1797.63	0.063092998	0.037896095	0.075748064	3.36353	2.02E-01
1799.45	0.063092998	0.037895263	0.075748064	3.36332	2.02E-01
1801.28	0.063092998	0.037895263	0.075747232	3.36312	2.02E-01
1803.1	0.063092998	0.03789443	0.075747232	3.36292	2.03E-01
1804.92	0.063092166	0.03789443	0.075746399	3.36272	2.03E-01
1806.75	0.063092166	0.037893598	0.075746399	3.36251	2.03E-01
1808.58	0.063092166	0.037893598	0.075745567	3.36231	2.03E-01
1810.4	0.063092166	0.037893598	0.075745567	3.36211	2.03E-01
1812.22	0.063092166	0.037892765	0.075744734	3.36191	2.04E-01
1814.05	0.063092166	0.037892765	0.075744734	3.36171	2.04E-01
1815.88	0.063091333	0.037891932	0.075743901	3.36151	2.04E-01
1817.7	0.063091333	0.037891932	0.075743901	3.36131	2.04E-01
1819.53	0.063091333	0.037891932	0.075743901	3.36111	2.04E-01
1821.35	0.063091333	0.0378911	0.075743069	3.36091	2.05E-01
1823.17	0.063091333	0.0378911	0.075743069	3.3607	2.05E-01
1825	0.063091333	0.037890267	0.075742236	3.3605	2.05E-01
