title = "dataset bench13-1b"
variables = "time[day]","SOM-p1[mol/litre]","SOM-p2[mol/litre]","biomass1[mol/litre]","pH","pCO2"
zone t = "T_j, volume =     2", f=point
1.825	0.202456082	0.083673299	0.085121972	4.66711	5.00E-04
3.65	0.196661394	0.08398135	0.086862043	4.51704	9.98E-04
5.475	0.190991591	0.084264424	0.088560486	4.42964	1.49E-03
7.3	0.185438348	0.084522521	0.090200649	4.36794	1.98E-03
9.125	0.180018317	0.084763966	0.091790858	4.32035	2.47E-03
10.95	0.174731496	0.084972109	0.093331113	4.28171	2.95E-03
12.775	0.169594538	0.085155274	0.094813088	4.24926	3.43E-03
14.6	0.164615769	0.085321788	0.096245109	4.22135	3.90E-03
16.425	0.159778536	0.085455	0.097610524	4.19692	4.36E-03
18.25	0.155107818	0.085563234	0.098925985	4.17524	4.82E-03
20.075	0.150586962	0.085654816	0.100183165	4.1558	5.27E-03
21.9	0.146240946	0.085713096	0.101382066	4.1382	5.71E-03
23.725	0.142044792	0.085754725	0.102522688	4.12216	6.15E-03
25.55	0.138015153	0.085771376	0.103605029	4.10745	6.58E-03
27.375	0.134143702	0.085763051	0.104637416	4.09388	7.01E-03
29.2	0.130438764	0.085729748	0.105603197	4.08131	7.43E-03
31.025	0.12688369	0.085679794	0.106519024	4.06961	7.84E-03
32.85	0.123486804	0.085613188	0.107384897	4.05869	8.24E-03
34.675	0.12023978	0.085521605	0.10819249	4.04845	8.64E-03
36.5	0.117142619	0.085421697	0.108958455	4.03884	9.03E-03
38.325	0.114186995	0.085288486	0.109666139	4.02978	9.42E-03
40.15	0.111372908	0.085146949	0.11032387	4.02122	9.79E-03
41.975	0.108700358	0.08498876	0.110939972	4.01312	1.02E-02
43.8	0.106152693	0.084822246	0.111514445	4.00543	1.05E-02
45.625	0.10373824	0.084630755	0.112038964	3.99812	1.09E-02
47.45	0.101448672	0.084430938	0.112521855	3.99116	1.12E-02
49.275	0.099275664	0.08421447	0.112971443	3.98452	1.16E-02
51.1	0.097219216	0.083989676	0.113371077	3.97817	1.19E-02
52.925	0.095271002	0.083756556	0.113745733	3.97209	1.23E-02
54.75	0.093431022	0.083506785	0.114078761	3.96627	1.26E-02
56.575	0.091682624	0.083252852	0.114378486	3.96067	1.29E-02
58.4	0.090042461	0.082988094	0.114644909	3.95529	1.33E-02
60.225	0.088485555	0.082715844	0.114878028	3.95012	1.36E-02
62.05	0.087020231	0.0824361	0.115086171	3.94513	1.39E-02
63.875	0.085638165	0.082150529	0.115269336	3.94031	1.42E-02
65.7	0.08433103	0.081858297	0.115427525	3.93566	1.45E-02
67.525	0.083106319	0.081560236	0.11555241	3.93115	1.48E-02
69.35	0.081950712	0.081258013	0.115660644	3.9268	1.51E-02
71.175	0.080864208	0.080951628	0.115743901	3.92257	1.54E-02
73	0.079840979	0.080641079	0.115802181	3.91848	1.57E-02
74.825	0.078880193	0.0803272	0.11584381	3.9145	1.60E-02
76.65	0.077977687	0.080010823	0.115868787	3.91063	1.63E-02
78.475	0.077130131	0.079691949	0.115868787	3.90687	1.66E-02
80.3	0.076335026	0.07937141	0.115860461	3.9032	1.69E-02
82.125	0.075589043	0.079049205	0.115827158	3.89963	1.71E-02
83.95	0.074889684	0.078725335	0.11578553	3.89615	1.74E-02
85.775	0.074234452	0.078400633	0.11572725	3.89275	1.77E-02
87.6	0.07362168	0.07807593	0.115652319	3.88944	1.80E-02
89.425	0.073048039	0.077750395	0.115569062	3.8862	1.82E-02
91.25	0.072511864	0.077425693	0.115477479	3.88303	1.85E-02
93.075	0.072011489	0.077100991	0.115369245	3.87993	1.88E-02
94.9	0.071543585	0.076776288	0.115252685	3.8769	1.90E-02
96.725	0.071107318	0.076452419	0.1151278	3.87393	1.93E-02
98.55	0.070701024	0.076130214	0.114994588	3.87102	1.96E-02
100.375	0.070322205	0.075808842	0.114844726	3.86817	1.98E-02
102.2	0.069970027	0.075488302	0.114694863	3.86537	2.01E-02
104.025	0.069642827	0.075170261	0.114536675	3.86262	2.03E-02
105.85	0.069338939	0.074853051	0.114370161	3.85993	2.06E-02
107.675	0.069057531	0.07453834	0.114195321	3.85728	2.08E-02
109.5	0.068796936	0.074224461	0.114012156	3.85468	2.11E-02
111.325	0.068555491	0.073913912	0.11382899	3.85212	2.13E-02
113.15	0.068333195	0.073605029	0.113637499	3.84961	2.16E-02
114.975	0.068128382	0.07329781	0.113446008	3.84713	2.18E-02
116.8	0.067940221	0.072993922	0.113246191	3.8447	2.21E-02
118.625	0.067767047	0.072691699	0.113038048	3.8423	2.23E-02
120.45	0.067609691	0.072391974	0.112829906	3.83995	2.26E-02
122.275	0.067464824	0.072095579	0.112621763	3.83762	2.28E-02
124.1	0.06733411	0.071801682	0.112405295	3.83533	2.31E-02
125.925	0.067215053	0.07150945	0.112188827	3.83308	2.33E-02
127.75	0.067107651	0.071220548	0.111964033	3.83085	2.35E-02
129.575	0.067011906	0.070934976	0.111747565	3.82866	2.38E-02
131.4	0.066926151	0.070651902	0.111522771	3.8265	2.40E-02
133.225	0.066849555	0.070371326	0.111289651	3.82436	2.43E-02
135.05	0.066782949	0.07009408	0.111064857	3.82226	2.45E-02
136.875	0.066724669	0.069819332	0.110831738	3.82018	2.47E-02
138.7	0.066674715	0.069547082	0.110598618	3.81812	2.50E-02
140.525	0.066632254	0.069278162	0.110365498	3.8161	2.52E-02
142.35	0.066596453	0.069012572	0.110132379	3.8141	2.54E-02
144.175	0.066568146	0.06874948	0.109890933	3.81212	2.57E-02
146	0.066546499	0.068489718	0.109657814	3.81017	2.59E-02
147.825	0.06653068	0.068232454	0.109416368	3.80824	2.61E-02
149.65	0.066521522	0.067977687	0.109174923	3.80633	2.63E-02
151.475	0.066516527	0.067727084	0.108933478	3.80444	2.66E-02
153.3	0.066517359	0.067478145	0.108700358	3.80258	2.68E-02
155.125	0.066523187	0.067233369	0.108458913	3.80074	2.70E-02
156.95	0.066533178	0.066990259	0.108217467	3.79891	2.73E-02
158.775	0.066547332	0.066750479	0.107976022	3.79711	2.75E-02
160.6	0.066565648	0.066514029	0.107734577	3.79533	2.77E-02
162.425	0.066588128	0.066280077	0.107493131	3.79356	2.79E-02
164.25	0.066613937	0.066049455	0.107251686	3.79181	2.82E-02
166.075	0.066643077	0.06582133	0.107010241	3.79008	2.84E-02
167.9	0.06667638	0.065595704	0.106768795	3.78837	2.86E-02
169.725	0.066711348	0.065373408	0.10652735	3.78668	2.88E-02
171.55	0.066750479	0.065153609	0.10629423	3.785	2.91E-02
173.375	0.066791275	0.064936308	0.106052785	3.78334	2.93E-02
175.2	0.066835401	0.064722338	0.10581134	3.7817	2.95E-02
177.025	0.066882025	0.064510032	0.10557822	3.78007	2.97E-02
178.85	0.066930314	0.06430189	0.105336775	3.77845	3.00E-02
180.675	0.066981101	0.064095413	0.105103655	3.77686	3.02E-02
182.5	0.067033553	0.063891433	0.10486221	3.77527	3.04E-02
184.325	0.067088502	0.063690783	0.10462909	3.7737	3.06E-02
186.15	0.067145117	0.063492632	0.10439597	3.77215	3.08E-02
187.975	0.067203397	0.063296978	0.104162851	3.77061	3.11E-02
189.8	0.067262509	0.063103821	0.103929731	3.76908	3.13E-02
191.625	0.06732412	0.062913163	0.103696611	3.76757	3.15E-02
193.45	0.067386562	0.062725002	0.103463492	3.76607	3.17E-02
195.275	0.06745067	0.062539339	0.103230372	3.76458	3.19E-02
197.1	0.067516443	0.062355341	0.102997253	3.76311	3.21E-02
198.925	0.067583049	0.062174673	0.102772459	3.76164	3.24E-02
200.75	0.067650487	0.061996503	0.102547665	3.76019	3.26E-02
202.575	0.06771959	0.061819998	0.102314545	3.75876	3.28E-02
204.4	0.067789526	0.061646824	0.102089751	3.75733	3.30E-02
206.225	0.067860295	0.061475314	0.101864957	3.75592	3.32E-02
208.05	0.067931896	0.061306303	0.101640163	3.75451	3.34E-02
209.875	0.068004329	0.061138956	0.101423695	3.75312	3.37E-02
211.7	0.068077596	0.06097494	0.101198901	3.75174	3.39E-02
213.525	0.068151694	0.060812588	0.100982433	3.75037	3.41E-02
215.35	0.068225793	0.060651902	0.100757639	3.74901	3.43E-02
217.175	0.068301557	0.060493714	0.100541171	3.74767	3.45E-02
219	0.068377321	0.060338023	0.100324702	3.74633	3.47E-02
220.825	0.068453917	0.060183998	0.100108234	3.745	3.49E-02
222.65	0.068530514	0.06003247	0.099891766	3.74368	3.52E-02
224.475	0.068607943	0.059882608	0.099683623	3.74237	3.54E-02
226.3	0.068686204	0.059735243	0.099467155	3.74108	3.56E-02
228.125	0.068764466	0.059589543	0.099259013	3.73979	3.58E-02
229.95	0.068842727	0.059446341	0.09905087	3.73851	3.60E-02
231.775	0.068921822	0.059304804	0.098842727	3.73724	3.62E-02
233.6	0.069001748	0.059164932	0.098634585	3.73598	3.64E-02
235.425	0.069080843	0.059026726	0.098426442	3.73472	3.66E-02
237.25	0.069160769	0.058891017	0.098226626	3.73348	3.68E-02
239.075	0.069241529	0.058756973	0.098018483	3.73225	3.71E-02
240.9	0.069321455	0.058625427	0.097818666	3.73102	3.73E-02
242.725	0.069402215	0.058494713	0.097618849	3.7298	3.75E-02
244.55	0.069483807	0.058366497	0.097419033	3.72859	3.77E-02
246.375	0.069564566	0.058239947	0.097219216	3.72739	3.79E-02
248.2	0.069645325	0.058114229	0.097019399	3.7262	3.81E-02
250.025	0.069726917	0.057991008	0.096827908	3.72502	3.83E-02
251.85	0.069808509	0.057870286	0.096636417	3.72384	3.85E-02
253.675	0.069890101	0.057750395	0.0964366	3.72267	3.87E-02
255.5	0.069971693	0.057632171	0.096245109	3.72151	3.89E-02
257.325	0.070053284	0.057515611	0.096053618	3.72035	3.91E-02
259.15	0.070134876	0.057400716	0.095870452	3.71921	3.93E-02
260.975	0.070216468	0.057287486	0.095678961	3.71807	3.96E-02
262.8	0.07029806	0.057175922	0.095495796	3.71694	3.98E-02
264.625	0.070380485	0.057066023	0.095304304	3.71581	4.00E-02
266.45	0.070462076	0.056956956	0.095121139	3.71469	4.02E-02
268.275	0.070543668	0.056850387	0.094937974	3.71358	4.04E-02
270.1	0.07062526	0.056744651	0.094754808	3.71248	4.06E-02
271.925	0.070706852	0.056640579	0.094579968	3.71138	4.08E-02
273.75	0.070788444	0.056538173	0.094396803	3.71029	4.10E-02
275.575	0.070870036	0.056437432	0.094221963	3.70921	4.12E-02
277.4	0.070951628	0.056337524	0.094047123	3.70813	4.14E-02
279.225	0.07103322	0.056239281	0.093863958	3.70706	4.16E-02
281.05	0.071114811	0.056142703	0.093697444	3.706	4.18E-02
282.875	0.071195571	0.056046957	0.093522604	3.70494	4.20E-02
284.7	0.071277163	0.055952877	0.093347765	3.70389	4.22E-02
286.525	0.071357922	0.055860461	0.093181251	3.70284	4.24E-02
288.35	0.071438681	0.055768879	0.093006411	3.7018	4.26E-02
290.175	0.071519441	0.055678961	0.092839897	3.70077	4.28E-02
292	0.0716002	0.055590709	0.092673383	3.69974	4.30E-02
293.825	0.071680127	0.055503289	0.092506869	3.69872	4.32E-02
295.65	0.071760886	0.055416701	0.09234868	3.6977	4.34E-02
297.475	0.071840813	0.055331779	0.092182166	3.69669	4.36E-02
299.3	0.071920739	0.055248522	0.092023978	3.69568	4.38E-02
301.125	0.072000666	0.055166098	0.091857464	3.69468	4.41E-02
302.95	0.07207976	0.055084506	0.091699276	3.69369	4.43E-02
304.775	0.072159687	0.055004579	0.091541087	3.6927	4.45E-02
306.6	0.072238781	0.054925485	0.091382899	3.69172	4.47E-02
308.425	0.072317875	0.054848056	0.091233036	3.69074	4.49E-02
310.25	0.072396137	0.054771459	0.091074848	3.68977	4.51E-02
312.075	0.072475231	0.054695696	0.090924985	3.6888	4.53E-02
313.9	0.072553493	0.054621597	0.090766797	3.68784	4.55E-02
315.725	0.072631754	0.054548331	0.090616934	3.68688	4.57E-02
317.55	0.072709183	0.054475897	0.090467072	3.68593	4.59E-02
319.375	0.072787445	0.054404296	0.090317209	3.68498	4.61E-02
321.2	0.072864874	0.05433436	0.090175672	3.68404	4.63E-02
323.025	0.07294147	0.054265257	0.09002581	3.6831	4.65E-02
324.85	0.073018899	0.054197819	0.089884273	3.68217	4.67E-02
326.675	0.073095496	0.05413038	0.089742736	3.68124	4.69E-02
328.5	0.073172092	0.054064607	0.089592873	3.68032	4.71E-02
330.325	0.073248689	0.053999667	0.089451336	3.6794	4.73E-02
332.15	0.073324453	0.053935559	0.089309799	3.67848	4.75E-02
333.975	0.073400216	0.053873116	0.089176588	3.67757	4.77E-02
335.8	0.073475148	0.053810674	0.089035051	3.67667	4.79E-02
337.625	0.073550912	0.053749896	0.08890184	3.67577	4.81E-02
339.45	0.073625843	0.053689118	0.088760303	3.67487	4.83E-02
341.275	0.073699942	0.053630006	0.088627092	3.67398	4.85E-02
343.1	0.073774873	0.053571726	0.088493881	3.67309	4.87E-02
344.925	0.073848972	0.053514279	0.088360669	3.67221	4.89E-02
346.75	0.073922238	0.053457664	0.088227458	3.67133	4.91E-02
348.575	0.073995504	0.053401882	0.088102573	3.67045	4.92E-02
350.4	0.07406877	0.053346932	0.087969361	3.66958	4.94E-02
352.225	0.074142036	0.053292815	0.087844476	3.66871	4.96E-02
354.05	0.07421447	0.053240363	0.087711265	3.66785	4.98E-02
355.875	0.074286904	0.053187911	0.087586379	3.66699	5.00E-02
357.7	0.074359337	0.053136292	0.087461494	3.66614	5.02E-02
359.525	0.074430938	0.053085505	0.087336608	3.66529	5.04E-02
361.35	0.074502539	0.053035551	0.087220048	3.66444	5.06E-02
363.175	0.074573308	0.052986429	0.087095163	3.6636	5.08E-02
365	0.074644076	0.05293814	0.086970277	3.66276	5.10E-02
366.825	0.074714845	0.052890684	0.086853717	3.66192	5.12E-02
368.65	0.074784781	0.05284406	0.086737158	3.66109	5.14E-02
370.475	0.074854717	0.052798268	0.086620598	3.66026	5.16E-02
372.3	0.074924652	0.052752477	0.086504038	3.65943	5.18E-02
374.125	0.074993756	0.052708351	0.086387478	3.65861	5.20E-02
375.95	0.075062859	0.052664224	0.086270918	3.6578	5.22E-02
377.775	0.07513113	0.052620931	0.086154359	3.65698	5.24E-02
379.6	0.075199401	0.05257847	0.086046124	3.65617	5.26E-02
381.425	0.075267671	0.052536841	0.085929565	3.65536	5.28E-02
383.25	0.075335109	0.052496045	0.08582133	3.65456	5.30E-02
385.075	0.075402548	0.052455249	0.085713096	3.65376	5.32E-02
386.9	0.075469153	0.052415286	0.085604862	3.65296	5.34E-02
388.725	0.075535759	0.052376988	0.085496628	3.65217	5.36E-02
390.55	0.075602364	0.052337857	0.085388394	3.65138	5.38E-02
392.375	0.075668138	0.052300391	0.08528016	3.65059	5.40E-02
394.2	0.075733911	0.052262926	0.085171926	3.64981	5.42E-02
396.025	0.075798851	0.052227125	0.085072017	3.64903	5.44E-02
397.85	0.075863792	0.052190492	0.084972109	3.64825	5.45E-02
399.675	0.075928732	0.052155524	0.084863875	3.64748	5.47E-02
401.5	0.07599284	0.052120556	0.084763966	3.6467	5.49E-02
403.325	0.076056948	0.052087253	0.084664058	3.64594	5.51E-02
405.15	0.076120223	0.052053118	0.08456415	3.64517	5.53E-02
406.975	0.076183498	0.052020648	0.084464241	3.64441	5.55E-02
408.8	0.076246774	0.051988178	0.084364333	3.64365	5.57E-02
410.625	0.076309217	0.05195654	0.08427275	3.6429	5.59E-02
412.45	0.076371659	0.051924902	0.084172842	3.64214	5.61E-02
414.275	0.07643327	0.051894097	0.084081259	3.64139	5.63E-02
416.1	0.07649488	0.051864125	0.08398135	3.64065	5.65E-02
417.925	0.07655649	0.051834985	0.083889768	3.6399	5.67E-02
419.75	0.076617268	0.051805845	0.083798185	3.63916	5.69E-02
421.575	0.076677213	0.051776705	0.083706602	3.63842	5.71E-02
423.4	0.07673799	0.05174923	0.08361502	3.63769	5.73E-02
425.225	0.076797103	0.051721755	0.083523437	3.63695	5.75E-02
427.05	0.076857048	0.05169428	0.08344018	3.63622	5.77E-02
428.875	0.07691616	0.051667638	0.083348597	3.6355	5.78E-02
430.7	0.07697444	0.051641828	0.08326534	3.63477	5.80E-02
432.525	0.077033553	0.051616851	0.08317459	3.63405	5.82E-02
434.35	0.077091	0.051591042	0.083088835	3.63333	5.84E-02
436.175	0.07714928	0.051566897	0.083003913	3.63262	5.86E-02
438	0.077206727	0.051542752	0.082918991	3.6319	5.88E-02
439.825	0.077263342	0.051518608	0.082835734	3.63119	5.90E-02
441.65	0.077319957	0.051496129	0.082753309	3.63048	5.92E-02
443.475	0.077376571	0.051472817	0.082670885	3.62978	5.94E-02
445.3	0.077432354	0.051450337	0.082590126	3.62907	5.96E-02
447.125	0.077488136	0.05142869	0.082509366	3.62837	5.98E-02
448.95	0.077543086	0.051407044	0.082430272	3.62767	6.00E-02
450.775	0.077598035	0.051386229	0.082351178	3.62698	6.02E-02
452.6	0.077652985	0.051365415	0.082272916	3.62628	6.03E-02
454.425	0.077707102	0.051345433	0.082195487	3.62559	6.05E-02
456.25	0.077761219	0.051325452	0.082118891	3.6249	6.07E-02
458.075	0.077814503	0.051306303	0.082043127	3.62422	6.09E-02
459.9	0.077867788	0.051287153	0.081968196	3.62353	6.11E-02
461.725	0.07792024	0.051268004	0.081893265	3.62285	6.13E-02
463.55	0.077972692	0.05125052	0.081819998	3.62217	6.15E-02
465.375	0.078025144	0.051232204	0.081746732	3.6215	6.17E-02
467.2	0.078076763	0.05121472	0.081674299	3.62082	6.19E-02
469.025	0.078128382	0.051197236	0.081602698	3.62015	6.21E-02
470.85	0.078179169	0.051180584	0.081531929	3.61948	6.23E-02
472.675	0.078229956	0.051164766	0.081461993	3.61881	6.25E-02
474.5	0.07827991	0.051148114	0.08139289	3.61815	6.27E-02
476.325	0.078330697	0.051133128	0.081323787	3.61748	6.28E-02
478.15	0.078379818	0.051117309	0.081255516	3.61682	6.30E-02
479.975	0.07842894	0.051102323	0.081188078	3.61616	6.32E-02
481.8	0.078478062	0.051087337	0.081121472	3.61551	6.34E-02
483.625	0.078527183	0.051073183	0.081055699	3.61485	6.36E-02
485.45	0.078575472	0.051059029	0.080989926	3.6142	6.38E-02
487.275	0.078622929	0.051045708	0.080924985	3.61355	6.40E-02
489.1	0.078671218	0.051032387	0.080860878	3.6129	6.42E-02
490.925	0.078717842	0.051019066	0.080797602	3.61226	6.44E-02
492.75	0.078765298	0.051006577	0.080734327	3.61161	6.46E-02
494.575	0.078811922	0.050994089	0.080672717	3.61097	6.48E-02
496.4	0.078857714	0.0509816	0.080611106	3.61033	6.49E-02
498.225	0.078903505	0.050969944	0.080549496	3.60969	6.51E-02
500.05	0.078949296	0.050958288	0.080489551	3.60906	6.53E-02
501.875	0.078995088	0.050947465	0.080429606	3.60843	6.55E-02
503.7	0.079040047	0.050936641	0.080370494	3.60779	6.57E-02
505.525	0.079084173	0.050925818	0.080312214	3.60716	6.59E-02
507.35	0.079128299	0.050914995	0.080253934	3.60654	6.61E-02
509.175	0.079172425	0.050905004	0.080196487	3.60591	6.63E-02
511	0.079215719	0.050895013	0.080139872	3.60529	6.65E-02
512.825	0.079259013	0.050885855	0.08008409	3.60467	6.67E-02
514.65	0.079302306	0.050876696	0.080028307	3.60405	6.69E-02
516.475	0.079344767	0.050867538	0.079973358	3.60343	6.70E-02
518.3	0.079387228	0.05085838	0.079919241	3.60281	6.72E-02
520.125	0.079428857	0.050850054	0.079865124	3.6022	6.74E-02
521.95	0.079470485	0.050841728	0.079811839	3.60158	6.76E-02
523.775	0.079512114	0.050833403	0.079759387	3.60097	6.78E-02
525.6	0.07955291	0.05082591	0.079706935	3.60037	6.80E-02
527.425	0.079593706	0.050817584	0.079655316	3.59976	6.82E-02
529.25	0.079633669	0.050810923	0.079604529	3.59915	6.84E-02
531.075	0.079673633	0.05080343	0.079553742	3.59855	6.86E-02
532.9	0.079713596	0.05079677	0.079503788	3.59795	6.88E-02
534.725	0.079752727	0.050790109	0.079453834	3.59735	6.89E-02
536.55	0.079791857	0.050783449	0.079404712	3.59675	6.91E-02
538.375	0.079830156	0.050776788	0.079356423	3.59615	6.93E-02
540.2	0.079868454	0.05077096	0.079308967	3.59556	6.95E-02
542.025	0.079906752	0.050765132	0.07926151	3.59497	6.97E-02
543.85	0.079944218	0.050759304	0.079214054	3.59438	6.99E-02
545.675	0.079981683	0.050754309	0.07916743	3.59379	7.01E-02
547.5	0.080019149	0.050749313	0.079121638	3.5932	7.03E-02
549.325	0.080055782	0.050744318	0.07907668	3.59261	7.05E-02
551.15	0.080092415	0.050739322	0.079031721	3.59203	7.07E-02
552.975	0.080129048	0.050734327	0.078986762	3.59145	7.08E-02
554.8	0.080164849	0.050730164	0.078942636	3.59087	7.10E-02
556.625	0.080200649	0.050726001	0.078899342	3.59029	7.12E-02
558.45	0.080235617	0.050721838	0.078856881	3.58971	7.14E-02
560.275	0.080270585	0.050717675	0.078813588	3.58913	7.16E-02
562.1	0.080305553	0.050714345	0.078771959	3.58856	7.18E-02
563.925	0.080339689	0.050711015	0.078730331	3.58799	7.20E-02
565.75	0.080373824	0.050707685	0.078688702	3.58741	7.22E-02
567.575	0.080407959	0.050704354	0.078647906	3.58684	7.24E-02
569.4	0.080441262	0.050701024	0.078607943	3.58628	7.25E-02
571.225	0.080474565	0.050698526	0.078567979	3.58571	7.27E-02
573.05	0.080507035	0.050696029	0.078528849	3.58514	7.29E-02
574.875	0.080540338	0.050692698	0.078489718	3.58458	7.31E-02
576.7	0.080571976	0.050691033	0.07845142	3.58402	7.33E-02
578.525	0.080604446	0.050688536	0.078413121	3.58346	7.35E-02
580.35	0.080636084	0.05068687	0.078375656	3.5829	7.37E-02
582.175	0.080667721	0.050684373	0.07833819	3.58234	7.39E-02
584	0.080699359	0.050682708	0.078301557	3.58179	7.41E-02
585.825	0.080730164	0.050681042	0.078264924	3.58123	7.43E-02
587.65	0.080760969	0.050679377	0.078229123	3.58068	7.44E-02
589.475	0.080790942	0.050678545	0.078193323	3.58013	7.46E-02
591.3	0.080820914	0.05067688	0.078158355	3.57958	7.48E-02
593.125	0.080850887	0.050676047	0.078123387	3.57903	7.50E-02
594.95	0.080880027	0.050675214	0.078088419	3.57848	7.52E-02
596.775	0.080909999	0.050674382	0.078054284	3.57794	7.54E-02
598.6	0.080938307	0.050673549	0.078020981	3.57739	7.56E-02
600.425	0.080967447	0.050673549	0.077987678	3.57685	7.58E-02
602.25	0.080995754	0.050672717	0.077955208	3.57631	7.60E-02
604.075	0.081024061	0.050672717	0.077921905	3.57577	7.61E-02
605.9	0.081052369	0.050672717	0.077890267	3.57523	7.63E-02
607.725	0.081079843	0.050672717	0.07785863	3.57469	7.65E-02
609.55	0.081107318	0.050672717	0.077826992	3.57416	7.67E-02
611.375	0.081133961	0.050672717	0.077796187	3.57362	7.69E-02
613.2	0.081161435	0.050672717	0.077765382	3.57309	7.71E-02
615.025	0.081188078	0.050673549	0.077734577	3.57256	7.73E-02
616.85	0.081213887	0.050673549	0.077704604	3.57203	7.75E-02
618.675	0.08124053	0.050674382	0.077675464	3.5715	7.77E-02
620.5	0.081266339	0.050675214	0.077646324	3.57097	7.78E-02
622.325	0.081292149	0.050676047	0.077617184	3.57044	7.80E-02
624.15	0.081317126	0.05067688	0.077588877	3.56992	7.82E-02
625.975	0.081342103	0.050677712	0.077560569	3.56939	7.84E-02
627.8	0.08136708	0.050679377	0.077532262	3.56887	7.86E-02
629.625	0.081392057	0.05068021	0.077504787	3.56835	7.88E-02
631.45	0.081416202	0.050681875	0.077477312	3.56783	7.90E-02
633.275	0.081440346	0.05068354	0.07745067	3.56731	7.92E-02
635.1	0.081464491	0.050684373	0.077424028	3.56679	7.94E-02
636.925	0.081487803	0.050686038	0.077397386	3.56628	7.95E-02
638.75	0.081511115	0.050687703	0.077371576	3.56576	7.97E-02
640.575	0.081534427	0.050690201	0.077345766	3.56525	7.99E-02
642.4	0.081557739	0.050691866	0.077319957	3.56474	8.01E-02
644.225	0.081580218	0.050693531	0.07729498	3.56423	8.03E-02
646.05	0.081602698	0.050696029	0.077270002	3.56372	8.05E-02
647.875	0.081625177	0.050697694	0.077245858	3.56321	8.07E-02
649.7	0.081647656	0.050700191	0.077221713	3.5627	8.09E-02
651.525	0.081669303	0.050701857	0.077197569	3.56219	8.10E-02
653.35	0.08169095	0.050704354	0.077174257	3.56169	8.12E-02
655.175	0.081711764	0.050706852	0.077150945	3.56118	8.14E-02
657	0.081733411	0.05070935	0.077127633	3.56068	8.16E-02
658.825	0.081754225	0.050711847	0.077105154	3.56018	8.18E-02
660.65	0.08177504	0.050714345	0.077082674	3.55968	8.20E-02
662.475	0.081795021	0.050717675	0.077060195	3.55918	8.22E-02
664.3	0.081815835	0.050720173	0.077038548	3.55868	8.24E-02
666.125	0.081835817	0.050722671	0.077016901	3.55819	8.26E-02
667.95	0.081855799	0.050726001	0.076995254	3.55769	8.27E-02
669.775	0.081874948	0.050728499	0.07697444	3.5572	8.29E-02
671.6	0.08189493	0.050731829	0.076953626	3.5567	8.31E-02
673.425	0.081914079	0.050735159	0.076932812	3.55621	8.33E-02
675.25	0.081933228	0.05073849	0.076911997	3.55572	8.35E-02
677.075	0.081951544	0.050740987	0.076892016	3.55523	8.37E-02
678.9	0.081970694	0.050744318	0.076872034	3.55474	8.39E-02
680.725	0.08198901	0.050747648	0.076852885	3.55425	8.41E-02
682.55	0.082007327	0.050750978	0.076833736	3.55377	8.43E-02
684.375	0.082025643	0.050754309	0.076814587	3.55328	8.44E-02
686.2	0.082043127	0.050758471	0.076795438	3.5528	8.46E-02
688.025	0.082060611	0.050761802	0.076776288	3.55231	8.48E-02
689.85	0.082078095	0.050765132	0.076757972	3.55183	8.50E-02
691.675	0.082095579	0.050768462	0.076740488	3.55135	8.52E-02
693.5	0.08211223	0.050772625	0.076722171	3.55087	8.54E-02
695.325	0.082129714	0.050775955	0.076704687	3.55039	8.56E-02
697.15	0.082146366	0.050780118	0.076687203	3.54991	8.58E-02
698.975	0.082163017	0.050783449	0.076669719	3.54944	8.59E-02
700.8	0.082178836	0.050787611	0.076652235	3.54896	8.61E-02
702.625	0.082195487	0.050791774	0.076635584	3.54849	8.63E-02
704.45	0.082211306	0.050795104	0.076618933	3.54801	8.65E-02
706.275	0.082227125	0.050799267	0.076603114	3.54754	8.67E-02
708.1	0.082242944	0.05080343	0.076586462	3.54707	8.69E-02
709.925	0.08225793	0.050807593	0.076570644	3.5466	8.71E-02
711.75	0.082272916	0.050811756	0.076554825	3.54613	8.73E-02
713.575	0.082287903	0.050815919	0.076539006	3.54566	8.75E-02
715.4	0.082302889	0.050820082	0.07652402	3.54519	8.76E-02
717.225	0.082317875	0.050824244	0.076509033	3.54473	8.78E-02
719.05	0.082332862	0.050828407	0.076494047	3.54426	8.80E-02
720.875	0.082347015	0.05083257	0.076479061	3.5438	8.82E-02
722.7	0.082361169	0.050836733	0.076464075	3.54333	8.84E-02
724.525	0.082375323	0.050840896	0.076449921	3.54287	8.86E-02
726.35	0.082389476	0.050845059	0.076435767	3.54241	8.88E-02
728.175	0.082402797	0.050849222	0.076421614	3.54195	8.90E-02
730	0.082416951	0.050854217	0.076408292	3.54149	8.91E-02
731.825	0.082430272	0.05085838	0.076394139	3.54103	8.93E-02
733.65	0.082443593	0.050862543	0.076380818	3.54057	8.95E-02
735.475	0.082456082	0.050867538	0.076367496	3.54012	8.97E-02
737.3	0.082469403	0.050871701	0.076354175	3.53966	8.99E-02
739.125	0.082481892	0.050875864	0.076341687	3.53921	9.01E-02
740.95	0.082495213	0.050880859	0.076329198	3.53875	9.03E-02
742.775	0.082507701	0.050885022	0.07631671	3.5383	9.05E-02
744.6	0.082519357	0.050890017	0.076304221	3.53785	9.07E-02
746.425	0.082531846	0.05089418	0.076291733	3.5374	9.08E-02
748.25	0.082544334	0.050899176	0.076280077	3.53695	9.10E-02
750.075	0.08255599	0.050903339	0.076267588	3.5365	9.12E-02
751.9	0.082567646	0.050908334	0.076255932	3.53605	9.14E-02
753.725	0.082579302	0.050913329	0.076244276	3.53561	9.16E-02
755.55	0.082590958	0.050917492	0.076233453	3.53516	9.18E-02
757.375	0.082601782	0.050922488	0.076221797	3.53472	9.20E-02
759.2	0.082613438	0.050927483	0.076210973	3.53427	9.22E-02
761.025	0.082624261	0.050931646	0.076199317	3.53383	9.23E-02
762.85	0.082635085	0.050936641	0.076189326	3.53339	9.25E-02
764.675	0.082645908	0.050941637	0.076178503	3.53294	9.27E-02
766.5	0.082656731	0.0509458	0.07616768	3.5325	9.29E-02
768.325	0.082667555	0.050950795	0.076157689	3.53206	9.31E-02
770.15	0.082677546	0.050955791	0.076146865	3.53162	9.33E-02
771.975	0.082688369	0.050960786	0.076136875	3.53119	9.35E-02
773.8	0.08269836	0.050964949	0.076126884	3.53075	9.37E-02
775.625	0.082708351	0.050969944	0.076117725	3.53031	9.39E-02
777.45	0.082718342	0.05097494	0.076107735	3.52988	9.40E-02
779.275	0.082728332	0.050979935	0.076098576	3.52944	9.42E-02
781.1	0.082737491	0.05098493	0.076088585	3.52901	9.44E-02
782.925	0.082747481	0.050989093	0.076079427	3.52858	9.46E-02
784.75	0.08275664	0.050994089	0.076070269	3.52815	9.48E-02
786.575	0.082765798	0.050999084	0.076061943	3.52772	9.50E-02
788.4	0.082774956	0.05100408	0.076052785	3.52728	9.52E-02
790.225	0.082784115	0.051009075	0.076044459	3.52686	9.54E-02
792.05	0.082793273	0.05101407	0.076035301	3.52643	9.55E-02
793.875	0.082801599	0.051019066	0.076026975	3.526	9.57E-02
795.7	0.082810757	0.051023229	0.07601865	3.52557	9.59E-02
797.525	0.082819083	0.051028224	0.076010324	3.52515	9.61E-02
799.35	0.082827408	0.05103322	0.076001998	3.52472	9.63E-02
801.175	0.082835734	0.051038215	0.075994505	3.5243	9.65E-02
803	0.08284406	0.05104321	0.075986179	3.52387	9.67E-02
804.825	0.082852385	0.051048206	0.075978686	3.52345	9.69E-02
806.65	0.082860711	0.051053201	0.075971193	3.52303	9.70E-02
808.475	0.082868204	0.051058197	0.0759637	3.52261	9.72E-02
810.3	0.08287653	0.05106236	0.075956207	3.52219	9.74E-02
812.125	0.082884023	0.051067355	0.075948714	3.52177	9.76E-02
813.95	0.082891516	0.05107235	0.075942053	3.52135	9.78E-02
815.775	0.082899009	0.051077346	0.07593456	3.52093	9.80E-02
817.6	0.082906502	0.051082341	0.075927899	3.52052	9.82E-02
819.425	0.082913996	0.051087337	0.075921239	3.5201	9.84E-02
821.25	0.082920656	0.051092332	0.075913746	3.51969	9.86E-02
823.075	0.082928149	0.051097327	0.075907085	3.51927	9.87E-02
824.9	0.08293481	0.05110149	0.075901257	3.51886	9.89E-02
826.725	0.082942303	0.051106486	0.075894597	3.51844	9.91E-02
828.55	0.082948963	0.051111481	0.075887936	3.51803	9.93E-02
830.375	0.082955624	0.051116477	0.075882108	3.51762	9.95E-02
832.2	0.082962285	0.051121472	0.075875448	3.51721	9.97E-02
834.025	0.082968945	0.051126467	0.07586962	3.5168	9.99E-02
835.85	0.082975606	0.05113063	0.075863792	3.51639	1.00E-01
837.675	0.082981434	0.051135626	0.075857964	3.51598	1.00E-01
839.5	0.082988094	0.051140621	0.075852136	3.51558	1.00E-01
841.325	0.082993922	0.051145617	0.075846308	3.51517	1.01E-01
843.15	0.083000583	0.051150612	0.07584048	3.51476	1.01E-01
844.975	0.083006411	0.051154775	0.075835484	3.51436	1.01E-01
846.8	0.083012239	0.05115977	0.075829656	3.51395	1.01E-01
848.625	0.083018067	0.051164766	0.075824661	3.51355	1.01E-01
850.45	0.083023895	0.051169761	0.075818833	3.51315	1.02E-01
852.275	0.083029723	0.051173924	0.075813837	3.51275	1.02E-01
854.1	0.083035551	0.051178919	0.075808842	3.51234	1.02E-01
855.925	0.083040546	0.051183915	0.075803846	3.51194	1.02E-01
857.75	0.083046374	0.05118891	0.075798851	3.51154	1.02E-01
859.575	0.08305137	0.051193073	0.075793856	3.51114	1.03E-01
861.4	0.083057198	0.051198068	0.075789693	3.51075	1.03E-01
863.225	0.083062193	0.051203064	0.075784697	3.51035	1.03E-01
865.05	0.083067188	0.051207227	0.075780535	3.50995	1.03E-01
866.875	0.083072184	0.051212222	0.075775539	3.50955	1.03E-01
868.7	0.083077179	0.051217218	0.075771376	3.50916	1.03E-01
870.525	0.083082175	0.05122138	0.075767213	3.50876	1.04E-01
872.35	0.08308717	0.051226376	0.075762218	3.50837	1.04E-01
874.175	0.083092166	0.051231371	0.075758055	3.50798	1.04E-01
876	0.083096328	0.051235534	0.075753892	3.50758	1.04E-01
877.825	0.083101324	0.05124053	0.075749729	3.50719	1.04E-01
879.65	0.083105487	0.051244692	0.075746399	3.5068	1.05E-01
881.475	0.083110482	0.051249688	0.075742236	3.50641	1.05E-01
883.3	0.083114645	0.051253851	0.075738073	3.50602	1.05E-01
885.125	0.083118808	0.051258846	0.075734743	3.50563	1.05E-01
886.95	0.083123803	0.051263009	0.07573058	3.50524	1.05E-01
888.775	0.083127966	0.051268004	0.07572725	3.50485	1.06E-01
890.6	0.083132129	0.051272167	0.075723087	3.50447	1.06E-01
892.425	0.083136292	0.051277163	0.075719757	3.50408	1.06E-01
894.25	0.083139622	0.051281325	0.075716427	3.50369	1.06E-01
896.075	0.083143785	0.051286321	0.075713096	3.50331	1.06E-01
897.9	0.083147948	0.051290484	0.075709766	3.50292	1.06E-01
899.725	0.083152111	0.051294647	0.075706436	3.50254	1.07E-01
901.55	0.083155441	0.051299642	0.075703105	3.50216	1.07E-01
903.375	0.083159604	0.051303805	0.075699775	3.50178	1.07E-01
905.2	0.083162934	0.051307968	0.075696445	3.50139	1.07E-01
907.025	0.083166264	0.051312963	0.075693947	3.50101	1.07E-01
908.85	0.083170427	0.051317126	0.075690617	3.50063	1.08E-01
910.675	0.083173757	0.051321289	0.075687287	3.50025	1.08E-01
912.5	0.083177088	0.051326284	0.075684789	3.49987	1.08E-01
914.325	0.083180418	0.051330447	0.075681459	3.49949	1.08E-01
916.15	0.083183748	0.05133461	0.075678961	3.49912	1.08E-01
917.975	0.083187079	0.051338773	0.075676463	3.49874	1.09E-01
919.8	0.083190409	0.051343768	0.075673966	3.49836	1.09E-01
921.625	0.083193739	0.051347931	0.075670635	3.49799	1.09E-01
923.45	0.083196237	0.051352094	0.075668138	3.49761	1.09E-01
925.275	0.083199567	0.051356257	0.07566564	3.49724	1.09E-01
927.1	0.083202897	0.05136042	0.075663142	3.49686	1.09E-01
928.925	0.083205395	0.051364582	0.075660644	3.49649	1.10E-01
930.75	0.083208725	0.051368745	0.075658147	3.49612	1.10E-01
932.575	0.083211223	0.051372908	0.075656482	3.49575	1.10E-01
934.4	0.083214553	0.051377071	0.075653984	3.49537	1.10E-01
936.225	0.083217051	0.051381234	0.075651486	3.495	1.10E-01
938.05	0.083219549	0.051385397	0.075648988	3.49463	1.11E-01
939.875	0.083222879	0.05138956	0.075647323	3.49426	1.11E-01
941.7	0.083225377	0.051393722	0.075644826	3.4939	1.11E-01
943.525	0.083227874	0.051397885	0.07564316	3.49353	1.11E-01
945.35	0.083230372	0.051402048	0.075640663	3.49316	1.11E-01
947.175	0.08323287	0.051406211	0.075638998	3.49279	1.12E-01
949	0.083235368	0.051410374	0.075637332	3.49243	1.12E-01
950.825	0.083237865	0.051414537	0.075634835	3.49206	1.12E-01
952.65	0.083240363	0.0514187	0.07563317	3.4917	1.12E-01
954.475	0.083242028	0.051422862	0.075631504	3.49133	1.12E-01
956.3	0.083244526	0.051426193	0.075629839	3.49097	1.12E-01
958.125	0.083247024	0.051430356	0.075628174	3.4906	1.13E-01
959.95	0.083249521	0.051434518	0.075626509	3.49024	1.13E-01
961.775	0.083251186	0.051438681	0.075624844	3.48988	1.13E-01
963.6	0.083253684	0.051442011	0.075623179	3.48952	1.13E-01
965.425	0.083255349	0.051446174	0.075621514	3.48916	1.13E-01
967.25	0.083257014	0.051450337	0.075619848	3.4888	1.14E-01
969.075	0.083257014	0.051453667	0.075618183	3.48844	1.14E-01
970.9	0.08326534	0.05145783	0.075616518	3.48808	1.14E-01
972.725	0.08326534	0.051461993	0.075614853	3.48772	1.14E-01
974.55	0.08326534	0.051465323	0.07561402	3.48736	1.14E-01
976.375	0.08326534	0.051469486	0.075612355	3.487	1.15E-01
978.2	0.08326534	0.051472817	0.07561069	3.48665	1.15E-01
980.025	0.083273666	0.051476979	0.075609858	3.48629	1.15E-01
981.85	0.083273666	0.05148031	0.075608192	3.48593	1.15E-01
983.675	0.083273666	0.051484473	0.07560736	3.48558	1.15E-01
985.5	0.083273666	0.051487803	0.075605695	3.48522	1.15E-01
987.325	0.083281992	0.051491966	0.075604862	3.48487	1.16E-01
989.15	0.083281992	0.051495296	0.075603197	3.48452	1.16E-01
990.975	0.083281992	0.051499459	0.075602364	3.48416	1.16E-01
992.8	0.083281992	0.051502789	0.075601532	3.48381	1.16E-01
994.625	0.083281992	0.051506119	0.075599867	3.48346	1.16E-01
996.45	0.083281992	0.051510282	0.075599034	3.48311	1.17E-01
998.275	0.083290317	0.051513613	0.075598202	3.48276	1.17E-01
1000.1	0.083290317	0.051516943	0.075597369	3.48241	1.17E-01
1001.92	0.083290317	0.051521106	0.075596537	3.48206	1.17E-01
1003.75	0.083290317	0.051524436	0.075595704	3.48171	1.17E-01
1005.58	0.083290317	0.051527766	0.075594039	3.48136	1.18E-01
1007.4	0.083290317	0.051531096	0.075593206	3.48102	1.18E-01
1009.23	0.083298643	0.051534427	0.075592374	3.48067	1.18E-01
1011.05	0.083298643	0.05153859	0.075591541	3.48032	1.18E-01
1012.88	0.083298643	0.05154192	0.075590709	3.47998	1.18E-01
1014.7	0.083298643	0.05154525	0.075589876	3.47963	1.18E-01
1016.52	0.083298643	0.05154858	0.075589043	3.47928	1.19E-01
1018.35	0.083298643	0.051551911	0.075589043	3.47894	1.19E-01
1020.17	0.083298643	0.051555241	0.075588211	3.4786	1.19E-01
1022	0.083306969	0.051558571	0.075587378	3.47825	1.19E-01
1023.83	0.083306969	0.051561902	0.075586546	3.47791	1.19E-01
1025.65	0.083306969	0.051565232	0.075585713	3.47757	1.20E-01
1027.47	0.083306969	0.051568562	0.075585713	3.47723	1.20E-01
1029.3	0.083306969	0.051571892	0.075584881	3.47689	1.20E-01
1031.13	0.083306969	0.051575223	0.075584048	3.47654	1.20E-01
1032.95	0.083306969	0.051578553	0.075583215	3.4762	1.20E-01
1034.78	0.083306969	0.051581883	0.075583215	3.47586	1.21E-01
1036.6	0.083315294	0.051585214	0.075582383	3.47553	1.21E-01
1038.42	0.083315294	0.051588544	0.075582383	3.47519	1.21E-01
1040.25	0.083315294	0.051591042	0.07558155	3.47485	1.21E-01
1042.08	0.083315294	0.051594372	0.075580718	3.47451	1.21E-01
1043.9	0.083315294	0.051597702	0.075580718	3.47417	1.22E-01
1045.72	0.083315294	0.051601032	0.075579885	3.47384	1.22E-01
1047.55	0.083315294	0.051604363	0.075579885	3.4735	1.22E-01
1049.38	0.083315294	0.05160686	0.075579053	3.47317	1.22E-01
1051.2	0.083315294	0.051610191	0.075579053	3.47283	1.22E-01
1053.03	0.083315294	0.051613521	0.075579053	3.4725	1.22E-01
1054.85	0.08332362	0.051616019	0.07557822	3.47216	1.23E-01
1056.67	0.08332362	0.051619349	0.07557822	3.47183	1.23E-01
1058.5	0.08332362	0.051622679	0.075577387	3.4715	1.23E-01
1060.33	0.08332362	0.051625177	0.075577387	3.47116	1.23E-01
1062.15	0.08332362	0.051628507	0.075577387	3.47083	1.23E-01
1063.97	0.08332362	0.051631005	0.075576555	3.4705	1.24E-01
1065.8	0.08332362	0.051634335	0.075576555	3.47017	1.24E-01
1067.63	0.08332362	0.051636833	0.075576555	3.46984	1.24E-01
1069.45	0.08332362	0.051640163	0.075576555	3.46951	1.24E-01
1071.28	0.08332362	0.051642661	0.075575722	3.46918	1.24E-01
1073.1	0.08332362	0.051645991	0.075575722	3.46885	1.25E-01
1074.92	0.08332362	0.051648489	0.075575722	3.46852	1.25E-01
1076.75	0.08332362	0.051651819	0.075575722	3.4682	1.25E-01
1078.58	0.08332362	0.051654317	0.075575722	3.46787	1.25E-01
1080.4	0.083331946	0.051656815	0.07557489	3.46754	1.25E-01
1082.22	0.083331946	0.051660145	0.07557489	3.46722	1.25E-01
1084.05	0.083331946	0.051662643	0.07557489	3.46689	1.26E-01
1085.88	0.083331946	0.05166514	0.07557489	3.46656	1.26E-01
1087.7	0.083331946	0.051668471	0.07557489	3.46624	1.26E-01
1089.53	0.083331946	0.051670968	0.07557489	3.46591	1.26E-01
1091.35	0.083331946	0.051673466	0.07557489	3.46559	1.26E-01
1093.17	0.083331946	0.051675964	0.07557489	3.46527	1.27E-01
1095	0.083331946	0.051679294	0.07557489	3.46494	1.27E-01
1096.83	0.083331946	0.051681792	0.07557489	3.46462	1.27E-01
1098.65	0.083331946	0.051684289	0.07557489	3.4643	1.27E-01
1100.47	0.083331946	0.051686787	0.07557489	3.46398	1.27E-01
1102.3	0.083331946	0.051689285	0.07557489	3.46366	1.28E-01
1104.13	0.083331946	0.051691783	0.07557489	3.46334	1.28E-01
1105.95	0.083331946	0.051695113	0.07557489	3.46302	1.28E-01
1107.78	0.083331946	0.051697611	0.07557489	3.4627	1.28E-01
1109.6	0.083331946	0.051700108	0.07557489	3.46238	1.28E-01
1111.42	0.083331946	0.051702606	0.07557489	3.46206	1.28E-01
1113.25	0.083331946	0.051705104	0.07557489	3.46174	1.29E-01
1115.08	0.083331946	0.051707601	0.07557489	3.46142	1.29E-01
1116.9	0.083331946	0.051710099	0.07557489	3.4611	1.29E-01
1118.72	0.083331946	0.051712597	0.07557489	3.46079	1.29E-01
1120.55	0.083331946	0.051715094	0.075575722	3.46047	1.29E-01
1122.38	0.083331946	0.051717592	0.075575722	3.46015	1.30E-01
1124.2	0.083331946	0.05172009	0.075575722	3.45984	1.30E-01
1126.03	0.083331946	0.051721755	0.075575722	3.45952	1.30E-01
1127.85	0.083331946	0.051724253	0.075575722	3.45921	1.30E-01
1129.67	0.083331946	0.05172675	0.075575722	3.4589	1.30E-01
1131.5	0.083331946	0.051729248	0.075576555	3.45858	1.31E-01
1133.33	0.083331946	0.051731746	0.075576555	3.45827	1.31E-01
1135.15	0.083331946	0.051734244	0.075576555	3.45796	1.31E-01
1136.97	0.083331946	0.051735909	0.075576555	3.45764	1.31E-01
1138.8	0.083331946	0.051738406	0.075576555	3.45733	1.31E-01
1140.63	0.083340271	0.051740904	0.075577387	3.45702	1.31E-01
1142.45	0.083340271	0.051743402	0.075577387	3.45671	1.32E-01
1144.28	0.083340271	0.051745067	0.075577387	3.4564	1.32E-01
1146.1	0.083340271	0.051747565	0.075577387	3.45609	1.32E-01
1147.92	0.083340271	0.051750062	0.07557822	3.45578	1.32E-01
1149.75	0.083340271	0.051751728	0.07557822	3.45547	1.32E-01
1151.58	0.083340271	0.051754225	0.07557822	3.45516	1.33E-01
1153.4	0.083340271	0.051756723	0.075579053	3.45485	1.33E-01
1155.22	0.083340271	0.051758388	0.075579053	3.45454	1.33E-01
1157.05	0.083340271	0.051760886	0.075579053	3.45424	1.33E-01
1158.88	0.083340271	0.051762551	0.075579053	3.45393	1.33E-01
1160.7	0.083340271	0.051765049	0.075579885	3.45362	1.34E-01
1162.53	0.083340271	0.051767546	0.075579885	3.45332	1.34E-01
1164.35	0.083340271	0.051769212	0.075579885	3.45301	1.34E-01
1166.17	0.083340271	0.051771709	0.075580718	3.4527	1.34E-01
1168	0.083340271	0.051773374	0.075580718	3.4524	1.34E-01
1169.83	0.083340271	0.051775872	0.075580718	3.45209	1.34E-01
1171.65	0.083340271	0.051777537	0.07558155	3.45179	1.35E-01
1173.47	0.083331946	0.051779202	0.07558155	3.45149	1.35E-01
1175.3	0.083331946	0.0517817	0.075582383	3.45118	1.35E-01
1177.13	0.083331946	0.051783365	0.075582383	3.45088	1.35E-01
1178.95	0.083331946	0.051785863	0.075582383	3.45058	1.35E-01
1180.78	0.083331946	0.051787528	0.075583215	3.45028	1.36E-01
1182.6	0.083331946	0.051789193	0.075583215	3.44997	1.36E-01
1184.42	0.083331946	0.051791691	0.075583215	3.44967	1.36E-01
1186.25	0.083331946	0.051793356	0.075584048	3.44937	1.36E-01
1188.08	0.083331946	0.051795021	0.075584048	3.44907	1.36E-01
1189.9	0.083331946	0.051797519	0.075584881	3.44877	1.37E-01
1191.72	0.083331946	0.051799184	0.075584881	3.44847	1.37E-01
1193.55	0.083331946	0.051800849	0.075585713	3.44817	1.37E-01
1195.38	0.083331946	0.051802514	0.075585713	3.44787	1.37E-01
1197.2	0.083331946	0.051805012	0.075585713	3.44758	1.37E-01
1199.03	0.083331946	0.051806677	0.075586546	3.44728	1.38E-01
1200.85	0.083331946	0.051808342	0.075586546	3.44698	1.38E-01
1202.67	0.083331946	0.051810007	0.075587378	3.44668	1.38E-01
1204.5	0.083331946	0.051811673	0.075587378	3.44639	1.38E-01
1206.33	0.083331946	0.05181417	0.075588211	3.44609	1.38E-01
1208.15	0.083331946	0.051815835	0.075588211	3.44579	1.38E-01
1209.97	0.083331946	0.051817501	0.075588211	3.4455	1.39E-01
1211.8	0.083331946	0.051819166	0.075589043	3.4452	1.39E-01
1213.63	0.083331946	0.051820831	0.075589043	3.44491	1.39E-01
1215.45	0.083331946	0.051822496	0.075589876	3.44462	1.39E-01
1217.28	0.083331946	0.051824161	0.075589876	3.44432	1.39E-01
1219.1	0.083331946	0.051825826	0.075590709	3.44403	1.40E-01
1220.92	0.083331946	0.051827491	0.075590709	3.44373	1.40E-01
1222.75	0.083331946	0.051829157	0.075591541	3.44344	1.40E-01
1224.58	0.083331946	0.051830822	0.075591541	3.44315	1.40E-01
1226.4	0.083331946	0.051832487	0.075592374	3.44286	1.40E-01
1228.22	0.083331946	0.051834152	0.075592374	3.44257	1.41E-01
1230.05	0.083331946	0.051835817	0.075592374	3.44227	1.41E-01
1231.88	0.083331946	0.051837482	0.075593206	3.44198	1.41E-01
1233.7	0.083331946	0.051839147	0.075593206	3.44169	1.41E-01
1235.53	0.083331946	0.051840813	0.075594039	3.4414	1.41E-01
1237.35	0.083331946	0.051842478	0.075594039	3.44111	1.41E-01
1239.17	0.083331946	0.051844143	0.075594871	3.44082	1.42E-01
1241	0.083331946	0.051845808	0.075594871	3.44054	1.42E-01
1242.83	0.083331946	0.051847473	0.075595704	3.44025	1.42E-01
1244.65	0.083331946	0.051848306	0.075595704	3.43996	1.42E-01
1246.47	0.083331946	0.051849971	0.075596537	3.43967	1.42E-01
1248.3	0.083331946	0.051851636	0.075596537	3.43938	1.43E-01
1250.13	0.083331946	0.051853301	0.075597369	3.4391	1.43E-01
1251.95	0.083331946	0.051854966	0.075597369	3.43881	1.43E-01
1253.78	0.083331946	0.051856631	0.075598202	3.43852	1.43E-01
1255.6	0.083331946	0.051857464	0.075598202	3.43824	1.43E-01
1257.42	0.083331946	0.051859129	0.075599034	3.43795	1.44E-01
1259.25	0.08332362	0.051860794	0.075599034	3.43767	1.44E-01
1261.08	0.08332362	0.051862459	0.075599867	3.43738	1.44E-01
1262.9	0.08332362	0.051863292	0.075599867	3.4371	1.44E-01
1264.72	0.08332362	0.051864957	0.075600699	3.43682	1.44E-01
1266.55	0.08332362	0.051866622	0.075600699	3.43653	1.44E-01
1268.38	0.08332362	0.051867455	0.075601532	3.43625	1.45E-01
1270.2	0.08332362	0.05186912	0.075601532	3.43597	1.45E-01
1272.03	0.08332362	0.051870785	0.075602364	3.43568	1.45E-01
1273.85	0.08332362	0.051871618	0.075602364	3.4354	1.45E-01
1275.67	0.08332362	0.051873283	0.075603197	3.43512	1.45E-01
1277.5	0.08332362	0.051874948	0.075603197	3.43484	1.46E-01
1279.33	0.08332362	0.051875781	0.07560403	3.43456	1.46E-01
1281.15	0.08332362	0.051877446	0.07560403	3.43428	1.46E-01
1282.97	0.08332362	0.051878278	0.075604862	3.434	1.46E-01
1284.8	0.08332362	0.051879943	0.075604862	3.43372	1.46E-01
1286.63	0.08332362	0.051881609	0.075605695	3.43344	1.47E-01
1288.45	0.08332362	0.051882441	0.075605695	3.43316	1.47E-01
1290.28	0.08332362	0.051884106	0.075606527	3.43288	1.47E-01
1292.1	0.08332362	0.051884939	0.075606527	3.4326	1.47E-01
1293.92	0.08332362	0.051886604	0.07560736	3.43232	1.47E-01
1295.75	0.08332362	0.051887437	0.07560736	3.43204	1.47E-01
1297.58	0.08332362	0.051889102	0.075608192	3.43177	1.48E-01
1299.4	0.08332362	0.051889934	0.075608192	3.43149	1.48E-01
1301.22	0.08332362	0.051891599	0.075609025	3.43121	1.48E-01
1303.05	0.08332362	0.051892432	0.075609025	3.43094	1.48E-01
1304.88	0.08332362	0.051894097	0.075609858	3.43066	1.48E-01
1306.7	0.08332362	0.05189493	0.075609858	3.43038	1.49E-01
1308.53	0.08332362	0.051896595	0.07561069	3.43011	1.49E-01
1310.35	0.08332362	0.051897427	0.07561069	3.42983	1.49E-01
1312.17	0.08332362	0.05189826	0.075611523	3.42956	1.49E-01
1314	0.08332362	0.051899925	0.075611523	3.42928	1.49E-01
1315.83	0.083315294	0.051900758	0.075612355	3.42901	1.50E-01
1317.65	0.083315294	0.051902423	0.075612355	3.42874	1.50E-01
1319.47	0.083315294	0.051903255	0.075613188	3.42846	1.50E-01
1321.3	0.083315294	0.051904088	0.075613188	3.42819	1.50E-01
1323.13	0.083315294	0.051905753	0.07561402	3.42792	1.50E-01
1324.95	0.083315294	0.051906586	0.07561402	3.42765	1.50E-01
1326.78	0.083315294	0.051907418	0.075614853	3.42737	1.51E-01
1328.6	0.083315294	0.051909083	0.075614853	3.4271	1.51E-01
1330.42	0.083315294	0.051909916	0.075615686	3.42683	1.51E-01
1332.25	0.083315294	0.051910748	0.075615686	3.42656	1.51E-01
1334.08	0.083315294	0.051911581	0.075616518	3.42629	1.51E-01
1335.9	0.083315294	0.051913246	0.075616518	3.42602	1.52E-01
1337.72	0.083315294	0.051914079	0.075617351	3.42575	1.52E-01
1339.55	0.083315294	0.051914911	0.075617351	3.42548	1.52E-01
1341.38	0.083315294	0.051915744	0.075618183	3.42521	1.52E-01
1343.2	0.083315294	0.051917409	0.075618183	3.42494	1.52E-01
1345.03	0.083315294	0.051918242	0.075619016	3.42467	1.53E-01
1346.85	0.083315294	0.051919074	0.075619016	3.4244	1.53E-01
1348.67	0.083315294	0.051919907	0.075619848	3.42414	1.53E-01
1350.5	0.083315294	0.051921572	0.075619848	3.42387	1.53E-01
1352.33	0.083315294	0.051922404	0.075620681	3.4236	1.53E-01
1354.15	0.083315294	0.051923237	0.075620681	3.42334	1.54E-01
1355.97	0.083315294	0.05192407	0.075621514	3.42307	1.54E-01
1357.8	0.083315294	0.051924902	0.075621514	3.4228	1.54E-01
1359.63	0.083315294	0.051925735	0.075622346	3.42254	1.54E-01
1361.45	0.083315294	0.0519274	0.075622346	3.42227	1.54E-01
1363.28	0.083315294	0.051928232	0.075623179	3.42201	1.54E-01
1365.1	0.083315294	0.051929065	0.075623179	3.42174	1.55E-01
1366.92	0.083306969	0.051929898	0.075624011	3.42148	1.55E-01
1368.75	0.083306969	0.05193073	0.075624011	3.42121	1.55E-01
1370.58	0.083306969	0.051931563	0.075624011	3.42095	1.55E-01
1372.4	0.083306969	0.051932395	0.075624844	3.42068	1.55E-01
1374.22	0.083306969	0.051933228	0.075624844	3.42042	1.56E-01
1376.05	0.083306969	0.05193406	0.075625676	3.42016	1.56E-01
1377.88	0.083306969	0.051934893	0.075625676	3.41989	1.56E-01
1379.7	0.083306969	0.051935726	0.075626509	3.41963	1.56E-01
1381.53	0.083306969	0.051937391	0.075626509	3.41937	1.56E-01
1383.35	0.083306969	0.051938223	0.075627342	3.41911	1.57E-01
1385.17	0.083306969	0.051939056	0.075627342	3.41885	1.57E-01
1387	0.083306969	0.051939888	0.075628174	3.41859	1.57E-01
1388.83	0.083306969	0.051940721	0.075628174	3.41832	1.57E-01
1390.65	0.083306969	0.051941554	0.075628174	3.41806	1.57E-01
1392.47	0.083306969	0.051942386	0.075629007	3.4178	1.57E-01
1394.3	0.083306969	0.051943219	0.075629007	3.41754	1.58E-01
1396.13	0.083306969	0.051944051	0.075629839	3.41728	1.58E-01
1397.95	0.083306969	0.051944884	0.075629839	3.41702	1.58E-01
1399.78	0.083306969	0.051945716	0.075630672	3.41677	1.58E-01
1401.6	0.083306969	0.051946549	0.075630672	3.41651	1.58E-01
1403.42	0.083306969	0.051946549	0.075631504	3.41625	1.59E-01
1405.25	0.083306969	0.051947382	0.075631504	3.41599	1.59E-01
1407.08	0.083306969	0.051948214	0.075631504	3.41573	1.59E-01
1408.9	0.083306969	0.051949047	0.075632337	3.41548	1.59E-01
1410.72	0.083306969	0.051949879	0.075632337	3.41522	1.59E-01
1412.55	0.083306969	0.051950712	0.07563317	3.41496	1.60E-01
1414.38	0.083306969	0.051951544	0.07563317	3.4147	1.60E-01
1416.2	0.083306969	0.051952377	0.075634002	3.41445	1.60E-01
1418.03	0.083306969	0.05195321	0.075634002	3.41419	1.60E-01
1419.85	0.083298643	0.051954042	0.075634002	3.41394	1.60E-01
1421.67	0.083298643	0.051954875	0.075634835	3.41368	1.60E-01
1423.5	0.083298643	0.051954875	0.075634835	3.41343	1.61E-01
1425.33	0.083298643	0.051955707	0.075635667	3.41317	1.61E-01
1427.15	0.083298643	0.05195654	0.075635667	3.41292	1.61E-01
1428.97	0.083298643	0.051957372	0.0756365	3.41266	1.61E-01
1430.8	0.083298643	0.051958205	0.0756365	3.41241	1.61E-01
1432.63	0.083298643	0.051959038	0.0756365	3.41216	1.62E-01
1434.45	0.083298643	0.051959038	0.075637332	3.4119	1.62E-01
1436.28	0.083298643	0.05195987	0.075637332	3.41165	1.62E-01
1438.1	0.083298643	0.051960703	0.075638165	3.4114	1.62E-01
1439.92	0.083298643	0.051961535	0.075638165	3.41114	1.62E-01
1441.75	0.083298643	0.051962368	0.075638165	3.41089	1.63E-01
1443.58	0.083298643	0.0519632	0.075638998	3.41064	1.63E-01
1445.4	0.083298643	0.0519632	0.075638998	3.41039	1.63E-01
1447.22	0.083298643	0.051964033	0.07563983	3.41014	1.63E-01
1449.05	0.083298643	0.051964866	0.07563983	3.40989	1.63E-01
1450.88	0.083298643	0.051965698	0.07563983	3.40964	1.63E-01
1452.7	0.083298643	0.051965698	0.075640663	3.40939	1.64E-01
1454.53	0.083298643	0.051966531	0.075640663	3.40914	1.64E-01
1456.35	0.083298643	0.051967363	0.075641495	3.40889	1.64E-01
1458.17	0.083298643	0.051968196	0.075641495	3.40864	1.64E-01
1460	0.083298643	0.051968196	0.075641495	3.40839	1.64E-01
1461.83	0.083298643	0.051969028	0.075642328	3.40814	1.65E-01
1463.65	0.083298643	0.051969861	0.075642328	3.40789	1.65E-01
1465.47	0.083298643	0.051970694	0.075642328	3.40764	1.65E-01
1467.3	0.083298643	0.051970694	0.07564316	3.40739	1.65E-01
1469.13	0.083298643	0.051971526	0.07564316	3.40715	1.65E-01
1470.95	0.083298643	0.051972359	0.075643993	3.4069	1.66E-01
1472.78	0.083298643	0.051972359	0.075643993	3.40665	1.66E-01
1474.6	0.083298643	0.051973191	0.075643993	3.4064	1.66E-01
1476.42	0.083298643	0.051974024	0.075644826	3.40616	1.66E-01
1478.25	0.083290317	0.051974024	0.075644826	3.40591	1.66E-01
1480.08	0.083290317	0.051974856	0.075644826	3.40566	1.66E-01
1481.9	0.083290317	0.051975689	0.075645658	3.40542	1.67E-01
1483.72	0.083290317	0.051975689	0.075645658	3.40517	1.67E-01
1485.55	0.083290317	0.051976522	0.075645658	3.40493	1.67E-01
1487.38	0.083290317	0.051977354	0.075646491	3.40468	1.67E-01
1489.2	0.083290317	0.051977354	0.075646491	3.40444	1.67E-01
1491.03	0.083290317	0.051978187	0.075647323	3.40419	1.68E-01
1492.85	0.083290317	0.051979019	0.075647323	3.40395	1.68E-01
1494.67	0.083290317	0.051979019	0.075647323	3.40371	1.68E-01
1496.5	0.083290317	0.051979852	0.075648156	3.40346	1.68E-01
1498.33	0.083290317	0.051979852	0.075648156	3.40322	1.68E-01
1500.15	0.083290317	0.051980684	0.075648156	3.40298	1.69E-01
1501.97	0.083290317	0.051981517	0.075648988	3.40273	1.69E-01
1503.8	0.083290317	0.051981517	0.075648988	3.40249	1.69E-01
1505.63	0.083290317	0.05198235	0.075648988	3.40225	1.69E-01
1507.45	0.083290317	0.05198235	0.075649821	3.40201	1.69E-01
1509.28	0.083290317	0.051983182	0.075649821	3.40176	1.70E-01
1511.1	0.083290317	0.051984015	0.075649821	3.40152	1.70E-01
1512.92	0.083290317	0.051984015	0.075650654	3.40128	1.70E-01
1514.75	0.083290317	0.051984847	0.075650654	3.40104	1.70E-01
1516.58	0.083290317	0.051984847	0.075650654	3.4008	1.70E-01
1518.4	0.083290317	0.05198568	0.075651486	3.40056	1.70E-01
1520.22	0.083290317	0.05198568	0.075651486	3.40032	1.71E-01
1522.05	0.083290317	0.051986512	0.075651486	3.40008	1.71E-01
1523.88	0.083290317	0.051987345	0.075652319	3.39984	1.71E-01
1525.7	0.083290317	0.051987345	0.075652319	3.3996	1.71E-01
1527.53	0.083290317	0.051988178	0.075652319	3.39936	1.71E-01
1529.35	0.083290317	0.051988178	0.075652319	3.39912	1.72E-01
1531.17	0.083290317	0.05198901	0.075653151	3.39888	1.72E-01
1533	0.083290317	0.05198901	0.075653151	3.39865	1.72E-01
1534.83	0.083290317	0.051989843	0.075653151	3.39841	1.72E-01
1536.65	0.083290317	0.051989843	0.075653984	3.39817	1.72E-01
1538.47	0.083290317	0.051990675	0.075653984	3.39793	1.73E-01
1540.3	0.083290317	0.051990675	0.075653984	3.39769	1.73E-01
1542.13	0.083290317	0.051991508	0.075654816	3.39746	1.73E-01
1543.95	0.083290317	0.051991508	0.075654816	3.39722	1.73E-01
1545.78	0.083281992	0.05199234	0.075654816	3.39698	1.73E-01
1547.6	0.083281992	0.05199234	0.075654816	3.39675	1.73E-01
1549.42	0.083281992	0.051993173	0.075655649	3.39651	1.74E-01
1551.25	0.083281992	0.051993173	0.075655649	3.39628	1.74E-01
1553.08	0.083281992	0.051994005	0.075655649	3.39604	1.74E-01
1554.9	0.083281992	0.051994005	0.075656482	3.39581	1.74E-01
1556.72	0.083281992	0.051994838	0.075656482	3.39557	1.74E-01
1558.55	0.083281992	0.051994838	0.075656482	3.39534	1.75E-01
1560.38	0.083281992	0.051995671	0.075657314	3.3951	1.75E-01
1562.2	0.083281992	0.051995671	0.075657314	3.39487	1.75E-01
1564.03	0.083281992	0.051995671	0.075657314	3.39463	1.75E-01
1565.85	0.083281992	0.051996503	0.075657314	3.3944	1.75E-01
1567.67	0.083281992	0.051996503	0.075658147	3.39417	1.76E-01
1569.5	0.083281992	0.051997336	0.075658147	3.39393	1.76E-01
1571.33	0.083281992	0.051997336	0.075658147	3.3937	1.76E-01
1573.15	0.083281992	0.051998168	0.075658147	3.39347	1.76E-01
1574.97	0.083281992	0.051998168	0.075658979	3.39323	1.76E-01
1576.8	0.083281992	0.051999001	0.075658979	3.393	1.76E-01
1578.63	0.083281992	0.051999001	0.075658979	3.39277	1.77E-01
1580.45	0.083281992	0.051999001	0.075659812	3.39254	1.77E-01
1582.28	0.083281992	0.051999833	0.075659812	3.39231	1.77E-01
1584.1	0.083281992	0.051999833	0.075659812	3.39208	1.77E-01
1585.92	0.083281992	0.052000666	0.075659812	3.39185	1.77E-01
1587.75	0.083281992	0.052000666	0.075660644	3.39161	1.78E-01
1589.58	0.083281992	0.052000666	0.075660644	3.39138	1.78E-01
1591.4	0.083281992	0.052001499	0.075660644	3.39115	1.78E-01
1593.22	0.083281992	0.052001499	0.075660644	3.39092	1.78E-01
1595.05	0.083281992	0.052002331	0.075661477	3.39069	1.78E-01
1596.88	0.083281992	0.052002331	0.075661477	3.39046	1.79E-01
1598.7	0.083281992	0.052002331	0.075661477	3.39024	1.79E-01
1600.53	0.083281992	0.052003164	0.075661477	3.39001	1.79E-01
1602.35	0.083281992	0.052003164	0.07566231	3.38978	1.79E-01
1604.17	0.083281992	0.052003164	0.07566231	3.38955	1.79E-01
1606	0.083281992	0.052003996	0.07566231	3.38932	1.79E-01
1607.83	0.083281992	0.052003996	0.07566231	3.38909	1.80E-01
1609.65	0.083281992	0.052004829	0.075663142	3.38886	1.80E-01
1611.47	0.083281992	0.052004829	0.075663142	3.38864	1.80E-01
1613.3	0.083281992	0.052004829	0.075663142	3.38841	1.80E-01
1615.13	0.083281992	0.052005661	0.075663142	3.38818	1.80E-01
1616.95	0.083281992	0.052005661	0.075663142	3.38796	1.81E-01
1618.78	0.083281992	0.052005661	0.075663975	3.38773	1.81E-01
1620.6	0.083281992	0.052006494	0.075663975	3.3875	1.81E-01
1622.42	0.083281992	0.052006494	0.075663975	3.38728	1.81E-01
1624.25	0.083281992	0.052006494	0.075663975	3.38705	1.81E-01
1626.08	0.083281992	0.052007327	0.075664807	3.38682	1.82E-01
1627.9	0.083281992	0.052007327	0.075664807	3.3866	1.82E-01
1629.72	0.083273666	0.052007327	0.075664807	3.38637	1.82E-01
1631.55	0.083273666	0.052008159	0.075664807	3.38615	1.82E-01
1633.38	0.083273666	0.052008159	0.075664807	3.38592	1.82E-01
1635.2	0.083273666	0.052008159	0.07566564	3.3857	1.83E-01
1637.03	0.083273666	0.052008992	0.07566564	3.38548	1.83E-01
1638.85	0.083273666	0.052008992	0.07566564	3.38525	1.83E-01
1640.67	0.083273666	0.052008992	0.07566564	3.38503	1.83E-01
1642.5	0.083273666	0.052009824	0.075666472	3.3848	1.83E-01
1644.33	0.083273666	0.052009824	0.075666472	3.38458	1.83E-01
1646.15	0.083273666	0.052009824	0.075666472	3.38436	1.84E-01
1647.97	0.083273666	0.052009824	0.075666472	3.38413	1.84E-01
1649.8	0.083273666	0.052010657	0.075666472	3.38391	1.84E-01
1651.63	0.083273666	0.052010657	0.075667305	3.38369	1.84E-01
1653.45	0.083273666	0.052010657	0.075667305	3.38347	1.84E-01
1655.28	0.083273666	0.052011489	0.075667305	3.38325	1.85E-01
1657.1	0.083273666	0.052011489	0.075667305	3.38302	1.85E-01
1658.92	0.083273666	0.052011489	0.075667305	3.3828	1.85E-01
1660.75	0.083273666	0.052012322	0.075668138	3.38258	1.85E-01
1662.58	0.083273666	0.052012322	0.075668138	3.38236	1.85E-01
1664.4	0.083273666	0.052012322	0.075668138	3.38214	1.86E-01
1666.22	0.083273666	0.052012322	0.075668138	3.38192	1.86E-01
1668.05	0.083273666	0.052013155	0.075668138	3.3817	1.86E-01
1669.88	0.083273666	0.052013155	0.07566897	3.38148	1.86E-01
1671.7	0.083273666	0.052013155	0.07566897	3.38126	1.86E-01
1673.53	0.083273666	0.052013155	0.07566897	3.38104	1.86E-01
1675.35	0.083273666	0.052013987	0.07566897	3.38082	1.87E-01
1677.17	0.083273666	0.052013987	0.07566897	3.3806	1.87E-01
1679	0.083273666	0.052013987	0.07566897	3.38038	1.87E-01
1680.83	0.083273666	0.052013987	0.075669803	3.38016	1.87E-01
1682.65	0.083273666	0.05201482	0.075669803	3.37994	1.87E-01
1684.47	0.083273666	0.05201482	0.075669803	3.37972	1.88E-01
1686.3	0.083273666	0.05201482	0.075669803	3.3795	1.88E-01
1688.13	0.083273666	0.05201482	0.075669803	3.37929	1.88E-01
1689.95	0.083273666	0.052015652	0.075670635	3.37907	1.88E-01
1691.78	0.083273666	0.052015652	0.075670635	3.37885	1.88E-01
1693.6	0.083273666	0.052015652	0.075670635	3.37863	1.89E-01
1695.42	0.083273666	0.052015652	0.075670635	3.37842	1.89E-01
1697.25	0.083273666	0.052016485	0.075670635	3.3782	1.89E-01
1699.08	0.083273666	0.052016485	0.075670635	3.37798	1.89E-01
1700.9	0.083273666	0.052016485	0.075671468	3.37777	1.89E-01
1702.72	0.083273666	0.052016485	0.075671468	3.37755	1.89E-01
1704.55	0.083273666	0.052017317	0.075671468	3.37733	1.90E-01
1706.38	0.083273666	0.052017317	0.075671468	3.37712	1.90E-01
1708.2	0.083273666	0.052017317	0.075671468	3.3769	1.90E-01
1710.03	0.083273666	0.052017317	0.075671468	3.37669	1.90E-01
1711.85	0.083273666	0.052017317	0.0756723	3.37647	1.90E-01
1713.67	0.083273666	0.05201815	0.0756723	3.37626	1.91E-01
1715.5	0.083273666	0.05201815	0.0756723	3.37604	1.91E-01
1717.33	0.083273666	0.05201815	0.0756723	3.37583	1.91E-01
1719.15	0.083273666	0.05201815	0.0756723	3.37561	1.91E-01
1720.97	0.083273666	0.05201815	0.0756723	3.3754	1.91E-01
1722.8	0.083273666	0.052018983	0.075673133	3.37519	1.92E-01
1724.63	0.083273666	0.052018983	0.075673133	3.37497	1.92E-01
1726.45	0.083273666	0.052018983	0.075673133	3.37476	1.92E-01
1728.28	0.083273666	0.052018983	0.075673133	3.37455	1.92E-01
1730.1	0.083273666	0.052018983	0.075673133	3.37433	1.92E-01
1731.92	0.083273666	0.052019815	0.075673133	3.37412	1.92E-01
1733.75	0.083273666	0.052019815	0.075673133	3.37391	1.93E-01
1735.58	0.083273666	0.052019815	0.075673966	3.37369	1.93E-01
1737.4	0.083273666	0.052019815	0.075673966	3.37348	1.93E-01
1739.22	0.083273666	0.052019815	0.075673966	3.37327	1.93E-01
1741.05	0.083273666	0.052020648	0.075673966	3.37306	1.93E-01
1742.88	0.083273666	0.052020648	0.075673966	3.37285	1.94E-01
1744.7	0.083273666	0.052020648	0.075673966	3.37263	1.94E-01
1746.53	0.083273666	0.052020648	0.075673966	3.37242	1.94E-01
1748.35	0.08326534	0.052020648	0.075674798	3.37221	1.94E-01
1750.17	0.08326534	0.05202148	0.075674798	3.372	1.94E-01
1752	0.08326534	0.05202148	0.075674798	3.37179	1.95E-01
1753.83	0.08326534	0.05202148	0.075674798	3.37158	1.95E-01
1755.65	0.08326534	0.05202148	0.075674798	3.37137	1.95E-01
1757.47	0.08326534	0.05202148	0.075674798	3.37116	1.95E-01
1759.3	0.08326534	0.05202148	0.075674798	3.37095	1.95E-01
1761.13	0.08326534	0.052022313	0.075675631	3.37074	1.95E-01
1762.95	0.08326534	0.052022313	0.075675631	3.37053	1.96E-01
1764.78	0.08326534	0.052022313	0.075675631	3.37032	1.96E-01
1766.6	0.08326534	0.052022313	0.075675631	3.37011	1.96E-01
1768.42	0.08326534	0.052022313	0.075675631	3.3699	1.96E-01
1770.25	0.08326534	0.052022313	0.075675631	3.3697	1.96E-01
1772.08	0.08326534	0.052023145	0.075675631	3.36949	1.97E-01
1773.9	0.08326534	0.052023145	0.075675631	3.36928	1.97E-01
1775.72	0.08326534	0.052023145	0.075676463	3.36907	1.97E-01
1777.55	0.08326534	0.052023145	0.075676463	3.36886	1.97E-01
1779.38	0.08326534	0.052023145	0.075676463	3.36866	1.97E-01
1781.2	0.08326534	0.052023145	0.075676463	3.36845	1.98E-01
1783.03	0.08326534	0.052023145	0.075676463	3.36824	1.98E-01
1784.85	0.08326534	0.052023978	0.075676463	3.36803	1.98E-01
1786.67	0.08326534	0.052023978	0.075676463	3.36783	1.98E-01
1788.5	0.08326534	0.052023978	0.075676463	3.36762	1.98E-01
1790.33	0.08326534	0.052023978	0.075677296	3.36741	1.99E-01
1792.15	0.08326534	0.052023978	0.075677296	3.36721	1.99E-01
1793.97	0.08326534	0.052023978	0.075677296	3.367	1.99E-01
1795.8	0.08326534	0.052023978	0.075677296	3.3668	1.99E-01
1797.63	0.08326534	0.052024811	0.075677296	3.36659	1.99E-01
1799.45	0.08326534	0.052024811	0.075677296	3.36639	1.99E-01
1801.28	0.08326534	0.052024811	0.075677296	3.36618	2.00E-01
1803.1	0.08326534	0.052024811	0.075677296	3.36597	2.00E-01
1804.92	0.08326534	0.052024811	0.075677296	3.36577	2.00E-01
1806.75	0.08326534	0.052024811	0.075678128	3.36557	2.00E-01
1808.58	0.08326534	0.052024811	0.075678128	3.36536	2.00E-01
1810.4	0.08326534	0.052025643	0.075678128	3.36516	2.01E-01
1812.22	0.08326534	0.052025643	0.075678128	3.36495	2.01E-01
1814.05	0.08326534	0.052025643	0.075678128	3.36475	2.01E-01
1815.88	0.08326534	0.052025643	0.075678128	3.36454	2.01E-01
1817.7	0.08326534	0.052025643	0.075678128	3.36434	2.01E-01
1819.53	0.08326534	0.052025643	0.075678128	3.36414	2.02E-01
1821.35	0.08326534	0.052025643	0.075678128	3.36393	2.02E-01
1823.17	0.08326534	0.052025643	0.075678128	3.36373	2.02E-01
1825	0.08326534	0.052026476	0.075678961	3.36353	2.02E-01
