title = "Expeimental data"
variables = "time [days]", "Cs-exp [mol/L]", "Eu-exp [mol/L]","HTO-exp [mol/L]","Sr-85-exp [mol/L]","Co-60-exp [mol/L]","I-exp [mol/L]","Br-exp[mol/L]"
zone t = "T_j", i =  19, j =    1, k =    1,  f=point
0		0.000209171	2.10582E-07	1.21916E-10	5.87837E-14	2.17935E-13	0.0111	0.0111
0.145833333	0.000181332	2.10582E-07	1.12896E-10	5.80722E-14	1.91813E-13	0.0104	0.0105
0.291666667	0.000145216	1.38194E-07	1.09874E-10	5.2716E-14	1.55019E-13	0.01	0.0101
0.875		0.000115119	9.21295E-08	1.06774E-10	5.19106E-14	1.22646E-13	0.01	0.0102
1.205555556	0.000102328	7.23875E-08	1.06732E-10	5.00178E-14	1.10301E-13	0.00995	0.01
1.958333333	8.72801E-05	5.26454E-08	1.0709E-10	4.95077E-14	9.03516E-14	0.00994	0.01
2.958333333	7.67463E-05	3.94841E-08	1.05249E-10	4.91721E-14	7.9202E-14	0.00981	0.00998
3.958333333	6.74164E-05	3.29034E-08	1.05305E-10	4.81116E-14	7.04416E-14	0.00988	0.00995
4.958333333	6.10961E-05	3.29034E-08	1.04209E-10	4.68229E-14	6.22785E-14	0.00979	0.0099
6.958333333	5.0788E-05	2.63227E-08	1.02885E-10	4.70377E-14	5.38765E-14	0.00977	0.00987
9.958333333	4.26619E-05	1.9742E-08	1.00674E-10	4.40173E-14	4.71469E-14	0.00963	0.00971
13.95833333	3.5213E-05	1.31614E-08	9.91658E-11	4.2487E-14	3.86971E-14	0.00958	0.00966
20.95833333	2.8366E-05	0		9.75046E-11	4.01378E-14	2.86943E-14	0.00956	0.00965
28.95833333	2.19705E-05	0		9.62659E-11	3.75738E-14	2.10767E-14	0.00946	0.00955
42.95833333	1.73808E-05	0		9.41326E-11	3.4889E-14	1.01939E-14	0.00943	0.0095
62.95833333	1.27911E-05	0		9.0503E-11	3.13853E-14	7.964E-15	0.00919	0.00924
85.41666667	0		0		8.80181E-11	2.93449E-14	0		0.00907	0.00905
112.9583333	0		0		8.28859E-11	2.76534E-14	0		0.00887	0.00894
168.7916667	6.65887E-06	0		8.09872E-11	2.36799E-14	0		0.00846	0.00869
