title = "Expeimental data"
variables = "time [days]", "Cs-exp [mol/L]", "Eu-exp [mol/L]","HTO-exp [mol/L]","Sr-85-exp [mol/L]","Co-60-exp [mol/L]","I-exp [mol/L]","Br-exp[mol/L]"
zone t = "T_j", i =  59, j =    1, k =    1,  f=point
0		0.000209171	2.11E-07	1.20E-10	5.88E-14	2.18E-13	0.0111	0.0111
0.145833333	0.000181332	2.11E-07	1.11E-10	5.81E-14	1.92E-13	0.0104	0.0105
0.291666667	0.000145216	1.38E-07	1.08E-10	5.27E-14	1.55E-13	0.01	0.0101
0.875		0.000115119	9.21E-08	1.05E-10	5.19E-14	1.23E-13	0.01	0.0102
1.205555556	0.000102328	7.24E-08	1.05E-10	5.00E-14	1.10E-13	0.00995	0.01
1.958333333	8.73E-05	5.26E-08	1.06E-10	4.95E-14	9.04E-14	0.00994	0.01
2.958333333	7.67E-05	3.95E-08	1.04E-10	4.92E-14	7.92E-14	0.00981	0.00998
3.958333333	6.74E-05	3.29E-08	1.04E-10	4.81E-14	7.04E-14	0.00988	0.00995
4.958333333	6.11E-05	3.29E-08	1.03E-10	4.68E-14	6.23E-14	0.00979	0.0099
6.958333333	5.08E-05	2.63E-08	1.01E-10	4.70E-14	5.39E-14	0.00977	0.00987
9.958333333	4.27E-05	1.97E-08	9.92E-11	4.40E-14	4.71E-14	0.00963	0.00971
13.95833333	3.52E-05	1.32E-08	9.77E-11	4.25E-14	3.87E-14	0.00958	0.00966
20.95833333	2.84E-05	0			9.61E-11	4.01E-14	2.87E-14	0.00956	0.00965
28.95833333	2.20E-05	0			9.49E-11	3.76E-14	2.11E-14	0.00946	0.00955
42.95833333	1.74E-05	0			9.28E-11	3.49E-14	1.02E-14	0.00943	0.0095
62.95833333	1.28E-05	0			8.92E-11	3.14E-14	7.96E-15	0.00919	0.00924
85.41666667	0			0			0.00E+00	2.93E-14		0		0.00907	0.00905
112.9583333	0		0		8.67E-11	2.77E-14		0	0.00887	0.00894
168.7916667	6.66E-06	0		8.17E-11	2.37E-14		0	0.00846	0.00869
189.1590278	6.36543E-06	0	0.00E+00	0.00E+00	0.00E+00	0.00E+00	0.00E+00
189.25	6.22999E-06	0	0.00E+00	0.00E+00	0.00E+00	0.00E+00	0.00E+00
189.3333333	0	0	7.80E-11	5.42E-14	0.00E+00	8.60E-03	8.86E-03
189.875	7.74987E-06	0	0.00E+00	0.00E+00	0.00E+00	0.00E+00	0.00E+00
189.8333333	0	0	7.93E-11	5.08E-14	0.00E+00	8.63E-03	8.91E-03
190.0625	1.04586E-05	0	7.72E-11	4.99E-14	0.00E+00	8.50E-03	8.87E-03
190.2361111	1.48226E-05	0	0.00E+00	0.00E+00	0.00E+00	0.00E+00	0.00E+00
190.3333333	0	0	7.80E-11	4.89E-14	0.00E+00	8.48E-03	8.80E-03
190.875	1.78322E-05	0	0.00E+00	0.00E+00	0.00E+00	0.00E+00	0.00E+00
190.8333333	0	0	8.04E-11	4.82E-14	0.00E+00	8.65E-03	8.87E-03
191.2472222	1.85846E-05	0	0.00E+00	0.00E+00	0.00E+00	0.00E+00	0.00E+00
191.3333333	0	0	7.82E-11	4.81E-14	0.00E+00	8.68E-03	8.88E-03
192.8645833	2.41525E-05	0	0.00E+00	0.00E+00	0.00E+00	0.00E+00	0.00E+00
192.9166667	0	0	7.73E-11	4.78E-14	0.00E+00	8.68E-03	8.86E-03
195.9166667	2.80651E-05	9.13034E-08	7.64E-11	4.64E-14	0.00E+00	8.50E-03	8.90E-03
199.9166667	0	0	7.54E-11	4.69E-14	0.00E+00	8.60E-03	8.63E-03
199.9583333	3.17519E-05	0	0.00E+00	0.00E+00	0.00E+00	0.00E+00	0.00E+00
204.1736111	3.43853E-05	0	7.67E-11	4.62E-14	0.00E+00	0.00E+00	0.00E+00
206.9131944	3.52882E-05	0	0.00E+00	0.00E+00	0.00E+00	0.00E+00	0.00E+00
206.9166667	0	0	7.57E-11	4.71E-14	0.00E+00	8.71E-03	8.72E-03
213.8923611	3.37082E-05	0	0.00E+00	0.00E+00	0.00E+00	0.00E+00	0.00E+00
213.9583333	0	0	7.43E-11	4.70E-14	0.00E+00	7.89E-03	8.61E-03
220.7916667	3.34824E-05	0	0.00E+00	0.00E+00	0.00E+00	0.00E+00	0.00E+00
221.1715278	0	0	7.29E-11	4.66E-14	0.00E+00	8.08E-03	8.74E-03
234.7916667	3.03223E-05	0	0.00E+00	0.00E+00	0.00E+00	0.00E+00	0.00E+00
234.9166667	0	0	7.05E-11	4.43E-14	0.00E+00	7.87E-03	8.31E-03
291.1076389	2.70117E-05	0	6.73E-11	4.12E-14	0.00E+00	8.02E-03	8.16E-03
322.9215278	2.30239E-05	0	6.13E-11	4.12E-14	0.00E+00	7.72E-03	7.84E-03
353.0798611	0	0	6.00E-11	3.96E-14	0.00E+00	7.27E-03	7.63E-03
353.1631944	2.06162E-05	0	0.00E+00	0.00E+00	0.00E+00	0.00E+00	0.00E+00
385.8472222	1.85094E-05	0	5.81E-11	3.53E-14	0.00E+00	7.00E-03	7.27E-03
412.8715278	1.57255E-05	0	5.67E-11	3.70E-14	0.00E+00	6.79E-03	7.39E-03
535.104167	1.09853E-05	0.00000E+00	5.02929E-11	3.75201E-14	0.00000E+00	6.26596E-03	7.56165E-03
563.902778	1.05338E-05	0.00000E+00	4.82255E-11	3.17612E-14	0.00000E+00	6.04935E-03	7.51351E-03
597.131944	1.06090E-05	0.00000E+00	4.75127E-11	2.99355E-14	0.00000E+00	6.71758E-03	6.80152E-03
662.145833	8.42704E-06	0.00000E+00	4.47638E-11	3.82584E-14	0.00000E+00	5.96154E-03	6.33741E-03
692.142361	7.59939E-06	0.00000E+00	4.31604E-11	2.86737E-14	0.00000E+00	5.84661E-03	6.00382E-03
717.930556	7.14794E-06	0.00000E+00	4.20036E-11	2.81904E-14	0.00000E+00	6.15326E-03	6.40833E-03
728.920139	6.86202E-06	0.00000E+00	0.00000E+00	0.00000E+00	0.00000E+00	0.00000E+00	0.00000E+00
728.920139	7.27585E-06	0.00000E+00	0.00000E+00	0.00000E+00	0.00000E+00	6.39195E-03	6.25570E-03


