  0.84600000000000E+02  0.10000000000000E+00  0.10000000000000E+00  0.00000000000000E+00   07       1

  0.00000000000000E+00  0.10000000000000E+01  0.00000000000000E+00 -0.84243736518207E+01  0.10000000000000E+04  0.59757730978010E+02  0.11696500197914E+01  0.88000000002247E+00  0.88000000002247E+00  0.78000000001992E+00  0.78000000001992E+00  0.22343612910430E-10 -0.63248272116211E-01  0.29300000000750E-01  0.29300000000750E-01  0.77193278003089E-01  0.12208343148853E+00  0.15139922968602E-03  0.36886949681396E-03  0.72808403098556E-02  0.89800020054220E-02  0.10536622986177E-03  0.10536622986177E-03  0.19329120229580E-03  0.19329120229580E-03  0.62060510559797E-01  0.63720410080108E-01  0.00000000000000E+00  0.00000000000000E+00  0.42630091767055E-09  0.00000000000000E+00  0.00000000000000E+00  0.21315045883527E-09  0.00000000000000E+00  0.00000000000000E+00  0.95969219941343E-02  0.00000000000000E+00  0.21315045883527E-09  0.95969219941343E-02  0.44580274804797E+01  0.48450000000000E+00  0.58176868206753E+00  0.14197784755321E-01  0.12451999136637E+01  0.33870000000000E-01  0.34981926158015E-01  0.12920000000000E-02  0.11387586844154E+00  0.73684000000000E-02  0.15941026227546E-02  0.34195694977292E-03  0.36959214822014E-05  0.10000000000000E-06  0.25393825965751E-04  0.57576715259884E-06  0.13474881543013E-05  0.10000000000000E-06  0.66672646276198E-06  0.10000000000000E-06  0.70999473792471E-06  0.10000000000000E-06  0.38106698756518E-05  0.10000000000000E-06  0.16292050082969E-05  0.10000000000000E-06  0.46009988252775E+00  0.10010218282943E+01

 -0.45458773091545E+03  0.10000000000000E+01  0.00000000000000E+00 -0.84223589886889E+01  0.10000000000000E+04  0.59757401380358E+02  0.11696463287318E+01  0.88000000014104E+00  0.88000000014104E+00  0.78000000012502E+00  0.78000000012502E+00  0.22349552064239E-10 -0.63220960227488E-01  0.29300000004698E-01  0.29300000004698E-01  0.77198349712757E-01  0.12206983360999E+00  0.15139581489148E-03  0.36887414362041E-03  0.72807979574600E-02  0.89800022281019E-02  0.10537333629675E-03  0.10537333629675E-03  0.19328851074585E-03  0.19328851074585E-03  0.62060466384286E-01  0.63720410250635E-01  0.00000000000000E+00  0.00000000000000E+00  0.42652079886538E-09  0.00000000000000E+00  0.00000000000000E+00  0.21326039943269E-09  0.00000000000000E+00  0.00000000000000E+00  0.95967290513927E-02  0.00000000000000E+00  0.21326039943269E-09  0.95967290513927E-02  0.44580274804797E+01  0.48450000000000E+00  0.58177471255181E+00  0.14197931926388E-01  0.12451999136637E+01  0.33870000000000E-01  0.34981926158015E-01  0.12920000000000E-02  0.11387586844154E+00  0.73684000000000E-02  0.15941958131193E-02  0.34197694038858E-03  0.36959214822014E-05  0.10000000000000E-06  0.25389911987671E-04  0.57567840897993E-06  0.13474881543013E-05  0.10000000000000E-06  0.66672646276198E-06  0.10000000000000E-06  0.70999473792471E-06  0.10000000000000E-06  0.38106698756518E-05  0.10000000000000E-06  0.16292050082969E-05  0.10000000000000E-06  0.46009971545481E+00  0.10010201182774E+01

 -0.90917546183090E+03  0.10000000000000E+01  0.00000000000000E+00 -0.84163151287732E+01  0.10000000000000E+04  0.59756409716448E+02  0.11696350217889E+01  0.88000000172778E+00  0.88000000172778E+00  0.78000000153145E+00  0.78000000153145E+00  0.22367361727801E-10 -0.63139069714146E-01  0.29300000057529E-01  0.29300000057529E-01  0.77213437175962E-01  0.12202892088286E+00  0.15138575048146E-03  0.36888833505868E-03  0.72806701285040E-02  0.89800023025206E-02  0.10539465784795E-03  0.10539465784795E-03  0.19325030169456E-03  0.19325030169456E-03  0.62060333352387E-01  0.63720410372677E-01  0.00000000000000E+00  0.00000000000000E+00  0.42718113615518E-09  0.00000000000000E+00  0.00000000000000E+00  0.21359056807759E-09  0.00000000000000E+00  0.00000000000000E+00  0.95946535775359E-02  0.00000000000000E+00  0.21359056807759E-09  0.95946535775359E-02  0.44580274804797E+01  0.48450000000000E+00  0.58179530327657E+00  0.14198434433118E-01  0.12451999136637E+01  0.33870000000000E-01  0.34981926158015E-01  0.12920000000000E-02  0.11387586844154E+00  0.73684000000000E-02  0.15941500473858E-02  0.34196712300894E-03  0.36959214822014E-05  0.10000000000000E-06  0.25378161761554E-04  0.57541199011722E-06  0.13474881543013E-05  0.10000000000000E-06  0.66672646276198E-06  0.10000000000000E-06  0.70999473792471E-06  0.10000000000000E-06  0.38106698756518E-05  0.10000000000000E-06  0.16292050082969E-05  0.10000000000000E-06  0.46009922303188E+00  0.10010150782696E+01

 -0.13637631927464E+04  0.10000000000000E+01  0.00000000000000E+00 -0.84062424485697E+01  0.10000000000000E+04  0.59754760574906E+02  0.11696162216220E+01  0.88000001991647E+00  0.88000001991647E+00  0.78000001765324E+00  0.78000001765324E+00  0.22397051758551E-10 -0.63002852883234E-01  0.29300000663130E-01  0.29300000663130E-01  0.77238527805057E-01  0.12196084090165E+00  0.15136913737664E-03  0.36891214295168E-03  0.72804580761373E-02  0.89800025094601E-02  0.10543020071519E-03  0.10543020071519E-03  0.19282641657123E-03  0.19282641657123E-03  0.62060113685124E-01  0.63720411690470E-01  0.00000000000000E+00  0.00000000000000E+00  0.42828336560627E-09  0.00000000000000E+00  0.00000000000000E+00  0.21414168280314E-09  0.00000000000000E+00  0.00000000000000E+00  0.95733114326744E-02  0.00000000000000E+00  0.21414168280314E-09  0.95733114326744E-02  0.44580274804797E+01  0.48450000000000E+00  0.58182846192704E+00  0.14199243654028E-01  0.12451999136637E+01  0.33870000000000E-01  0.34981926158015E-01  0.12920000000000E-02  0.11387586844154E+00  0.73684000000000E-02  0.15941036949371E-02  0.34195717977083E-03  0.36959214822014E-05  0.10000000000000E-06  0.25359679394515E-04  0.57499292999380E-06  0.13474881543013E-05  0.10000000000000E-06  0.66672646276198E-06  0.10000000000000E-06  0.70999473792471E-06  0.10000000000000E-06  0.38106698756518E-05  0.10000000000000E-06  0.16292050082969E-05  0.10000000000000E-06  0.46009842417327E+00  0.10010069019062E+01

 -0.18183509236618E+04  0.10000000000000E+01  0.00000000000000E+00 -0.83921415355946E+01  0.10000000000000E+04  0.59752468785175E+02  0.11695902795558E+01  0.88000019816727E+00  0.88000019816727E+00  0.78000017564826E+00  0.78000017564826E+00  0.22438637737193E-10 -0.62812710486492E-01  0.29300006598071E-01  0.29300006598071E-01  0.77273609746686E-01  0.12186582210131E+00  0.15134633564164E-03  0.36894589710967E-03  0.72801663950962E-02  0.89800043320382E-02  0.10547998463857E-03  0.10547998463857E-03  0.18941153131303E-03  0.18941153131303E-03  0.62059820901819E-01  0.63720424597325E-01  0.00000000000000E+00  0.00000000000000E+00  0.42983009218694E-09  0.00000000000000E+00  0.00000000000000E+00  0.21491504609347E-09  0.00000000000000E+00  0.00000000000000E+00  0.94033640764151E-02  0.00000000000000E+00  0.21491504609347E-09  0.94033640764151E-02  0.44580274804797E+01  0.48450000000000E+00  0.58187411782284E+00  0.14200357864196E-01  0.12451999136637E+01  0.33870000000000E-01  0.34981926158015E-01  0.12920000000000E-02  0.11387586844154E+00  0.73684000000000E-02  0.15940569234687E-02  0.34194714664720E-03  0.36959214822014E-05  0.10000000000000E-06  0.25334377800708E-04  0.57441925406791E-06  0.13474881543013E-05  0.10000000000000E-06  0.66672646276198E-06  0.10000000000000E-06  0.70999473792471E-06  0.10000000000000E-06  0.38106698756518E-05  0.10000000000000E-06  0.16292050082969E-05  0.10000000000000E-06  0.46009732056990E+00  0.10009956065649E+01

 -0.26001680051520E+04  0.99999999548804E+00  0.45119615821321E-08 -0.83740131281731E+01  0.10000000000000E+04  0.59749608380813E+02  0.11695587153463E+01  0.88000153703601E+00  0.88000153703601E+00  0.78000136237283E+00  0.78000136237283E+00  0.22492142977417E-10 -0.62569210370884E-01  0.29300051176314E-01  0.29300051176314E-01  0.77318729989561E-01  0.12174425367199E+00  0.15131797518078E-03  0.36899018872748E-03  0.72798090134574E-02  0.89800179903961E-02  0.10554403846659E-03  0.10554403846659E-03  0.17806704562271E-03  0.17806704562271E-03  0.62059531183043E-01  0.63720521543587E-01  0.00000000000000E+00  0.00000000000000E+00  0.43182499729590E-09  0.00000000000000E+00  0.00000000000000E+00  0.21591249864795E-09  0.00000000000000E+00  0.00000000000000E+00  0.88396764248190E-02  0.00000000000000E+00  0.21591249864795E-09  0.88396764248190E-02  0.44580274804797E+01  0.48450000000000E+00  0.58193218008927E+00  0.14201774845871E-01  0.12451999136637E+01  0.33870000000000E-01  0.34981926158015E-01  0.12920000000000E-02  0.11387586844154E+00  0.73684000000000E-02  0.15940095187192E-02  0.34193697767607E-03  0.36959214822014E-05  0.10000000000000E-06  0.25302116920205E-04  0.57368778668948E-06  0.13474881543013E-05  0.10000000000000E-06  0.66672646276198E-06  0.10000000000000E-06  0.70999473792471E-06  0.10000000000000E-06  0.38106698756518E-05  0.10000000000000E-06  0.16292050082969E-05  0.10000000000000E-06  0.46009591448867E+00  0.10009812155451E+01

 -0.26035679039474E+04  0.99999696900116E+00  0.30309988364730E-05 -0.83518580246563E+01  0.10000000000000E+04  0.59746450887865E+02  0.11695262681027E+01  0.88000793851611E+00  0.88000793851611E+00  0.78000703641201E+00  0.78000703641201E+00  0.22557702969491E-10 -0.62273202009847E-01  0.29300264316504E-01  0.29300264316504E-01  0.77373922155003E-01  0.12159695808715E+00  0.15128186163331E-03  0.36904300254885E-03  0.72793911005862E-02  0.89800833012991E-02  0.10562219702742E-03  0.10562219702742E-03  0.18887039295326E-03  0.18887039295326E-03  0.62059492492499E-01  0.63720985070813E-01  0.00000000000000E+00  0.00000000000000E+00  0.43427327977880E-09  0.00000000000000E+00  0.00000000000000E+00  0.21713663988940E-09  0.00000000000000E+00  0.00000000000000E+00  0.93753611697033E-02  0.00000000000000E+00  0.21713663988940E-09  0.93753611697033E-02  0.44580274804797E+01  0.48450000000000E+00  0.58200265532322E+00  0.14203494760045E-01  0.12451999136637E+01  0.33870000000000E-01  0.34981926158015E-01  0.12920000000000E-02  0.11387586844154E+00  0.73684000000000E-02  0.15939617743998E-02  0.34192673586254E-03  0.36959214822014E-05  0.10000000000000E-06  0.25263087679575E-04  0.57280285683386E-06  0.13474881543013E-05  0.10000000000000E-06  0.66672646276198E-06  0.10000000000000E-06  0.70999473792471E-06  0.10000000000000E-06  0.38106698756518E-05  0.10000000000000E-06  0.16292050082969E-05  0.10000000000000E-06  0.46009420570124E+00  0.10009637266342E+01

 -0.27975861097065E+04  0.99912001342871E+00  0.87998657128929E-03 -0.83256748294176E+01  0.10000000000000E+04  0.59743407420690E+02  0.11695016025096E+01  0.88002588695516E+00  0.88002588695516E+00  0.78002294525572E+00  0.78002294525572E+00  0.22636512742277E-10 -0.61922701913535E-01  0.29300861917941E-01  0.29300861917941E-01  0.77440342846952E-01  0.12142361769459E+00  0.15124308762754E-03  0.36911436760049E-03  0.72789878623721E-02  0.89802664232638E-02  0.10571461327126E-03  0.10571461327126E-03  0.18892722735086E-03  0.18892722735086E-03  0.62060184058468E-01  0.63722284707268E-01  0.00000000000000E+00  0.00000000000000E+00  0.43723321898727E-09  0.00000000000000E+00  0.00000000000000E+00  0.21861660949363E-09  0.00000000000000E+00  0.00000000000000E+00  0.93774855676651E-02  0.00000000000000E+00  0.21861660949363E-09  0.93774855676651E-02  0.44580274804797E+01  0.48450000000000E+00  0.58209619940911E+00  0.14205777658450E-01  0.12451999136637E+01  0.33870000000000E-01  0.34981926158015E-01  0.12920000000000E-02  0.11387586844154E+00  0.73684000000000E-02  0.15939067013891E-02  0.34191492194385E-03  0.36959214822014E-05  0.10000000000000E-06  0.25204526554448E-04  0.57147507061083E-06  0.13474881543013E-05  0.10000000000000E-06  0.66672646276198E-06  0.10000000000000E-06  0.70999473792471E-06  0.10000000000000E-06  0.38106698756518E-05  0.10000000000000E-06  0.16292050082969E-05  0.10000000000000E-06  0.46009193594454E+00  0.10009404968157E+01

 -0.31654803846387E+04  0.99618763444440E+00  0.38123655556044E-02 -0.82954575582509E+01  0.10000000000000E+04  0.59740508758779E+02  0.11694853954211E+01  0.88005632422340E+00  0.88005632422340E+00  0.78004992374347E+00  0.78004992374347E+00  0.22730218902692E-10 -0.61514989083526E-01  0.29301875340622E-01  0.29301875340622E-01  0.77518517742214E-01  0.12122297773871E+00  0.15120388222311E-03  0.36921325140636E-03  0.72785888077071E-02  0.89805769471050E-02  0.10582128777470E-03  0.10582128777470E-03  0.18895097648948E-03  0.18895097648948E-03  0.62061654936320E-01  0.63724488652524E-01  0.00000000000000E+00  0.00000000000000E+00  0.44078250177235E-09  0.00000000000000E+00  0.00000000000000E+00  0.22039125088618E-09  0.00000000000000E+00  0.00000000000000E+00  0.93778940434212E-02  0.00000000000000E+00  0.22039125088618E-09  0.93778940434212E-02  0.44580274804797E+01  0.48450000000000E+00  0.58222795334412E+00  0.14208993049838E-01  0.12451999136637E+01  0.33870000000000E-01  0.34981926158015E-01  0.12920000000000E-02  0.11387586844154E+00  0.73684000000000E-02  0.15938314877315E-02  0.34189878757925E-03  0.36959214822014E-05  0.10000000000000E-06  0.25102005707620E-04  0.56915056322309E-06  0.13474881543013E-05  0.10000000000000E-06  0.66672646276198E-06  0.10000000000000E-06  0.70999473792471E-06  0.10000000000000E-06  0.38106698756518E-05  0.10000000000000E-06  0.16292050082969E-05  0.10000000000000E-06  0.46008873901202E+00  0.10009077786695E+01

 -0.35088710301345E+04  0.99265011896476E+00  0.73498810352431E-02 -0.82612031322516E+01  0.10000000000000E+04  0.59737384780568E+02  0.11694702381548E+01  0.88009267399974E+00  0.88009267399974E+00  0.78008214286341E+00  0.78008214286341E+00  0.22836893500913E-10 -0.61055934618042E-01  0.29303085622948E-01  0.29303085622948E-01  0.77606914133101E-01  0.12099728896831E+00  0.15116127925225E-03  0.36932807458986E-03  0.72781589044545E-02  0.89809477471178E-02  0.10594229299851E-03  0.10594229299851E-03  0.18897187195199E-03  0.18897187195199E-03  0.62063459994359E-01  0.63727120717352E-01  0.00000000000000E+00  0.00000000000000E+00  0.44484362059087E-09  0.00000000000000E+00  0.00000000000000E+00  0.22242181029544E-09  0.00000000000000E+00  0.00000000000000E+00  0.93780635608187E-02  0.00000000000000E+00  0.22242181029544E-09  0.93780635608187E-02  0.44580274804797E+01  0.48450000000000E+00  0.58238048708948E+00  0.14212715562498E-01  0.12451999136637E+01  0.33870000000000E-01  0.34981926158015E-01  0.12920000000000E-02  0.11387586844154E+00  0.73684000000000E-02  0.15937385200095E-02  0.34187884472351E-03  0.36959214822014E-05  0.10000000000000E-06  0.24978350113339E-04  0.56634685693960E-06  0.13474881543013E-05  0.10000000000000E-06  0.66672646276198E-06  0.10000000000000E-06  0.70999473792471E-06  0.10000000000000E-06  0.38106698756518E-05  0.10000000000000E-06  0.16292050082969E-05  0.10000000000000E-06  0.46008503924592E+00  0.10008699156498E+01

 -0.38362883479901E+04  0.98879158028694E+00  0.11208419713055E-01 -0.82229128190104E+01  0.10000000000000E+04  0.59733577363194E+02  0.11694472436547E+01  0.88012769963339E+00  0.88012769963339E+00  0.78011318831142E+00  0.78011318831142E+00  0.22956132092243E-10 -0.60547748912346E-01  0.29304251817341E-01  0.29304251817341E-01  0.77704560924693E-01  0.12074691076727E+00  0.15111508133180E-03  0.36945672742219E-03  0.72776473974286E-02  0.89813050002314E-02  0.10607770979350E-03  0.10607770979350E-03  0.18899375631120E-03  0.18899375631120E-03  0.62065098157730E-01  0.63729656899845E-01  0.00000000000000E+00  0.00000000000000E+00  0.44940776062541E-09  0.00000000000000E+00  0.00000000000000E+00  0.22470388031270E-09  0.00000000000000E+00  0.00000000000000E+00  0.93781605886547E-02  0.00000000000000E+00  0.22470388031270E-09  0.93781605886547E-02  0.44580274804797E+01  0.48450000000000E+00  0.58254836838530E+00  0.14216812624743E-01  0.12451999136637E+01  0.33870000000000E-01  0.34981926158015E-01  0.12920000000000E-02  0.11387586844154E+00  0.73684000000000E-02  0.15936300664515E-02  0.34185557994284E-03  0.36959214822014E-05  0.10000000000000E-06  0.24841361710319E-04  0.56324084909140E-06  0.13474881543013E-05  0.10000000000000E-06  0.66672646276198E-06  0.10000000000000E-06  0.70999473792471E-06  0.10000000000000E-06  0.38106698756518E-05  0.10000000000000E-06  0.16292050082969E-05  0.10000000000000E-06  0.46008096855447E+00  0.10008282581580E+01

 -0.41545183742009E+04  0.98469814354384E+00  0.15301856456157E-01 -0.81805884728724E+01  0.10000000000000E+04  0.59728747087050E+02  0.11694098267128E+01  0.88015602785657E+00  0.88015602785657E+00  0.78013829741833E+00  0.78013829741833E+00  0.23087812500732E-10 -0.59992152272823E-01  0.29305195018408E-01  0.29305195018408E-01  0.77810723271461E-01  0.12047213742843E+00  0.15106561249936E-03  0.36959878665927E-03  0.72770167219276E-02  0.89815939703116E-02  0.10622760984867E-03  0.10622760984867E-03  0.18901774174065E-03  0.18901774174065E-03  0.62066197539984E-01  0.63731708123750E-01  0.00000000000000E+00  0.00000000000000E+00  0.45447897848372E-09  0.00000000000000E+00  0.00000000000000E+00  0.22723948924186E-09  0.00000000000000E+00  0.00000000000000E+00  0.93782222946679E-02  0.00000000000000E+00  0.22723948924186E-09  0.93782222946679E-02  0.44580274804797E+01  0.48450000000000E+00  0.58272907386839E+00  0.14221222655107E-01  0.12451999136637E+01  0.33870000000000E-01  0.34981926158015E-01  0.12920000000000E-02  0.11387586844154E+00  0.73684000000000E-02  0.15935122232881E-02  0.34183030096260E-03  0.36959214822014E-05  0.10000000000000E-06  0.24693745872609E-04  0.55989388000247E-06  0.13474881543013E-05  0.10000000000000E-06  0.66672646276198E-06  0.10000000000000E-06  0.70999473792471E-06  0.10000000000000E-06  0.38106698756518E-05  0.10000000000000E-06  0.16292050082969E-05  0.10000000000000E-06  0.46007658715005E+00  0.10007834227815E+01

 -0.44288018201544E+04  0.98095424845316E+00  0.19045751546841E-01 -0.81342340961811E+01  0.10000000000000E+04  0.59722903471384E+02  0.11693580095189E+01  0.88017719066243E+00  0.88017719066243E+00  0.78015705535989E+00  0.78015705535989E+00  0.23231206011385E-10 -0.59392581074348E-01  0.29305899643649E-01  0.29305899643649E-01  0.77924796811792E-01  0.12017461310159E+00  0.15101210300099E-03  0.36974998735820E-03  0.72762725610262E-02  0.89818098423306E-02  0.10639201830709E-03  0.10639201830709E-03  0.18904416499297E-03  0.18904416499297E-03  0.62066734265299E-01  0.63733240363647E-01  0.00000000000000E+00  0.00000000000000E+00  0.46003272524513E-09  0.00000000000000E+00  0.00000000000000E+00  0.23001636262256E-09  0.00000000000000E+00  0.00000000000000E+00  0.93782628041814E-02  0.00000000000000E+00  0.23001636262256E-09  0.93782628041814E-02  0.44580274804797E+01  0.48450000000000E+00  0.58291477769437E+00  0.14225754667625E-01  0.12451999136637E+01  0.33870000000000E-01  0.34981926158015E-01  0.12920000000000E-02  0.11387586844154E+00  0.73684000000000E-02  0.15933759422599E-02  0.34180106680663E-03  0.36959214822014E-05  0.10000000000000E-06  0.24544043324451E-04  0.55649959786451E-06  0.13474881543013E-05  0.10000000000000E-06  0.66672646276198E-06  0.10000000000000E-06  0.70999473792471E-06  0.10000000000000E-06  0.38106698756518E-05  0.10000000000000E-06  0.16292050082969E-05  0.10000000000000E-06  0.46007208776597E+00  0.10007373820509E+01

 -0.46853312053936E+04  0.97730462784521E+00  0.22695372154794E-01 -0.80838534787609E+01  0.10000000000000E+04  0.59716217739279E+02  0.11692953135784E+01  0.88019349969047E+00  0.88019349969047E+00  0.78017151108929E+00  0.78017151108929E+00  0.23386725323661E-10 -0.58750065989854E-01  0.29306442660150E-01  0.29306442660150E-01  0.78046987295946E-01  0.11985524005348E+00  0.15095558075434E-03  0.36991252708445E-03  0.72754363321627E-02  0.89819766224747E-02  0.10657095337289E-03  0.10657095337289E-03  0.18907298798268E-03  0.18907298798268E-03  0.62066873777825E-01  0.63734421451802E-01  0.00000000000000E+00  0.00000000000000E+00  0.46609524506165E-09  0.00000000000000E+00  0.00000000000000E+00  0.23304762253082E-09  0.00000000000000E+00  0.00000000000000E+00  0.93782883766758E-02  0.00000000000000E+00  0.23304762253082E-09  0.93782883766758E-02  0.44580274804797E+01  0.48450000000000E+00  0.58310809920812E+00  0.14230472586147E-01  0.12451999136637E+01  0.33870000000000E-01  0.34981926158015E-01  0.12920000000000E-02  0.11387586844154E+00  0.73684000000000E-02  0.15932824715832E-02  0.34178101606016E-03  0.36959214822014E-05  0.10000000000000E-06  0.24390554649700E-04  0.55301947094956E-06  0.13474881543013E-05  0.10000000000000E-06  0.66672646276198E-06  0.10000000000000E-06  0.70999473792471E-06  0.10000000000000E-06  0.38106698756518E-05  0.10000000000000E-06  0.16292050082969E-05  0.10000000000000E-06  0.46006739337832E+00  0.10006893480122E+01

 -0.49294886952038E+04  0.97371975351186E+00  0.26280246488138E-01 -0.80294481433550E+01  0.10000000000000E+04  0.59708739353187E+02  0.11692224888723E+01  0.88020543528139E+00  0.88020543528139E+00  0.78018209036305E+00  0.78018209036305E+00  0.23554456262734E-10 -0.58066314157109E-01  0.29306840061076E-01  0.29306840061076E-01  0.78176966831913E-01  0.11951477924573E+00  0.15089687507499E-03  0.37008724499730E-03  0.72745152471104E-02  0.89820984923442E-02  0.10676445809595E-03  0.10676445809595E-03  0.18910425358137E-03  0.18910425358137E-03  0.62066653586349E-01  0.63735285709080E-01  0.00000000000000E+00  0.00000000000000E+00  0.47268090823325E-09  0.00000000000000E+00  0.00000000000000E+00  0.23634045411662E-09  0.00000000000000E+00  0.00000000000000E+00  0.93783018253209E-02  0.00000000000000E+00  0.23634045411662E-09  0.93783018253209E-02  0.44580274804797E+01  0.48450000000000E+00  0.58330833765719E+00  0.14235359309148E-01  0.12451999136637E+01  0.33870000000000E-01  0.34981926158015E-01  0.12920000000000E-02  0.11387586844154E+00  0.73684000000000E-02  0.15931748510706E-02  0.34175792997919E-03  0.36959214822014E-05  0.10000000000000E-06  0.24232215932219E-04  0.54942937654497E-06  0.13474881543013E-05  0.10000000000000E-06  0.66672646276198E-06  0.10000000000000E-06  0.70999473792471E-06  0.10000000000000E-06  0.38106698756518E-05  0.10000000000000E-06  0.16292050082969E-05  0.10000000000000E-06  0.46006253333150E+00  0.10006396211703E+01

 -0.51683807160327E+04  0.97012356778771E+00  0.29876432212295E-01 -0.79710180064659E+01  0.10000000000000E+04  0.59700399945153E+02  0.11691382213233E+01  0.88021166689396E+00  0.88021166689396E+00  0.78018761383783E+00  0.78018761383783E+00  0.23734549442224E-10 -0.57342985314212E-01  0.29307047545449E-01  0.29307047545449E-01  0.78314395689392E-01  0.11915394499511E+00  0.15083677933250E-03  0.37027508140510E-03  0.72735033536594E-02  0.89821620010889E-02  0.10697259954757E-03  0.10697259954757E-03  0.18913808760183E-03  0.18913808760183E-03  0.62065985119936E-01  0.63735736932803E-01  0.00000000000000E+00  0.00000000000000E+00  0.47980779292846E-09  0.00000000000000E+00  0.00000000000000E+00  0.23990389646423E-09  0.00000000000000E+00  0.00000000000000E+00  0.93783046612851E-02  0.00000000000000E+00  0.23990389646423E-09  0.93783046612851E-02  0.44580274804797E+01  0.48450000000000E+00  0.58351577861656E+00  0.14240421805946E-01  0.12451999136637E+01  0.33870000000000E-01  0.34981926158015E-01  0.12920000000000E-02  0.11387586844154E+00  0.73684000000000E-02  0.15930734255962E-02  0.34173617281919E-03  0.36959214822014E-05  0.10000000000000E-06  0.24068844505704E-04  0.54572517296465E-06  0.13474881543013E-05  0.10000000000000E-06  0.66672646276198E-06  0.10000000000000E-06  0.70999473792471E-06  0.10000000000000E-06  0.38106698756518E-05  0.10000000000000E-06  0.16292050082969E-05  0.10000000000000E-06  0.46005749629606E+00  0.10005880858484E+01

 -0.53611859257224E+04  0.96716659028737E+00  0.32833409712631E-01 -0.79085658457979E+01  0.10000000000000E+04  0.59691388624710E+02  0.11690459987669E+01  0.88021433076919E+00  0.88021433076919E+00  0.78018997499997E+00  0.78018997499997E+00  0.23926272317090E-10 -0.56583874914745E-01  0.29307136240385E-01  0.29307136240385E-01  0.78458857523407E-01  0.11877485929615E+00  0.15077451716324E-03  0.37047157824779E-03  0.72724279423431E-02  0.89821890163152E-02  0.10719540430701E-03  0.10719540430701E-03  0.18917438858035E-03  0.18917438858035E-03  0.62065028121892E-01  0.63735929814113E-01  0.00000000000000E+00  0.00000000000000E+00  0.48745211879709E-09  0.00000000000000E+00  0.00000000000000E+00  0.24372605939854E-09  0.00000000000000E+00  0.00000000000000E+00  0.93782977039630E-02  0.00000000000000E+00  0.24372605939854E-09  0.93782977039630E-02  0.44580274804797E+01  0.48450000000000E+00  0.58372294235708E+00  0.14245477537353E-01  0.12451999136637E+01  0.33870000000000E-01  0.34981926158015E-01  0.12920000000000E-02  0.11387586844154E+00  0.73684000000000E-02  0.15929834080461E-02  0.34171686281591E-03  0.36959214822014E-05  0.10000000000000E-06  0.23909254847700E-04  0.54210671534833E-06  0.13474881543013E-05  0.10000000000000E-06  0.66672646276198E-06  0.10000000000000E-06  0.70999473792471E-06  0.10000000000000E-06  0.38106698756518E-05  0.10000000000000E-06  0.16292050082969E-05  0.10000000000000E-06  0.46005246349312E+00  0.10005365962957E+01

 -0.55432833762287E+04  0.96433523494970E+00  0.35664765050299E-01 -0.78420938670293E+01  0.10000000000000E+04  0.59681868639308E+02  0.11689490012749E+01  0.88021575365668E+00  0.88021575365668E+00  0.78019123619570E+00  0.78019123619570E+00  0.24130378518937E-10 -0.55789585536661E-01  0.29307183616071E-01  0.29307183616071E-01  0.78610488993214E-01  0.11837805277893E+00  0.15071197597683E-03  0.37068122124221E-03  0.72713085221818E-02  0.89822034007180E-02  0.10743291707637E-03  0.10743291707637E-03  0.18921300737907E-03  0.18921300737907E-03  0.62063947184394E-01  0.63736032832987E-01  0.00000000000000E+00  0.00000000000000E+00  0.49566066796006E-09  0.00000000000000E+00  0.00000000000000E+00  0.24783033398003E-09  0.00000000000000E+00  0.00000000000000E+00  0.93782812931936E-02  0.00000000000000E+00  0.24783033398003E-09  0.93782812931936E-02  0.44580274804797E+01  0.48450000000000E+00  0.58393490705617E+00  0.14250650433842E-01  0.12451999136637E+01  0.33870000000000E-01  0.34981926158015E-01  0.12920000000000E-02  0.11387586844154E+00  0.73684000000000E-02  0.15929014741371E-02  0.34169928686490E-03  0.36959214822014E-05  0.10000000000000E-06  0.23747134250528E-04  0.53843087245891E-06  0.13474881543013E-05  0.10000000000000E-06  0.66672646276198E-06  0.10000000000000E-06  0.70999473792471E-06  0.10000000000000E-06  0.38106698756518E-05  0.10000000000000E-06  0.16292050082969E-05  0.10000000000000E-06  0.46004731184842E+00  0.10004838934502E+01

 -0.57210144451142E+04  0.96154027046770E+00  0.38459729532300E-01 -0.77716008438418E+01  0.10000000000000E+04  0.59671655194006E+02  0.11688435866907E+01  0.88021287163091E+00  0.88021287163091E+00  0.78018868167286E+00  0.78018868167286E+00  0.24347060650990E-10 -0.54961835381421E-01  0.29307087657713E-01  0.29307087657713E-01  0.78768738689197E-01  0.11796404961130E+00  0.15065013402696E-03  0.37090529615704E-03  0.72701254571092E-02  0.89821739092080E-02  0.10768523683563E-03  0.10768523683563E-03  0.18925416179416E-03  0.18925416179416E-03  0.62062532124441E-01  0.63735824007396E-01  0.00000000000000E+00  0.00000000000000E+00  0.50445716424059E-09  0.00000000000000E+00  0.00000000000000E+00  0.25222858212029E-09  0.00000000000000E+00  0.00000000000000E+00  0.93782555092507E-02  0.00000000000000E+00  0.25222858212029E-09  0.93782555092507E-02  0.44580274804797E+01  0.48450000000000E+00  0.58415198191562E+00  0.14255948041337E-01  0.12451999136637E+01  0.33870000000000E-01  0.34981926158015E-01  0.12920000000000E-02  0.11387586844154E+00  0.73684000000000E-02  0.15928071452205E-02  0.34167905201419E-03  0.36959214822014E-05  0.10000000000000E-06  0.23580665372504E-04  0.53465643878258E-06  0.13474881543013E-05  0.10000000000000E-06  0.66672646276198E-06  0.10000000000000E-06  0.70999473792471E-06  0.10000000000000E-06  0.38106698756518E-05  0.10000000000000E-06  0.16292050082969E-05  0.10000000000000E-06  0.46004203825021E+00  0.10004299456585E+01

 -0.58519912126016E+04  0.95946303002672E+00  0.40536969973276E-01 -0.76970913525153E+01  0.10000000000000E+04  0.59660935233378E+02  0.11687333526912E+01  0.88020773307155E+00  0.88020773307155E+00  0.78018412704070E+00  0.78018412704070E+00  0.24575643498373E-10 -0.54104443963595E-01  0.29306916567043E-01  0.29306916567043E-01  0.78933286753418E-01  0.11753511341074E+00  0.15058819168726E-03  0.37113942065448E-03  0.72689060488268E-02  0.89821218609849E-02  0.10795239817195E-03  0.10795239817195E-03  0.18929772273170E-03  0.18929772273170E-03  0.62060937275002E-01  0.63735452077012E-01  0.00000000000000E+00  0.00000000000000E+00  0.51382156713276E-09  0.00000000000000E+00  0.00000000000000E+00  0.25691078356638E-09  0.00000000000000E+00  0.00000000000000E+00  0.93782200305738E-02  0.00000000000000E+00  0.25691078356638E-09  0.93782200305738E-02  0.44580274804797E+01  0.48450000000000E+00  0.58436730974496E+00  0.14261203013403E-01  0.12451999136637E+01  0.33870000000000E-01  0.34981926158015E-01  0.12920000000000E-02  0.11387586844154E+00  0.73684000000000E-02  0.15927637705129E-02  0.34166974754250E-03  0.36959214822014E-05  0.10000000000000E-06  0.23419363934327E-04  0.53099916910235E-06  0.13474881543013E-05  0.10000000000000E-06  0.66672646276198E-06  0.10000000000000E-06  0.70999473792471E-06  0.10000000000000E-06  0.38106698756518E-05  0.10000000000000E-06  0.16292050082969E-05  0.10000000000000E-06  0.46003679623989E+00  0.10003763236854E+01

 -0.59729690996231E+04  0.95753261583270E+00  0.42467384167301E-01 -0.76185723953425E+01  0.10000000000000E+04  0.59649977735167E+02  0.11686233304280E+01  0.88020428064954E+00  0.88020428064954E+00  0.78018106693937E+00  0.78018106693937E+00  0.24816998292334E-10 -0.53218067132482E-01  0.29306801617083E-01  0.29306801617083E-01  0.79104281966467E-01  0.11709183792159E+00  0.15052841642238E-03  0.37138891794558E-03  0.72676813848490E-02  0.89820867694813E-02  0.10823443138425E-03  0.10823443138425E-03  0.18934342387873E-03  0.18934342387873E-03  0.62059439846838E-01  0.63735202097952E-01  0.00000000000000E+00  0.00000000000000E+00  0.52381038992125E-09  0.00000000000000E+00  0.00000000000000E+00  0.26190519496062E-09  0.00000000000000E+00  0.00000000000000E+00  0.93781743461677E-02  0.00000000000000E+00  0.26190519496062E-09  0.93781743461677E-02  0.44580274804797E+01  0.48450000000000E+00  0.58458593510737E+00  0.14266538460176E-01  0.12451999136637E+01  0.33870000000000E-01  0.34981926158015E-01  0.12920000000000E-02  0.11387586844154E+00  0.73684000000000E-02  0.15927070071621E-02  0.34165757102261E-03  0.36959214822014E-05  0.10000000000000E-06  0.23255891673306E-04  0.52729267924991E-06  0.13474881543013E-05  0.10000000000000E-06  0.66672646276198E-06  0.10000000000000E-06  0.70999473792471E-06  0.10000000000000E-06  0.38106698756518E-05  0.10000000000000E-06  0.16292050082969E-05  0.10000000000000E-06  0.46003147667612E+00  0.10003219111293E+01

 -0.60879514445254E+04  0.95568844683594E+00  0.44311553164060E-01 -0.75360509589493E+01  0.10000000000000E+04  0.59638661579275E+02  0.11685111233130E+01  0.88020036173009E+00  0.88020036173009E+00  0.78017759335168E+00  0.78017759335168E+00  0.25071388457504E-10 -0.52304549923743E-01  0.29306671134879E-01  0.29306671134879E-01  0.79281254632587E-01  0.11663494699482E+00  0.15047190197943E-03  0.37165538125336E-03  0.72664393372904E-02  0.89820467821977E-02  0.10853141336471E-03  0.10853141336471E-03  0.18939140499448E-03  0.18939140499448E-03  0.62057894042075E-01  0.63734918329905E-01  0.00000000000000E+00  0.00000000000000E+00  0.53445388989347E-09  0.00000000000000E+00  0.00000000000000E+00  0.26722694494674E-09  0.00000000000000E+00  0.00000000000000E+00  0.93781180399042E-02  0.00000000000000E+00  0.26722694494674E-09  0.93781180399042E-02  0.44580274804797E+01  0.48450000000000E+00  0.58480828977968E+00  0.14271964918963E-01  0.12451999136637E+01  0.33870000000000E-01  0.34981926158015E-01  0.12920000000000E-02  0.11387586844154E+00  0.73684000000000E-02  0.15926488286003E-02  0.34164509092048E-03  0.36959214822014E-05  0.10000000000000E-06  0.23089045122258E-04  0.52350968240071E-06  0.13474881543013E-05  0.10000000000000E-06  0.66672646276198E-06  0.10000000000000E-06  0.70999473792471E-06  0.10000000000000E-06  0.38106698756518E-05  0.10000000000000E-06  0.16292050082969E-05  0.10000000000000E-06  0.46002606648044E+00  0.10002665743440E+01

 -0.62038963108004E+04  0.95382046464837E+00  0.46179535351629E-01 -0.74495395954839E+01  0.10000000000000E+04  0.59626603937814E+02  0.11683892542605E+01  0.88018994735932E+00  0.88018994735932E+00  0.78016836243213E+00  0.78016836243213E+00  0.25339138904794E-10 -0.51365580243510E-01  0.29306324383671E-01  0.29306324383671E-01  0.79463397410387E-01  0.11616468249838E+00  0.15041995127886E-03  0.37194099010667E-03  0.72651367021988E-02  0.89819404045260E-02  0.10884343718721E-03  0.10884343718721E-03  0.18944206068576E-03  0.18944206068576E-03  0.62055881897705E-01  0.63734164224193E-01  0.00000000000000E+00  0.00000000000000E+00  0.54578873818963E-09  0.00000000000000E+00  0.00000000000000E+00  0.27289436909482E-09  0.00000000000000E+00  0.00000000000000E+00  0.93780507170651E-02  0.00000000000000E+00  0.27289436909482E-09  0.93780507170651E-02  0.44580274804797E+01  0.48450000000000E+00  0.58503489222228E+00  0.14277495042540E-01  0.12451999136637E+01  0.33870000000000E-01  0.34981926158015E-01  0.12920000000000E-02  0.11387586844154E+00  0.73684000000000E-02  0.15925790263460E-02  0.34163011737635E-03  0.36959214822014E-05  0.10000000000000E-06  0.22917139468944E-04  0.51961197794854E-06  0.13474881543013E-05  0.10000000000000E-06  0.66672646276198E-06  0.10000000000000E-06  0.70999473792471E-06  0.10000000000000E-06  0.38106698756518E-05  0.10000000000000E-06  0.16292050082969E-05  0.10000000000000E-06  0.46002055522811E+00  0.10002102068542E+01

 -0.62801977823772E+04  0.95258700680274E+00  0.47412993197259E-01 -0.73590660126862E+01  0.10000000000000E+04  0.59613882240501E+02  0.11682589653781E+01  0.88017356177791E+00  0.88017356177791E+00  0.78015383884861E+00  0.78015383884861E+00  0.25619768837560E-10 -0.50404656768291E-01  0.29305778818289E-01  0.29305778818289E-01  0.79650146637597E-01  0.11568284509030E+00  0.15037241941800E-03  0.37224311520914E-03  0.72637865604079E-02  0.89817729736067E-02  0.10917048763266E-03  0.10917048763266E-03  0.18949534746454E-03  0.18949534746454E-03  0.62053448965435E-01  0.63732977739859E-01  0.00000000000000E+00  0.00000000000000E+00  0.55781027708736E-09  0.00000000000000E+00  0.00000000000000E+00  0.27890513854368E-09  0.00000000000000E+00  0.00000000000000E+00  0.93779714801891E-02  0.00000000000000E+00  0.27890513854368E-09  0.93779714801891E-02  0.44580274804797E+01  0.48450000000000E+00  0.58525927145228E+00  0.14282970909683E-01  0.12451999136637E+01  0.33870000000000E-01  0.34981926158015E-01  0.12920000000000E-02  0.11387586844154E+00  0.73684000000000E-02  0.15925022069244E-02  0.34161363855327E-03  0.36959214822014E-05  0.10000000000000E-06  0.22747928255636E-04  0.51577536590726E-06  0.13474881543013E-05  0.10000000000000E-06  0.66672646276198E-06  0.10000000000000E-06  0.70999473792471E-06  0.10000000000000E-06  0.38106698756518E-05  0.10000000000000E-06  0.16292050082969E-05  0.10000000000000E-06  0.46001509967640E+00  0.10001544119638E+01

 -0.63081242308394E+04  0.95213478969599E+00  0.47865210304005E-01 -0.72646777445973E+01  0.10000000000000E+04  0.59601243740951E+02  0.11681345173803E+01  0.88016191435976E+00  0.88016191435976E+00  0.78014351500070E+00  0.78014351500070E+00  0.25913556595943E-10 -0.49424254565413E-01  0.29305391012207E-01  0.29305391012207E-01  0.79842027568378E-01  0.11519175661680E+00  0.15033044695666E-03  0.37256336207013E-03  0.72624785116318E-02  0.89816538086664E-02  0.10951240606902E-03  0.10951240606902E-03  0.18955050236822E-03  0.18955050236822E-03  0.62051351206823E-01  0.63732134334924E-01  0.00000000000000E+00  0.00000000000000E+00  0.57054911537298E-09  0.00000000000000E+00  0.00000000000000E+00  0.28527455768649E-09  0.00000000000000E+00  0.00000000000000E+00  0.93778786279203E-02  0.00000000000000E+00  0.28527455768649E-09  0.93778786279203E-02  0.44580274804797E+01  0.48450000000000E+00  0.58548015558498E+00  0.14288361480659E-01  0.12451999136637E+01  0.33870000000000E-01  0.34981926158015E-01  0.12920000000000E-02  0.11387586844154E+00  0.73684000000000E-02  0.15924196434731E-02  0.34159592755678E-03  0.36959214822014E-05  0.10000000000000E-06  0.22585348201553E-04  0.51208910551724E-06  0.13474881543013E-05  0.10000000000000E-06  0.66672646276198E-06  0.10000000000000E-06  0.70999473792471E-06  0.10000000000000E-06  0.38106698756518E-05  0.10000000000000E-06  0.16292050082969E-05  0.10000000000000E-06  0.46000973050268E+00  0.10000995033025E+01

 -0.63737407671092E+04  0.95107071846714E+00  0.48929281532857E-01 -0.71664255101072E+01  0.10000000000000E+04  0.59588224631252E+02  0.11680069837592E+01  0.88014824849623E+00  0.88014824849623E+00  0.78013140207621E+00  0.78013140207621E+00  0.26222477305363E-10 -0.48423416649585E-01  0.29304936001069E-01  0.29304936001069E-01  0.80038588389727E-01  0.11469023459795E+00  0.15029847033046E-03  0.37291390356500E-03  0.72611550044326E-02  0.89815140309784E-02  0.10986917745842E-03  0.10986917745842E-03  0.18960791571728E-03  0.18960791571728E-03  0.62049111861108E-01  0.63731144660434E-01  0.00000000000000E+00  0.00000000000000E+00  0.58413353387067E-09  0.00000000000000E+00  0.00000000000000E+00  0.29206676693534E-09  0.00000000000000E+00  0.00000000000000E+00  0.93777714129451E-02  0.00000000000000E+00  0.29206676693534E-09  0.93777714129451E-02  0.44580274804797E+01  0.48450000000000E+00  0.58570927648735E+00  0.14293953066034E-01  0.12451999136637E+01  0.33870000000000E-01  0.34981926158015E-01  0.12920000000000E-02  0.11387586844154E+00  0.73684000000000E-02  0.15923152549813E-02  0.34157353478875E-03  0.36959214822014E-05  0.10000000000000E-06  0.22410704687742E-04  0.50812932415927E-06  0.13474881543013E-05  0.10000000000000E-06  0.66672646276198E-06  0.10000000000000E-06  0.70999473792471E-06  0.10000000000000E-06  0.38106698756518E-05  0.10000000000000E-06  0.16292050082969E-05  0.10000000000000E-06  0.46000416526985E+00  0.10000425925723E+01

 -0.63992529672385E+04  0.95065644239360E+00  0.49343557606401E-01 -0.70643792042222E+01  0.10000000000000E+04  0.59574370541308E+02  0.11678673339679E+01  0.88012494980557E+00  0.88012494980557E+00  0.78011075096403E+00  0.78011075096403E+00  0.26545563648679E-10 -0.47406504049400E-01  0.29304160260574E-01  0.29304160260574E-01  0.80238449437736E-01  0.11417980021818E+00  0.15027562457574E-03  0.37328980579765E-03  0.72597677773746E-02  0.89812764837048E-02  0.11024070120495E-03  0.11024070120495E-03  0.18966806015199E-03  0.18966806015199E-03  0.62046208518124E-01  0.63729457734093E-01  0.00000000000000E+00  0.00000000000000E+00  0.59854279004549E-09  0.00000000000000E+00  0.00000000000000E+00  0.29927139502275E-09  0.00000000000000E+00  0.00000000000000E+00  0.93776489766569E-02  0.00000000000000E+00  0.29927139502275E-09  0.93776489766569E-02  0.44580274804797E+01  0.48450000000000E+00  0.58593584863214E+00  0.14299482450208E-01  0.12451999136637E+01  0.33870000000000E-01  0.34981926158015E-01  0.12920000000000E-02  0.11387586844154E+00  0.73684000000000E-02  0.15922499197964E-02  0.34155951949248E-03  0.36959214822014E-05  0.10000000000000E-06  0.22238398105526E-04  0.50422252924185E-06  0.13474881543013E-05  0.10000000000000E-06  0.66672646276198E-06  0.10000000000000E-06  0.70999473792471E-06  0.10000000000000E-06  0.38106698756518E-05  0.10000000000000E-06  0.16292050082969E-05  0.10000000000000E-06  0.45999865380777E+00  0.99998623467642E+00

 -0.63767155408750E+04  0.95102242872902E+00  0.48977571270978E-01 -0.69586411806363E+01  0.10000000000000E+04  0.59560435416596E+02  0.11677297229614E+01  0.88010289020011E+00  0.88010289020011E+00  0.78009119813191E+00  0.78009119813191E+00  0.26883310953198E-10 -0.46375922837707E-01  0.29303425775983E-01  0.29303425775983E-01  0.80442013035689E-01  0.11366261837802E+00  0.15026379359197E-03  0.37369466589162E-03  0.72584053724595E-02  0.89810514038733E-02  0.11062662128385E-03  0.11062662128385E-03  0.18973011548657E-03  0.18973011548657E-03  0.62043406711929E-01  0.63727860298511E-01  0.00000000000000E+00  0.00000000000000E+00  0.61382796717587E-09  0.00000000000000E+00  0.00000000000000E+00  0.30691398358794E-09  0.00000000000000E+00  0.00000000000000E+00  0.93775087133154E-02  0.00000000000000E+00  0.30691398358794E-09  0.93775087133154E-02  0.44580274804797E+01  0.48450000000000E+00  0.58615826390874E+00  0.14304910388014E-01  0.12451999136637E+01  0.33870000000000E-01  0.34981926158015E-01  0.12920000000000E-02  0.11387586844154E+00  0.73684000000000E-02  0.15921587784297E-02  0.34153996841508E-03  0.36959214822014E-05  0.10000000000000E-06  0.22072697383314E-04  0.50046551235356E-06  0.13474881543013E-05  0.10000000000000E-06  0.66672646276198E-06  0.10000000000000E-06  0.70999473792471E-06  0.10000000000000E-06  0.38106698756518E-05  0.10000000000000E-06  0.16292050082969E-05  0.10000000000000E-06  0.45999324917806E+00  0.99993097207192E+00

 -0.63912577160514E+04  0.95078630468736E+00  0.49213695312642E-01 -0.68493156961141E+01  0.10000000000000E+04  0.59545837564826E+02  0.11675830735791E+01  0.88007341232884E+00  0.88007341232884E+00  0.78006507001875E+00  0.78006507001875E+00  0.27237811727886E-10 -0.45331137688566E-01  0.29302444296860E-01  0.29302444296860E-01  0.80648704364528E-01  0.11313769610281E+00  0.15026759845650E-03  0.37414129185258E-03  0.72569964596399E-02  0.89807511178185E-02  0.11102673810003E-03  0.11102673810003E-03  0.18979454821386E-03  0.18979454821386E-03  0.62040097708678E-01  0.63725725956890E-01  0.00000000000000E+00  0.00000000000000E+00  0.63013666178617E-09  0.00000000000000E+00  0.00000000000000E+00  0.31506833089308E-09  0.00000000000000E+00  0.00000000000000E+00  0.93773494117255E-02  0.00000000000000E+00  0.31506833089308E-09  0.93773494117255E-02  0.44580274804797E+01  0.48450000000000E+00  0.58638771885288E+00  0.14310510125518E-01  0.12451999136637E+01  0.33870000000000E-01  0.34981926158015E-01  0.12920000000000E-02  0.11387586844154E+00  0.73684000000000E-02  0.15920923717745E-02  0.34152572327367E-03  0.36959214822014E-05  0.10000000000000E-06  0.21894677421734E-04  0.49642917507525E-06  0.13474881543013E-05  0.10000000000000E-06  0.66672646276198E-06  0.10000000000000E-06  0.70999473792471E-06  0.10000000000000E-06  0.38106698756518E-05  0.10000000000000E-06  0.16292050082969E-05  0.10000000000000E-06  0.45998766772203E+00  0.99987390439077E+00

 -0.63124967530602E+04  0.95206394878636E+00  0.47936051213637E-01 -0.67365250935148E+01  0.10000000000000E+04  0.59531070402606E+02  0.11674362119454E+01  0.88004288829304E+00  0.88004288829304E+00  0.78003801462338E+00  0.78003801462338E+00  0.27607434383447E-10 -0.44277916766051E-01  0.29301427985213E-01  0.29301427985213E-01  0.80857916641241E-01  0.11260844935162E+00  0.15028517211911E-03  0.37462129951606E-03  0.72556037932210E-02  0.89804398005536E-02  0.11144062835117E-03  0.11144062835117E-03  0.18986085404458E-03  0.18986085404458E-03  0.62036740524402E-01  0.63723515736964E-01  0.00000000000000E+00  0.00000000000000E+00  0.64741451652776E-09  0.00000000000000E+00  0.00000000000000E+00  0.32370725826388E-09  0.00000000000000E+00  0.00000000000000E+00  0.93771682301501E-02  0.00000000000000E+00  0.32370725826388E-09  0.93771682301501E-02  0.44580274804797E+01  0.48450000000000E+00  0.58660759876390E+00  0.14315876188946E-01  0.12451999136637E+01  0.33870000000000E-01  0.34981926158015E-01  0.12920000000000E-02  0.11387586844154E+00  0.73684000000000E-02  0.15920188005918E-02  0.34150994124255E-03  0.36959214822014E-05  0.10000000000000E-06  0.21730376375635E-04  0.49270389375651E-06  0.13474881543013E-05  0.10000000000000E-06  0.66672646276198E-06  0.10000000000000E-06  0.70999473792471E-06  0.10000000000000E-06  0.38106698756518E-05  0.10000000000000E-06  0.16292050082969E-05  0.10000000000000E-06  0.45998232116592E+00  0.99981924128772E+00

 -0.62603212341566E+04  0.95290862411345E+00  0.47091375886546E-01 -0.66203811765024E+01  0.10000000000000E+04  0.59516669744667E+02  0.11672995875949E+01  0.88001945128662E+00  0.88001945128662E+00  0.78001724091315E+00  0.78001724091315E+00  0.27994907580450E-10 -0.43215375943409E-01  0.29300647639432E-01  0.29300647639432E-01  0.81070562322581E-01  0.11207530333146E+00  0.15032202181194E-03  0.37515025163526E-03  0.72542857417738E-02  0.89802005198597E-02  0.11186790952071E-03  0.11186790952071E-03  0.18992833033309E-03  0.18992833033309E-03  0.62033901015491E-01  0.63721818666995E-01  0.00000000000000E+00  0.00000000000000E+00  0.66584597141929E-09  0.00000000000000E+00  0.00000000000000E+00  0.33292298570965E-09  0.00000000000000E+00  0.00000000000000E+00  0.93769617586826E-02  0.00000000000000E+00  0.33292298570965E-09  0.93769617586826E-02  0.44580274804797E+01  0.48450000000000E+00  0.58683237249337E+00  0.14321361683660E-01  0.12451999136637E+01  0.33870000000000E-01  0.34981926158015E-01  0.12920000000000E-02  0.11387586844154E+00  0.73684000000000E-02  0.15919448128669E-02  0.34149406985738E-03  0.36959214822014E-05  0.10000000000000E-06  0.21558631932158E-04  0.48880984449710E-06  0.13474881543013E-05  0.10000000000000E-06  0.66672646276198E-06  0.10000000000000E-06  0.70999473792471E-06  0.10000000000000E-06  0.38106698756518E-05  0.10000000000000E-06  0.16292050082969E-05  0.10000000000000E-06  0.45997685543664E+00  0.99976336263300E+00

 -0.61955665861613E+04  0.95395492606534E+00  0.46045073934659E-01 -0.65009416612062E+01  0.10000000000000E+04  0.59501671935311E+02  0.11671541631569E+01  0.87998818070478E+00  0.87998818070478E+00  0.77998952380651E+00  0.77998952380651E+00  0.28399830402617E-10 -0.42146466905527E-01  0.29299606471195E-01  0.29299606471195E-01  0.81284693684567E-01  0.11153820817251E+00  0.15037821692065E-03  0.37572636292345E-03  0.72529322252161E-02  0.89798810649831E-02  0.11230854352749E-03  0.11230854352749E-03  0.18999794216097E-03  0.18999794216097E-03  0.62030540909417E-01  0.63719554354156E-01  0.00000000000000E+00  0.00000000000000E+00  0.68545859564834E-09  0.00000000000000E+00  0.00000000000000E+00  0.34272929782417E-09  0.00000000000000E+00  0.00000000000000E+00  0.93767286097695E-02  0.00000000000000E+00  0.34272929782417E-09  0.93767286097695E-02  0.44580274804797E+01  0.48450000000000E+00  0.58705728415893E+00  0.14326850544636E-01  0.12451999136637E+01  0.33870000000000E-01  0.34981926158015E-01  0.12920000000000E-02  0.11387586844154E+00  0.73684000000000E-02  0.15918678409388E-02  0.34147755831954E-03  0.36959214822014E-05  0.10000000000000E-06  0.21384172534040E-04  0.48485423768802E-06  0.13474881543013E-05  0.10000000000000E-06  0.66672646276198E-06  0.10000000000000E-06  0.70999473792471E-06  0.10000000000000E-06  0.38106698756518E-05  0.10000000000000E-06  0.16292050082969E-05  0.10000000000000E-06  0.45997138704281E+00  0.99970745964381E+00

 -0.61179424912849E+04  0.95520603339470E+00  0.44793966605304E-01 -0.63781814320973E+01  0.10000000000000E+04  0.59485728645909E+02  0.11669928908177E+01  0.87994347907022E+00  0.87994347907022E+00  0.77994990190315E+00  0.77994990190315E+00  0.28822164074902E-10 -0.41073414583393E-01  0.29298118109953E-01  0.29298118109953E-01  0.81499340002407E-01  0.11099768862964E+00  0.15045385291727E-03  0.37634831849245E-03  0.72515058620859E-02  0.89794244442473E-02  0.11276270100633E-03  0.11276270100633E-03  0.19007005566918E-03  0.19007005566918E-03  0.62026274336303E-01  0.63716317399072E-01  0.00000000000000E+00  0.00000000000000E+00  0.70629563340685E-09  0.00000000000000E+00  0.00000000000000E+00  0.35314781670343E-09  0.00000000000000E+00  0.00000000000000E+00  0.93764659162170E-02  0.00000000000000E+00  0.35314781670343E-09  0.93764659162170E-02  0.44580274804797E+01  0.48450000000000E+00  0.58728179429125E+00  0.14332329606388E-01  0.12451999136637E+01  0.33870000000000E-01  0.34981926158015E-01  0.12920000000000E-02  0.11387586844154E+00  0.73684000000000E-02  0.15917641203791E-02  0.34145530883215E-03  0.36959214822014E-05  0.10000000000000E-06  0.21206158453325E-04  0.48081803374956E-06  0.13474881543013E-05  0.10000000000000E-06  0.66672646276198E-06  0.10000000000000E-06  0.70999473792471E-06  0.10000000000000E-06  0.38106698756518E-05  0.10000000000000E-06  0.16292050082969E-05  0.10000000000000E-06  0.45996593426675E+00  0.99965171920853E+00

 -0.59680706035884E+04  0.95761098431512E+00  0.42389015684883E-01 -0.62519217360614E+01  0.10000000000000E+04  0.59470292866362E+02  0.11668437127501E+01  0.87990630224545E+00  0.87990630224545E+00  0.77991694971756E+00  0.77991694971756E+00  0.29260527506204E-10 -0.40000197745145E-01  0.29296880290674E-01  0.29296880290674E-01  0.81715762694606E-01  0.11045794112877E+00  0.15054527680686E-03  0.37700386301378E-03  0.72501866503206E-02  0.89790453007799E-02  0.11323086262501E-03  0.11323086262501E-03  0.19014330553754E-03  0.19014330553754E-03  0.62022583058907E-01  0.63713625550055E-01  0.00000000000000E+00  0.00000000000000E+00  0.72830387009438E-09  0.00000000000000E+00  0.00000000000000E+00  0.36415193504719E-09  0.00000000000000E+00  0.00000000000000E+00  0.93761673232478E-02  0.00000000000000E+00  0.36415193504719E-09  0.93761673232478E-02  0.44580274804797E+01  0.48450000000000E+00  0.58750009579715E+00  0.14337657149599E-01  0.12451999136637E+01  0.33870000000000E-01  0.34981926158015E-01  0.12920000000000E-02  0.11387586844154E+00  0.73684000000000E-02  0.15916892424012E-02  0.34143924647547E-03  0.36959214822014E-05  0.10000000000000E-06  0.21034616485619E-04  0.47692857532646E-06  0.13474881543013E-05  0.10000000000000E-06  0.66672646276198E-06  0.10000000000000E-06  0.70999473792471E-06  0.10000000000000E-06  0.38106698756518E-05  0.10000000000000E-06  0.16292050082969E-05  0.10000000000000E-06  0.45996062667535E+00  0.99959746568424E+00

 -0.58339585673959E+04  0.95974983640248E+00  0.40250163597520E-01 -0.61217009697988E+01  0.10000000000000E+04  0.59456086917367E+02  0.11667206124471E+01  0.87988737897869E+00  0.87988737897869E+00  0.77990017682203E+00  0.77990017682203E+00  0.29714925229948E-10 -0.38927324047555E-01  0.29296250231906E-01  0.29296250231906E-01  0.81934826933697E-01  0.10992022957647E+00  0.15065023883292E-03  0.37768555767669E-03  0.72490676348141E-02  0.89788520528681E-02  0.11371461971788E-03  0.11371461971788E-03  0.19021719190422E-03  0.19021719190422E-03  0.62020227029082E-01  0.63712255217339E-01  0.00000000000000E+00  0.00000000000000E+00  0.75150663189710E-09  0.00000000000000E+00  0.00000000000000E+00  0.37575331594855E-09  0.00000000000000E+00  0.00000000000000E+00  0.93758266594227E-02  0.00000000000000E+00  0.37575331594855E-09  0.93758266594227E-02  0.44580274804797E+01  0.48450000000000E+00  0.58772092001912E+00  0.14343046258482E-01  0.12451999136637E+01  0.33870000000000E-01  0.34981926158015E-01  0.12920000000000E-02  0.11387586844154E+00  0.73684000000000E-02  0.15915723671127E-02  0.34141417511770E-03  0.36959214822014E-05  0.10000000000000E-06  0.20857226048689E-04  0.47290651158124E-06  0.13474881543013E-05  0.10000000000000E-06  0.66672646276198E-06  0.10000000000000E-06  0.70999473792471E-06  0.10000000000000E-06  0.38106698756518E-05  0.10000000000000E-06  0.16292050082969E-05  0.10000000000000E-06  0.45995526665989E+00  0.99954267906683E+00

 -0.57252508591904E+04  0.96147330408582E+00  0.38526695914184E-01 -0.59866107962572E+01  0.10000000000000E+04  0.59441825864956E+02  0.11665987560813E+01  0.87986724548074E+00  0.87986724548074E+00  0.77988233122157E+00  0.77988233122157E+00  0.30182424561449E-10 -0.37856375273957E-01  0.29295579877940E-01  0.29295579877940E-01  0.82154544501379E-01  0.10938338858327E+00  0.15075968068287E-03  0.37836567339298E-03  0.72480192073368E-02  0.89786471720557E-02  0.11421743221158E-03  0.11421743221158E-03  0.19029367919766E-03  0.19029367919766E-03  0.62017862044072E-01  0.63710797484976E-01  0.00000000000000E+00  0.00000000000000E+00  0.77575101532690E-09  0.00000000000000E+00  0.00000000000000E+00  0.38787550766345E-09  0.00000000000000E+00  0.00000000000000E+00  0.93754433206993E-02  0.00000000000000E+00  0.38787550766345E-09  0.93754433206993E-02  0.44580274804797E+01  0.48450000000000E+00  0.58794500725053E+00  0.14348514999540E-01  0.12451999136637E+01  0.33870000000000E-01  0.34981926158015E-01  0.12920000000000E-02  0.11387586844154E+00  0.73684000000000E-02  0.15914815077874E-02  0.34139468454206E-03  0.36959214822014E-05  0.10000000000000E-06  0.20663985451421E-04  0.46852506907605E-06  0.13474881543013E-05  0.10000000000000E-06  0.66672646276198E-06  0.10000000000000E-06  0.70999473792471E-06  0.10000000000000E-06  0.38106698756518E-05  0.10000000000000E-06  0.16292050082969E-05  0.10000000000000E-06  0.45994982179085E+00  0.99948702799008E+00

 -0.55690106709355E+04  0.96393247718398E+00  0.36067522816016E-01 -0.58451267585486E+01  0.10000000000000E+04  0.59427882163992E+02  0.11664853985557E+01  0.87985098876194E+00  0.87985098876194E+00  0.77986792185718E+00  0.77986792185718E+00  0.30657095825820E-10 -0.36790363761718E-01  0.29295038603098E-01  0.29295038603098E-01  0.82374900992508E-01  0.10884935295559E+00  0.15085633747985E-03  0.37899217583952E-03  0.72471183677442E-02  0.89784812031671E-02  0.11474482613729E-03  0.11474482613729E-03  0.19037345892604E-03  0.19037345892604E-03  0.62015876561991E-01  0.63709620336866E-01  0.00000000000000E+00  0.00000000000000E+00  0.80065330623275E-09  0.00000000000000E+00  0.00000000000000E+00  0.40032665311637E-09  0.00000000000000E+00  0.00000000000000E+00  0.93750127822392E-02  0.00000000000000E+00  0.40032665311637E-09  0.93750127822392E-02  0.44580274804797E+01  0.48450000000000E+00  0.58816540152486E+00  0.14353893615757E-01  0.12451999136637E+01  0.33870000000000E-01  0.34981926158015E-01  0.12920000000000E-02  0.11387586844154E+00  0.73684000000000E-02  0.15913714598455E-02  0.34137107774410E-03  0.36959214822014E-05  0.10000000000000E-06  0.20469143917548E-04  0.46410732771965E-06  0.13474881543013E-05  0.10000000000000E-06  0.66672646276198E-06  0.10000000000000E-06  0.70999473792471E-06  0.10000000000000E-06  0.38106698756518E-05  0.10000000000000E-06  0.16292050082969E-05  0.10000000000000E-06  0.45994447119917E+00  0.99943234331319E+00

 -0.54605868611809E+04  0.96562536770237E+00  0.34374632297631E-01 -0.56948255434905E+01  0.10000000000000E+04  0.59413877123574E+02  0.11663738976062E+01  0.87983320969167E+00  0.87983320969167E+00  0.77985216313581E+00  0.77985216313581E+00  0.31133018748672E-10 -0.35728247235359E-01  0.29294446640873E-01  0.29294446640873E-01  0.82595789878644E-01  0.10831698607996E+00  0.15091932089057E-03  0.37950333165909E-03  0.72463662596132E-02  0.89782992191589E-02  0.11530582402299E-03  0.11530582402299E-03  0.19045857515582E-03  0.19045857515582E-03  0.62013928180291E-01  0.63708332833563E-01  0.00000000000000E+00  0.00000000000000E+00  0.82577959905268E-09  0.00000000000000E+00  0.00000000000000E+00  0.41288979952634E-09  0.00000000000000E+00  0.00000000000000E+00  0.93745331132427E-02  0.00000000000000E+00  0.41288979952634E-09  0.93745331132427E-02  0.44580274804797E+01  0.48450000000000E+00  0.58839001688003E+00  0.14359375245422E-01  0.12451999136637E+01  0.33870000000000E-01  0.34981926158015E-01  0.12920000000000E-02  0.11387586844154E+00  0.73684000000000E-02  0.15912350326028E-02  0.34134181222311E-03  0.36959214822014E-05  0.10000000000000E-06  0.20251248676790E-04  0.45916687792271E-06  0.13474881543013E-05  0.10000000000000E-06  0.66672646276198E-06  0.10000000000000E-06  0.70999473792471E-06  0.10000000000000E-06  0.38106698756518E-05  0.10000000000000E-06  0.16292050082969E-05  0.10000000000000E-06  0.45993902377548E+00  0.99937667184202E+00

 -0.53224103879340E+04  0.96776483554652E+00  0.32235164453475E-01 -0.55320761624018E+01  0.10000000000000E+04  0.59399144510675E+02  0.11662522763645E+01  0.87980400254789E+00  0.87980400254789E+00  0.77982627498564E+00  0.77982627498564E+00  0.31598760312795E-10 -0.34670262330295E-01  0.29293474175744E-01  0.29293474175744E-01  0.82816595742160E-01  0.10778536271874E+00  0.15091339924905E-03  0.37979490956710E-03  0.72457568970758E-02  0.89780016037115E-02  0.11591408328985E-03  0.11591408328985E-03  0.19055231102034E-03  0.19055231102034E-03  0.62011381360408E-01  0.63706218062649E-01  0.00000000000000E+00  0.00000000000000E+00  0.85027597546846E-09  0.00000000000000E+00  0.00000000000000E+00  0.42513798773423E-09  0.00000000000000E+00  0.00000000000000E+00  0.93740056418155E-02  0.00000000000000E+00  0.42513798773423E-09  0.93740056418155E-02  0.44580274804797E+01  0.48450000000000E+00  0.58861274924216E+00  0.14364810921547E-01  0.12451999136637E+01  0.33870000000000E-01  0.34981926158015E-01  0.12920000000000E-02  0.11387586844154E+00  0.73684000000000E-02  0.15911341142266E-02  0.34132016384262E-03  0.36959214822014E-05  0.10000000000000E-06  0.20012602512843E-04  0.45375593187307E-06  0.13474881543013E-05  0.10000000000000E-06  0.66672646276198E-06  0.10000000000000E-06  0.70999473792471E-06  0.10000000000000E-06  0.38106698756518E-05  0.10000000000000E-06  0.16292050082969E-05  0.10000000000000E-06  0.45993361515868E+00  0.99932139982191E+00

 -0.51421257244318E+04  0.97052264975478E+00  0.29477350245221E-01 -0.53516970178442E+01  0.10000000000000E+04  0.59384988213315E+02  0.11661474165250E+01  0.87978358724604E+00  0.87978358724604E+00  0.77980817960446E+00  0.77980817960446E+00  0.32041222269054E-10 -0.33613234622313E-01  0.29292794438990E-01  0.29292794438990E-01  0.83040159473337E-01  0.10725472284382E+00  0.15079426812047E-03  0.37973641500088E-03  0.72455365981431E-02  0.89777929884178E-02  0.11658907893549E-03  0.11658907893549E-03  0.19065680492735E-03  0.19065680492735E-03  0.62009725649690E-01  0.63704739690609E-01  0.00000000000000E+00  0.00000000000000E+00  0.87306092124155E-09  0.00000000000000E+00  0.00000000000000E+00  0.43653046062078E-09  0.00000000000000E+00  0.00000000000000E+00  0.93734227639818E-02  0.00000000000000E+00  0.43653046062078E-09  0.93734227639818E-02  0.44580274804797E+01  0.48450000000000E+00  0.58883344839091E+00  0.14370196978078E-01  0.12451999136637E+01  0.33870000000000E-01  0.34981926158015E-01  0.12920000000000E-02  0.11387586844154E+00  0.73684000000000E-02  0.15910045217141E-02  0.34129236446531E-03  0.36959214822014E-05  0.10000000000000E-06  0.19754221435437E-04  0.44789752607696E-06  0.13474881543013E-05  0.10000000000000E-06  0.66672646276198E-06  0.10000000000000E-06  0.70999473792471E-06  0.10000000000000E-06  0.38106698756518E-05  0.10000000000000E-06  0.16292050082969E-05  0.10000000000000E-06  0.45992826275993E+00  0.99926670510685E+00

 -0.49937946042205E+04  0.97275973222254E+00  0.27240267777464E-01 -0.51465376426612E+01  0.10000000000000E+04  0.59371606934449E+02  0.11660663774526E+01  0.87977659498791E+00  0.87977659498791E+00  0.77980198192112E+00  0.77980198192112E+00  0.32446340824747E-10 -0.32548244359809E-01  0.29292561628575E-01  0.29292561628575E-01  0.83269509425346E-01  0.10672122379312E+00  0.15050872472017E-03  0.37917212541746E-03  0.72458537754699E-02  0.89777226867633E-02  0.11735835922339E-03  0.11735835922339E-03  0.19077674200527E-03  0.19077674200527E-03  0.62009376524119E-01  0.63704233495064E-01  0.00000000000000E+00  0.00000000000000E+00  0.89288191393037E-09  0.00000000000000E+00  0.00000000000000E+00  0.44644095696518E-09  0.00000000000000E+00  0.00000000000000E+00  0.93727864192105E-02  0.00000000000000E+00  0.44644095696518E-09  0.93727864192105E-02  0.44580274804797E+01  0.48450000000000E+00  0.58905865390920E+00  0.14375693010390E-01  0.12451999136637E+01  0.33870000000000E-01  0.34981926158015E-01  0.12920000000000E-02  0.11387586844154E+00  0.73684000000000E-02  0.15909095716718E-02  0.34127199637458E-03  0.36959214822014E-05  0.10000000000000E-06  0.19444076527992E-04  0.44086545259212E-06  0.13474881543013E-05  0.10000000000000E-06  0.66672646276198E-06  0.10000000000000E-06  0.70999473792471E-06  0.10000000000000E-06  0.38106698756518E-05  0.10000000000000E-06  0.16292050082969E-05  0.10000000000000E-06  0.45992279412778E+00  0.99921082550933E+00

 -0.47870364153322E+04  0.97582345540350E+00  0.24176544596501E-01 -0.49071887405278E+01  0.10000000000000E+04  0.59358656542378E+02  0.11660057439585E+01  0.87978076221409E+00  0.87978076221409E+00  0.77980567559938E+00  0.77980567559938E+00  0.32798592088142E-10 -0.31461224486641E-01  0.29292700378208E-01  0.29292700378208E-01  0.83507535847735E-01  0.10617702544508E+00  0.14999493374588E-03  0.37791945861778E-03  0.72468239321644E-02  0.89777652838196E-02  0.11825889676733E-03  0.11825889676733E-03  0.19091887894626E-03  0.19091887894626E-03  0.62010287756478E-01  0.63704535218757E-01  0.00000000000000E+00  0.00000000000000E+00  0.90829851496589E-09  0.00000000000000E+00  0.00000000000000E+00  0.45414925748294E-09  0.00000000000000E+00  0.00000000000000E+00  0.93720999699787E-02  0.00000000000000E+00  0.45414925748294E-09  0.93720999699787E-02  0.44580274804797E+01  0.48450000000000E+00  0.58928472358094E+00  0.14381210131950E-01  0.12451999136637E+01  0.33870000000000E-01  0.34981926158015E-01  0.12920000000000E-02  0.11387586844154E+00  0.73684000000000E-02  0.15908046888570E-02  0.34124949756746E-03  0.36959214822014E-05  0.10000000000000E-06  0.19081342282385E-04  0.43264099425231E-06  0.13474881543013E-05  0.10000000000000E-06  0.66672646276198E-06  0.10000000000000E-06  0.70999473792471E-06  0.10000000000000E-06  0.38106698756518E-05  0.10000000000000E-06  0.16292050082969E-05  0.10000000000000E-06  0.45991730772949E+00  0.99915476729378E+00

 -0.47466190878742E+04  0.97641422974122E+00  0.23585770258777E-01 -0.46217397720374E+01  0.10000000000000E+04  0.59342877962796E+02  0.11659078294026E+01  0.87975297328926E+00  0.87975297328926E+00  0.77978104452086E+00  0.77978104452086E+00  0.33093077633398E-10 -0.30322610262344E-01  0.29291775131749E-01  0.29291775131749E-01  0.83756634900887E-01  0.10560262971016E+00  0.14920289577228E-03  0.37583066902876E-03  0.72482455797026E-02  0.89774806184665E-02  0.11933933458723E-03  0.11933933458723E-03  0.19109507052272E-03  0.19109507052272E-03  0.62009555091587E-01  0.63702522785167E-01  0.00000000000000E+00  0.00000000000000E+00  0.91852951589005E-09  0.00000000000000E+00  0.00000000000000E+00  0.45926475794502E-09  0.00000000000000E+00  0.00000000000000E+00  0.93714019888605E-02  0.00000000000000E+00  0.45926475794502E-09  0.93714019888605E-02  0.44580274804797E+01  0.48450000000000E+00  0.58952416831108E+00  0.14387053665375E-01  0.12451999136637E+01  0.33870000000000E-01  0.34981926158015E-01  0.12920000000000E-02  0.11387586844154E+00  0.73684000000000E-02  0.15905880457685E-02  0.34120302464366E-03  0.36959214822014E-05  0.10000000000000E-06  0.18621167627022E-04  0.42220721986267E-06  0.13474881543013E-05  0.10000000000000E-06  0.66672646276198E-06  0.10000000000000E-06  0.70999473792471E-06  0.10000000000000E-06  0.38106698756518E-05  0.10000000000000E-06  0.16292050082969E-05  0.10000000000000E-06  0.45991152110276E+00  0.99909564461187E+00

 -0.44213276403319E+04  0.98105856899767E+00  0.18941431002328E-01 -0.42762266334164E+01  0.10000000000000E+04  0.59327582985111E+02  0.11658458571605E+01  0.87974925761559E+00  0.87974925761559E+00  0.77977775142244E+00  0.77977775142244E+00  0.33337130482270E-10 -0.29094437937474E-01  0.29291651378350E-01  0.29291651378350E-01  0.84031418214193E-01  0.10498565551715E+00  0.14809711716929E-03  0.37280055060170E-03  0.72507045069219E-02  0.89774410137413E-02  0.12065729953332E-03  0.12065729953332E-03  0.19131095916090E-03  0.19131095916090E-03  0.62011229058392E-01  0.63702251328519E-01  0.00000000000000E+00  0.00000000000000E+00  0.92352575410645E-09  0.00000000000000E+00  0.00000000000000E+00  0.46176287705323E-09  0.00000000000000E+00  0.00000000000000E+00  0.93706960986509E-02  0.00000000000000E+00  0.46176287705323E-09  0.93706960986509E-02  0.44580274804797E+01  0.48450000000000E+00  0.58976340324965E+00  0.14392892078938E-01  0.12451999136637E+01  0.33870000000000E-01  0.34981926158015E-01  0.12920000000000E-02  0.11387586844154E+00  0.73684000000000E-02  0.15902270929565E-02  0.34112559529824E-03  0.36959214822014E-05  0.10000000000000E-06  0.18075182686323E-04  0.40982782515893E-06  0.13474881543013E-05  0.10000000000000E-06  0.66672646276198E-06  0.10000000000000E-06  0.70999473792471E-06  0.10000000000000E-06  0.38106698756518E-05  0.10000000000000E-06  0.16292050082969E-05  0.10000000000000E-06  0.45990577249794E+00  0.99903691362582E+00

 -0.42437930996506E+04  0.98349941468663E+00  0.16500585313372E-01 -0.38552073002717E+01  0.10000000000000E+04  0.59318719409491E+02  0.11659451320189E+01  0.87987199243697E+00  0.87987199243697E+00  0.77988654631345E+00  0.77988654631345E+00  0.33589253240705E-10 -0.27703598854771E-01  0.29295737075866E-01  0.29295737075866E-01  0.84355572618134E-01  0.10429867054360E+00  0.14673252411205E-03  0.36898045834613E-03  0.72550339756129E-02  0.89786573845102E-02  0.12228069967107E-03  0.12228069967107E-03  0.19156992168231E-03  0.19156992168231E-03  0.62022522583646E-01  0.63711106158049E-01  0.00000000000000E+00  0.00000000000000E+00  0.92666704113135E-09  0.00000000000000E+00  0.00000000000000E+00  0.46333352056567E-09  0.00000000000000E+00  0.00000000000000E+00  0.93699898747998E-02  0.00000000000000E+00  0.46333352056567E-09  0.93699898747998E-02  0.44580274804797E+01  0.48450000000000E+00  0.59002530676756E+00  0.14399283708272E-01  0.12451999136637E+01  0.33870000000000E-01  0.34981926158015E-01  0.12920000000000E-02  0.11387586844154E+00  0.73684000000000E-02  0.15894739740751E-02  0.34096404093416E-03  0.36959214822014E-05  0.10000000000000E-06  0.17374964657877E-04  0.39395142508513E-06  0.13474881543013E-05  0.10000000000000E-06  0.66672646276198E-06  0.10000000000000E-06  0.70999473792471E-06  0.10000000000000E-06  0.38106698756518E-05  0.10000000000000E-06  0.16292050082969E-05  0.10000000000000E-06  0.45989955829937E+00  0.99897342948283E+00

 -0.41726241093660E+04  0.98445667315871E+00  0.15543326841286E-01 -0.33438146605960E+01  0.10000000000000E+04  0.59357107362593E+02  0.11670189915204E+01  0.88074702723562E+00  0.88074702723562E+00  0.78066227624679E+00  0.78066227624679E+00  0.33982818775591E-10 -0.26054115074152E-01  0.29324856972034E-01  0.29324856972034E-01  0.84810908815440E-01  0.10356019823827E+00  0.14528377613833E-03  0.36486830210793E-03  0.72658695796051E-02  0.89872344012442E-02  0.12427636509262E-03  0.12427636876736E-03  0.19184130405239E-03  0.19184130405239E-03  0.62087080423807E-01  0.63774167228610E-01  0.00000000000000E+00  0.00000000000000E+00  0.93592349723789E-09  0.00000000000000E+00  0.00000000000000E+00  0.46796174861895E-09  0.00000000000000E+00  0.00000000000000E+00  0.93694116483446E-02  0.00000000000000E+00  0.46796174861895E-09  0.93694116483446E-02  0.44580274804797E+01  0.48450000000000E+00  0.59034842889149E+00  0.14407169348229E-01  0.12451999136637E+01  0.33870000000000E-01  0.34981926158015E-01  0.12920000000000E-02  0.11387586844154E+00  0.73684000000000E-02  0.15881895630456E-02  0.34068851709296E-03  0.36959214822014E-05  0.10000000000000E-06  0.16491966259573E-04  0.37393075257101E-06  0.13474881543013E-05  0.10000000000000E-06  0.66672646276198E-06  0.10000000000000E-06  0.70999473792471E-06  0.10000000000000E-06  0.38106698756518E-05  0.10000000000000E-06  0.16292050082969E-05  0.10000000000000E-06  0.45989196820392E+00  0.99889589429095E+00

 -0.40770651179423E+04  0.98572129615797E+00  0.14278703842034E-01 -0.27318833901167E+01  0.10000000000000E+04  0.59812017698912E+02  0.11762927189753E+01  0.88790172518521E+00  0.88790172518521E+00  0.78700592463430E+00  0.78700592463430E+00  0.34820562324491E-10 -0.24069424764507E-01  0.29562851777989E-01  0.29562851777989E-01  0.85946686870931E-01  0.10329588181329E+00  0.14412199360121E-03  0.36154089327706E-03  0.73254431750236E-02  0.90583035345587E-02  0.12665596216065E-03  0.12665596216065E-03  0.19175739707720E-03  0.19175739707720E-03  0.62591742944117E-01  0.64291107600315E-01  0.00000000000000E+00  0.00000000000000E+00  0.96718949004435E-09  0.00000000000000E+00  0.00000000000000E+00  0.48359474502218E-09  0.00000000000000E+00  0.00000000000000E+00  0.93690498189331E-02  0.00000000000000E+00  0.48359474502218E-09  0.93690498189331E-02  0.44580274804797E+01  0.48450000000000E+00  0.59065463764158E+00  0.14414642225436E-01  0.12451999136637E+01  0.33870000000000E-01  0.34981926158015E-01  0.12920000000000E-02  0.11387586844154E+00  0.73684000000000E-02  0.15862088924204E-02  0.34026363598692E-03  0.36959214822014E-05  0.10000000000000E-06  0.15495402536943E-04  0.35133515560442E-06  0.13474881543013E-05  0.10000000000000E-06  0.66672646276198E-06  0.10000000000000E-06  0.70999473792471E-06  0.10000000000000E-06  0.38106698756518E-05  0.10000000000000E-06  0.16292050082969E-05  0.10000000000000E-06  0.45988494280342E+00  0.99882413262117E+00

 -0.37018819928441E+04  0.99042412681405E+00  0.95758731859454E-02 -0.20206779456883E+01  0.10000000000000E+04  0.62750307757344E+02  0.12342171912801E+01  0.93212292827862E+00  0.93212292827862E+00  0.82622607698217E+00  0.82622607698217E+00  0.36827824848266E-10 -0.21902609318214E-01  0.31032496468520E-01  0.31032496468520E-01  0.90747646530813E-01  0.10673765453585E+00  0.14375948684220E-03  0.36069167782253E-03  0.76832000396601E-02  0.95161369952759E-02  0.12915358324198E-03  0.12915358324198E-03  0.18923851602615E-03  0.18923851602615E-03  0.65709387453408E-01  0.67509571558928E-01  0.00000000000000E+00  0.00000000000000E+00  0.10473163055745E-08  0.00000000000000E+00  0.00000000000000E+00  0.52365815278724E-09  0.00000000000000E+00  0.00000000000000E+00  0.93689467040384E-02  0.00000000000000E+00  0.52365815278724E-09  0.93689467040384E-02  0.44580274804797E+01  0.48450000000000E+00  0.58725604510878E+00  0.14331701209979E-01  0.12451999136637E+01  0.33870000000000E-01  0.34981926158015E-01  0.12920000000000E-02  0.11387586844154E+00  0.73684000000000E-02  0.15907044717485E-02  0.34122799961857E-03  0.36959214822014E-05  0.10000000000000E-06  0.14260698940608E-04  0.32334009196477E-06  0.13474881543013E-05  0.10000000000000E-06  0.66672646276198E-06  0.10000000000000E-06  0.70999473792471E-06  0.10000000000000E-06  0.38106698756518E-05  0.10000000000000E-06  0.16292050082969E-05  0.10000000000000E-06  0.45996694745031E+00  0.99966207615334E+00

 -0.85367323676898E+04  0.91552517289264E+00  0.84474827107364E-01 -0.12264552720403E+01  0.10000000000000E+04  0.75587530902734E+02  0.14860636961989E+01  0.11233748035139E+01  0.11233748035139E+01  0.99596485550895E+00  0.99596485550895E+00  0.41398940225797E-10 -0.20482330346913E-01  0.37375458884326E-01  0.37375458884326E-01  0.10988115320609E+00  0.12560250933123E+00  0.14415177976611E-03  0.36384669465503E-03  0.93454021889753E-02  0.11690633107285E-01  0.13064472018400E-03  0.13064472018400E-03  0.17724604919295E-03  0.17724604919295E-03  0.79357898304478E-01  0.81670885963171E-01  0.00000000000000E+00  0.00000000000000E+00  0.12053535133862E-08  0.00000000000000E+00  0.00000000000000E+00  0.60267675669309E-09  0.00000000000000E+00  0.00000000000000E+00  0.93689542388366E-02  0.00000000000000E+00  0.60267675669309E-09  0.93689542388366E-02  0.44580274804797E+01  0.48450000000000E+00  0.46259217480953E+00  0.11289339440034E-01  0.12451999136637E+01  0.33870000000000E-01  0.34981926158015E-01  0.12920000000000E-02  0.11387586844154E+00  0.73684000000000E-02  0.27274897004155E-01  0.58508407500106E-02  0.36959214822014E-05  0.10000000000000E-06  0.18068099129232E-04  0.40966721606041E-06  0.13474881543013E-05  0.10000000000000E-06  0.66672646276198E-06  0.10000000000000E-06  0.70999473792471E-06  0.10000000000000E-06  0.38106698756518E-05  0.10000000000000E-06  0.16292050082969E-05  0.10000000000000E-06  0.45749961014274E+00  0.97473396685973E+00

 -0.26000725029743E+04  0.10000000000000E+01  0.00000000000000E+00 -0.41748330693165E+00  0.10000000000000E+04  0.31517656224060E+02  0.62389563993846E+00  0.46365258789169E+00  0.46365258789169E+00  0.41202810474456E+00  0.41202810474456E+00  0.34617182561207E-10 -0.13624537449913E-01  0.15317429019664E-01  0.15317429019664E-01  0.46296228903540E-01  0.54625770396492E-01  0.15086540269879E-03  0.38364429817157E-03  0.50098978236408E-02  0.61073314470866E-02  0.14064375289328E-03  0.14064375289328E-03  0.22448127950338E-03  0.22448127950338E-03  0.34330253032389E-01  0.35383663300379E-01  0.00000000000000E+00  0.00000000000000E+00  0.14727687672713E-08  0.00000000000000E+00  0.00000000000000E+00  0.73638438363566E-09  0.00000000000000E+00  0.00000000000000E+00  0.93690030551493E-02  0.00000000000000E+00  0.73638438363566E-09  0.93690030551493E-02  0.44580274804797E+01  0.48450000000000E+00  0.23021346050935E+00  0.56182487315636E-02  0.12451999136637E+01  0.33870000000000E-01  0.34981926158015E-01  0.12920000000000E-02  0.11387586844154E+00  0.73684000000000E-02  0.76132432805838E-01  0.16331454530882E-01  0.36959214822014E-05  0.10000000000000E-06  0.98839330862345E-04  0.22410345007539E-05  0.13474881543013E-05  0.10000000000000E-06  0.66672646276198E-06  0.10000000000000E-06  0.70999473792471E-06  0.10000000000000E-06  0.38106698756518E-05  0.10000000000000E-06  0.16292050082969E-05  0.10000000000000E-06  0.45268825570305E+00  0.92777394611522E+00

