title = "dataset c2a"
variables = "time", "p3", "p6", "p10", "p25", "p50", "p100"
zone t = "Flow variables, volume =   197", f=point
0.25	0.3569	0.3569	0.3568	0.3568	0.3568	0.3568
0.5	0.3569	0.3569	0.3569	0.3568	0.3568	0.3568
0.75	0.3569	0.3569	0.3569	0.3569	0.3568	0.3568
1	0.357	0.3569	0.3569	0.3569	0.3568	0.3568
1.25	0.3517	0.3527	0.3538	0.3561	0.3568	0.3568
1.5	0.3491	0.3501	0.3514	0.3545	0.3565	0.3568
1.75	0.3471	0.3482	0.3495	0.3531	0.3558	0.3568
2	0.3455	0.3466	0.3479	0.3518	0.3551	0.3567
2.25	0.3443	0.3453	0.3467	0.3506	0.3544	0.3565
2.5	0.3431	0.3442	0.3455	0.3495	0.3537	0.3562
2.75	0.342	0.3431	0.3445	0.3486	0.3529	0.3558
3	0.3411	0.3421	0.3435	0.3476	0.3522	0.3553
3.25	0.3427	0.3431	0.3438	0.347	0.3515	0.3548
3.5	0.3431	0.3435	0.3441	0.3467	0.3508	0.3543
3.75	0.3432	0.3436	0.3442	0.3465	0.3503	0.3538
4	0.3432	0.3436	0.3442	0.3463	0.3498	0.3532
4.25	0.3463	0.346	0.3458	0.3465	0.3494	0.3527
4.5	0.3477	0.3474	0.3471	0.3471	0.3492	0.3522
4.75	0.3486	0.3484	0.3481	0.3477	0.3491	0.3517
5	0.3493	0.3491	0.3488	0.3483	0.3491	0.3513
5.25	0.3483	0.3484	0.3485	0.3486	0.3492	0.3509
5.5	0.348	0.3481	0.3482	0.3486	0.3493	0.3506
5.75	0.3478	0.3479	0.3481	0.3485	0.3492	0.3503
6	0.3477	0.3478	0.348	0.3485	0.3492	0.3501
6.25	0.3434	0.3444	0.3456	0.3479	0.3491	0.35
6.5	0.3411	0.3422	0.3435	0.3468	0.3489	0.3498
6.75	0.3394	0.3405	0.3419	0.3456	0.3484	0.3497
7	0.338	0.339	0.3405	0.3445	0.3479	0.3495
7.25	0.3434	0.343	0.3427	0.344	0.3473	0.3493
7.5	0.3455	0.3451	0.3446	0.3445	0.3468	0.3491
7.75	0.3468	0.3464	0.346	0.3453	0.3466	0.3488
8	0.3478	0.3474	0.347	0.346	0.3466	0.3485
8.25	0.3515	0.3506	0.3495	0.3471	0.3467	0.3482
8.5	0.3535	0.3526	0.3516	0.3486	0.347	0.3479
8.75	0.3549	0.3542	0.3531	0.35	0.3476	0.3477
9	0.3562	0.3554	0.3544	0.3513	0.3482	0.3476
9.25	0.3515	0.3518	0.3521	0.3515	0.349	0.3476
9.5	0.3496	0.35	0.3504	0.3508	0.3494	0.3477
9.75	0.3484	0.3488	0.3492	0.3501	0.3495	0.3479
10	0.3475	0.3479	0.3483	0.3494	0.3494	0.3482
10.25	0.3603	0.3582	0.3556	0.3506	0.3493	0.3484
10.5	0.3653	0.3636	0.3613	0.3542	0.3497	0.3486
10.75	0.3686	0.3671	0.3651	0.3579	0.351	0.3487
11	0.3711	0.3697	0.368	0.3613	0.3528	0.3489
11.25	0.3906	0.3876	0.3837	0.3694	0.3552	0.3494
11.5	0.3975	0.3954	0.3925	0.38	0.3607	0.3501
11.75	0.4019	0.4003	0.398	0.3878	0.3681	0.3514
12	0.405	0.4038	0.402	0.3937	0.3758	0.3538
12.25	0.3834	0.3848	0.3862	0.3882	0.3804	0.3579
12.5	0.3754	0.3769	0.3785	0.3819	0.3796	0.3636
12.75	0.37	0.3714	0.3731	0.3772	0.3777	0.3684
13	0.3661	0.3675	0.3691	0.3735	0.3758	0.3714
13.25	0.3752	0.3746	0.3739	0.3731	0.3743	0.3729
13.5	0.3778	0.3772	0.3766	0.3748	0.374	0.3736
13.75	0.3792	0.3787	0.3782	0.3763	0.3745	0.3737
14	0.3802	0.3798	0.3793	0.3775	0.3753	0.3739
14.25	0.3772	0.3773	0.3775	0.3774	0.376	0.3742
14.5	0.3762	0.3764	0.3765	0.3768	0.3762	0.3747
14.75	0.3757	0.3758	0.376	0.3763	0.3761	0.3751
15	0.3753	0.3754	0.3756	0.3759	0.376	0.3754
15.25	0.3691	0.3701	0.3712	0.3742	0.3757	0.3756
15.5	0.3662	0.3672	0.3684	0.3718	0.3748	0.3757
15.75	0.3641	0.3651	0.3663	0.37	0.3736	0.3755
16	0.3623	0.3633	0.3645	0.3683	0.3723	0.3751
16.25	0.3593	0.3606	0.3621	0.3666	0.3711	0.3744
16.5	0.3572	0.3585	0.3601	0.3649	0.3699	0.3736
16.75	0.3555	0.3567	0.3583	0.3633	0.3687	0.3727
17	0.3541	0.3552	0.3567	0.3618	0.3674	0.3717
17.25	0.3539	0.3547	0.3559	0.3605	0.3662	0.3707
17.5	0.3532	0.3541	0.3552	0.3595	0.3651	0.3697
17.75	0.3525	0.3533	0.3544	0.3585	0.364	0.3687
18	0.3518	0.3526	0.3537	0.3576	0.363	0.3677
18.25	0.3769	0.3739	0.3701	0.3615	0.3622	0.3667
18.5	0.3854	0.3833	0.3805	0.3703	0.3635	0.3658
18.75	0.3908	0.3891	0.3867	0.3779	0.3672	0.3651
19	0.3944	0.3931	0.3913	0.3836	0.3717	0.3652
19.25	0.3766	0.3779	0.3793	0.3809	0.3756	0.3663
19.5	0.3699	0.3712	0.3728	0.3764	0.3756	0.3684
19.75	0.3657	0.367	0.3686	0.3726	0.3744	0.3703
20	0.3624	0.3637	0.3653	0.3697	0.3729	0.3716
20.25	0.3598	0.3612	0.3628	0.3674	0.3713	0.3721
20.5	0.3576	0.3589	0.3606	0.3654	0.3699	0.3721
20.75	0.3556	0.3569	0.3586	0.3636	0.3686	0.3716
21	0.354	0.3552	0.3567	0.3619	0.3673	0.371
21.25	0.3578	0.358	0.3584	0.3611	0.3661	0.3702
21.5	0.3589	0.3591	0.3594	0.3612	0.3652	0.3693
21.75	0.3595	0.3597	0.3599	0.3614	0.3646	0.3684
22	0.3598	0.36	0.3602	0.3615	0.3642	0.3675
22.25	0.3546	0.3557	0.3571	0.3607	0.3638	0.3668
22.5	0.3523	0.3534	0.3548	0.3591	0.3631	0.3661
22.75	0.3505	0.3517	0.3531	0.3575	0.3622	0.3655
23	0.349	0.3502	0.3516	0.3559	0.3612	0.3648
23.25	0.3515	0.3518	0.3524	0.3552	0.3602	0.3641
23.5	0.3521	0.3524	0.3529	0.355	0.3593	0.3634
23.75	0.3523	0.3526	0.3531	0.3549	0.3586	0.3626
24	0.3524	0.3527	0.3531	0.3548	0.3581	0.3619
24.25	0.3487	0.3498	0.351	0.3542	0.3576	0.3611
24.5	0.3468	0.3479	0.3493	0.3531	0.357	0.3605
24.75	0.3453	0.3464	0.3478	0.3519	0.3562	0.3598
25	0.344	0.3452	0.3466	0.3508	0.3554	0.3592
25.25	0.3426	0.3438	0.3453	0.3498	0.3546	0.3586
25.5	0.3414	0.3426	0.3441	0.3488	0.3538	0.3579
25.75	0.3403	0.3416	0.3431	0.3478	0.353	0.3572
26	0.3393	0.3405	0.3421	0.3468	0.3522	0.3565
26.25	0.3416	0.342	0.3427	0.3462	0.3515	0.3557
26.5	0.3423	0.3427	0.3433	0.346	0.3508	0.355
26.75	0.3426	0.343	0.3436	0.346	0.3502	0.3543
27	0.3428	0.3432	0.3437	0.3459	0.3497	0.3537
27.25	0.3441	0.3442	0.3444	0.3459	0.3493	0.353
27.5	0.3446	0.3447	0.3449	0.3461	0.349	0.3524
27.75	0.345	0.3451	0.3453	0.3463	0.3488	0.3519
28	0.3453	0.3454	0.3455	0.3464	0.3486	0.3514
28.25	0.3413	0.3423	0.3435	0.3461	0.3484	0.3509
28.5	0.3393	0.3404	0.3417	0.3451	0.3481	0.3505
28.75	0.3379	0.3389	0.3403	0.3441	0.3477	0.3501
29	0.3368	0.3378	0.339	0.3431	0.3471	0.3498
29.25	0.3356	0.3366	0.3379	0.3422	0.3465	0.3494
29.5	0.3346	0.3356	0.3369	0.3412	0.3459	0.349
29.75	0.3336	0.3347	0.336	0.3402	0.3452	0.3486
30	0.3328	0.3339	0.3352	0.3393	0.3445	0.3482
30.25	0.3376	0.3373	0.3372	0.3389	0.3439	0.3477
30.5	0.3397	0.3393	0.339	0.3395	0.3433	0.3472
30.75	0.341	0.3407	0.3403	0.3402	0.343	0.3467
31	0.342	0.3416	0.3413	0.3409	0.3428	0.3462
31.25	0.3468	0.3457	0.3444	0.3419	0.3428	0.3457
31.5	0.3493	0.3483	0.347	0.3436	0.3429	0.3453
31.75	0.3511	0.3501	0.3489	0.3453	0.3434	0.3449
32	0.3525	0.3516	0.3505	0.3469	0.344	0.3446
32.25	0.3688	0.3659	0.3621	0.3508	0.3449	0.3444
32.5	0.3756	0.373	0.3697	0.3577	0.3467	0.3443
32.75	0.3801	0.3781	0.3752	0.3642	0.3499	0.3444
33	0.3833	0.3817	0.3793	0.3692	0.3538	0.3448
33.25	0.3666	0.3677	0.3687	0.3681	0.3577	0.3457
33.5	0.36	0.3613	0.3626	0.3644	0.3592	0.3473
33.75	0.3555	0.3568	0.3583	0.3612	0.359	0.3492
34	0.3524	0.3536	0.355	0.3585	0.3583	0.351
34.25	0.3488	0.3502	0.3519	0.356	0.3574	0.3526
34.5	0.346	0.3475	0.3493	0.3538	0.3563	0.3536
34.75	0.3436	0.3452	0.347	0.3519	0.3551	0.3543
35	0.3414	0.343	0.3449	0.3501	0.3541	0.3546
35.25	0.3402	0.3417	0.3434	0.3485	0.3531	0.3547
35.5	0.3388	0.3403	0.3421	0.3472	0.3521	0.3545
35.75	0.3377	0.3389	0.3407	0.346	0.3512	0.3542
36	0.3366	0.3378	0.3394	0.3448	0.3503	0.3538
36.25	0.3371	0.338	0.3391	0.3438	0.3495	0.3533
36.5	0.337	0.3378	0.3388	0.3432	0.3487	0.3528
36.75	0.3366	0.3374	0.3384	0.3426	0.3479	0.3522
37	0.3363	0.337	0.338	0.342	0.3472	0.3515
37.25	0.3473	0.3456	0.3439	0.3424	0.3466	0.3509
37.5	0.3519	0.3505	0.3488	0.3449	0.3463	0.3503
37.75	0.3551	0.3538	0.3522	0.3476	0.3466	0.3497
38	0.3576	0.3563	0.3547	0.3501	0.3473	0.3491
38.25	0.3565	0.3558	0.355	0.3518	0.3483	0.3487
38.5	0.3569	0.3562	0.3554	0.3527	0.3493	0.3485
38.75	0.3574	0.3568	0.356	0.3534	0.3501	0.3485
39	0.3579	0.3573	0.3566	0.354	0.3508	0.3486
39.25	0.3511	0.352	0.3528	0.3536	0.3513	0.3489
39.5	0.348	0.349	0.35	0.3521	0.3515	0.3492
39.75	0.3458	0.3468	0.3479	0.3506	0.3513	0.3496
40	0.344	0.345	0.3462	0.3492	0.3508	0.3499
40.25	0.3534	0.3522	0.3509	0.3492	0.3503	0.3501
40.5	0.3571	0.3558	0.3545	0.3512	0.3501	0.3502
40.75	0.3596	0.3585	0.3571	0.3532	0.3505	0.3503
41	0.3614	0.3605	0.3592	0.3549	0.3513	0.3503
41.25	0.3525	0.3534	0.3543	0.3549	0.3522	0.3503
41.5	0.3487	0.3498	0.3509	0.3532	0.3525	0.3505
41.75	0.346	0.3471	0.3484	0.3515	0.3523	0.3508
42	0.3438	0.345	0.3464	0.3499	0.3518	0.3511
42.25	0.342	0.3432	0.3447	0.3485	0.3512	0.3513
42.5	0.3405	0.3417	0.3431	0.3472	0.3505	0.3514
42.75	0.339	0.3403	0.3418	0.346	0.3498	0.3513
43	0.3379	0.3389	0.3405	0.3449	0.349	0.3512
43.25	0.3369	0.3379	0.3392	0.3438	0.3483	0.3509
43.5	0.3359	0.3369	0.3382	0.3428	0.3476	0.3506
43.75	0.335	0.336	0.3373	0.3418	0.3469	0.3502
44	0.3341	0.3352	0.3365	0.3409	0.3461	0.3497
44.25	0.3332	0.3343	0.3357	0.34	0.3454	0.3492
44.5	0.3325	0.3335	0.3349	0.3391	0.3447	0.3487
44.75	0.3317	0.3328	0.3341	0.3384	0.344	0.3482
45	0.331	0.3321	0.3334	0.3377	0.3433	0.3477
45.25	0.3303	0.3314	0.3328	0.337	0.3426	0.3471
45.5	0.3297	0.3308	0.3321	0.3364	0.3419	0.3465
45.75	0.329	0.3301	0.3315	0.3358	0.3412	0.3459
46	0.3284	0.3295	0.3309	0.3352	0.3406	0.3454
46.25	0.3279	0.3289	0.3303	0.3346	0.3399	0.3448
46.5	0.3273	0.3284	0.3297	0.3341	0.3393	0.3442
46.75	0.3267	0.3278	0.3292	0.3335	0.3387	0.3436
47	0.3262	0.3273	0.3286	0.333	0.3381	0.343
47.25	0.3255	0.3266	0.328	0.3324	0.3376	0.3424
47.5	0.3249	0.326	0.3274	0.3319	0.3371	0.3419
47.75	0.3243	0.3255	0.3269	0.3314	0.3366	0.3413
48	0.3238	0.3249	0.3263	0.3308	0.3361	0.3407
48.25	0.3235	0.3246	0.3259	0.3303	0.3356	0.3402
48.5	0.3231	0.3242	0.3255	0.3298	0.3351	0.3396
48.75	0.3227	0.3238	0.3251	0.3294	0.3347	0.3391
49	0.3223	0.3234	0.3247	0.3289	0.3342	0.3385
49.25	0.3213	0.3225	0.324	0.3285	0.3337	0.338
49.5	0.3206	0.3217	0.3232	0.328	0.3333	0.3375
49.75	0.3201	0.3211	0.3226	0.3274	0.3328	0.3371
50	0.3195	0.3205	0.3219	0.3268	0.3323	0.3366
50.25	0.3189	0.3199	0.3213	0.3263	0.3319	0.3362
50.5	0.3183	0.3194	0.3207	0.3257	0.3314	0.3357
50.75	0.3177	0.3188	0.3202	0.3251	0.3309	0.3352
51	0.3172	0.3183	0.3197	0.3245	0.3304	0.3348
51.25	0.3168	0.3179	0.3192	0.324	0.3299	0.3344
51.5	0.3164	0.3174	0.3188	0.3234	0.3294	0.3339
51.75	0.3159	0.317	0.3184	0.3229	0.3289	0.3335
52	0.3155	0.3166	0.3179	0.3224	0.3284	0.333
52.25	0.315	0.3161	0.3175	0.3218	0.328	0.3326
52.5	0.3146	0.3157	0.317	0.3214	0.3275	0.3321
52.75	0.3142	0.3153	0.3166	0.3209	0.327	0.3317
53	0.3137	0.3148	0.3162	0.3205	0.3265	0.3313
53.25	0.3134	0.3144	0.3158	0.3201	0.3261	0.3308
53.5	0.313	0.314	0.3154	0.3197	0.3256	0.3304
53.75	0.3126	0.3136	0.315	0.3194	0.3252	0.33
54	0.3122	0.3133	0.3146	0.319	0.3247	0.3295
54.25	0.3194	0.3183	0.3175	0.3188	0.3243	0.3291
54.5	0.3232	0.3217	0.3205	0.3196	0.3238	0.3287
54.75	0.3258	0.3245	0.3231	0.3208	0.3236	0.3283
55	0.3279	0.3267	0.3252	0.322	0.3235	0.3279
55.25	0.3238	0.3241	0.3243	0.3231	0.3236	0.3275
55.5	0.3222	0.3227	0.3231	0.3233	0.3238	0.3271
55.75	0.3212	0.3217	0.3222	0.3232	0.324	0.3268
56	0.3206	0.321	0.3215	0.3229	0.3241	0.3265
56.25	0.3268	0.3254	0.3241	0.3229	0.3241	0.3262
56.5	0.3297	0.3284	0.3269	0.3238	0.3241	0.326
56.75	0.3317	0.3305	0.329	0.3251	0.3242	0.3258
57	0.3333	0.3321	0.3307	0.3264	0.3244	0.3256
57.25	0.3424	0.3395	0.3363	0.3284	0.3248	0.3255
57.5	0.3471	0.3446	0.3412	0.3317	0.3254	0.3253
57.75	0.3504	0.3482	0.3452	0.335	0.3265	0.3252
58	0.353	0.351	0.3483	0.3381	0.328	0.3252
58.25	0.342	0.3428	0.3431	0.3394	0.3297	0.3253
58.5	0.3375	0.3383	0.3391	0.3382	0.3312	0.3254
58.75	0.3345	0.3354	0.3362	0.3367	0.332	0.3257
59	0.3321	0.333	0.334	0.3353	0.3323	0.3262
59.25	0.3301	0.3311	0.3321	0.334	0.3323	0.3267
59.5	0.3284	0.3294	0.3305	0.3328	0.3321	0.3273
59.75	0.3269	0.328	0.3291	0.3317	0.3318	0.3279
60	0.3256	0.3267	0.3278	0.3307	0.3314	0.3284
60.25	0.3242	0.3253	0.3266	0.3298	0.331	0.3288
60.5	0.323	0.3241	0.3255	0.3289	0.3306	0.3291
60.75	0.3218	0.323	0.3244	0.328	0.3302	0.3294
61	0.3209	0.3219	0.3234	0.3272	0.3298	0.3296
61.25	0.32	0.321	0.3224	0.3264	0.3293	0.3297
61.5	0.3192	0.3202	0.3214	0.3256	0.3289	0.3297
61.75	0.3184	0.3195	0.3207	0.3249	0.3285	0.3297
62	0.3177	0.3187	0.32	0.3241	0.328	0.3297
62.25	0.3169	0.318	0.3193	0.3234	0.3276	0.3296
62.5	0.3162	0.3173	0.3186	0.3227	0.3271	0.3294
62.75	0.3155	0.3166	0.3179	0.322	0.3267	0.3293
63	0.3148	0.316	0.3173	0.3214	0.3262	0.3291
63.25	0.3139	0.3151	0.3166	0.3208	0.3258	0.3289
63.5	0.3132	0.3144	0.3159	0.3203	0.3253	0.3286
63.75	0.3124	0.3137	0.3152	0.3197	0.3249	0.3284
64	0.3118	0.313	0.3146	0.3192	0.3244	0.3281
64.25	0.3119	0.313	0.3143	0.3187	0.3239	0.3278
64.5	0.3118	0.3128	0.3141	0.3182	0.3234	0.3275
64.75	0.3116	0.3125	0.3138	0.3179	0.323	0.3272
65	0.3113	0.3123	0.3135	0.3175	0.3225	0.3269
65.25	0.3228	0.3204	0.3183	0.3176	0.3221	0.3265
65.5	0.3287	0.3263	0.3234	0.3191	0.3217	0.3262
65.75	0.3325	0.3304	0.3277	0.3213	0.3217	0.3258
66	0.3355	0.3335	0.331	0.3238	0.3219	0.3255
66.25	0.3319	0.3314	0.3305	0.3259	0.3224	0.3251
66.5	0.331	0.3305	0.3299	0.3267	0.3231	0.3248
66.75	0.3306	0.3302	0.3297	0.3271	0.3238	0.3246
67	0.3305	0.3301	0.3296	0.3274	0.3244	0.3244
67.25	0.3257	0.3266	0.3274	0.3274	0.3248	0.3242
67.5	0.3231	0.3241	0.3252	0.3267	0.3252	0.3242
67.75	0.3211	0.3222	0.3235	0.3258	0.3253	0.3242
68	0.3197	0.3207	0.3219	0.3249	0.3253	0.3242
68.25	0.3243	0.3237	0.3233	0.3242	0.3252	0.3243
68.5	0.3263	0.3256	0.325	0.3243	0.325	0.3244
68.75	0.3275	0.3269	0.3262	0.3248	0.3248	0.3245
69	0.3285	0.3279	0.3272	0.3254	0.3248	0.3245
69.25	0.3256	0.326	0.3262	0.3258	0.3249	0.3246
69.5	0.3244	0.3248	0.3252	0.3256	0.325	0.3246
69.75	0.3235	0.324	0.3244	0.3253	0.325	0.3246
70	0.3228	0.3233	0.3238	0.3249	0.3251	0.3247
70.25	0.3204	0.3213	0.3224	0.3245	0.325	0.3247
70.5	0.319	0.3199	0.321	0.3238	0.3249	0.3247
70.75	0.3178	0.3188	0.32	0.323	0.3247	0.3248
71	0.3168	0.3178	0.319	0.3222	0.3245	0.3248
71.25	0.3262	0.3244	0.3227	0.3219	0.3242	0.3248
71.5	0.3305	0.3288	0.3268	0.323	0.3239	0.3248
71.75	0.3334	0.3318	0.3298	0.3247	0.3238	0.3248
72	0.3356	0.3341	0.3322	0.3266	0.324	0.3247
72.25	0.3311	0.3311	0.3308	0.328	0.3245	0.3246
72.5	0.3294	0.3295	0.3295	0.3281	0.325	0.3246
72.75	0.3284	0.3286	0.3287	0.3279	0.3255	0.3245
73	0.3278	0.3279	0.328	0.3277	0.3258	0.3245
73.25	0.323	0.3244	0.3257	0.3272	0.326	0.3246
73.5	0.3204	0.3217	0.3233	0.3263	0.3261	0.3247
73.75	0.3184	0.3198	0.3213	0.3252	0.326	0.3248
74	0.3167	0.3182	0.3198	0.324	0.3258	0.3249
74.25	0.3154	0.3168	0.3185	0.3228	0.3255	0.325
74.5	0.3141	0.3156	0.3173	0.3217	0.3251	0.3251
74.75	0.3129	0.3144	0.3162	0.3208	0.3246	0.3251
75	0.3118	0.3134	0.3152	0.32	0.3241	0.3252
75.25	0.3112	0.3126	0.3143	0.3192	0.3236	0.3252
75.5	0.3104	0.3119	0.3136	0.3185	0.3231	0.3251
75.75	0.3096	0.3111	0.3128	0.3178	0.3225	0.325
76	0.3089	0.3104	0.3121	0.3172	0.322	0.3249
76.25	0.3074	0.3092	0.3112	0.3165	0.3215	0.3247
76.5	0.3062	0.3081	0.3102	0.3159	0.321	0.3245
76.75	0.3051	0.307	0.3092	0.3152	0.3206	0.3243
77	0.3041	0.306	0.3083	0.3145	0.3202	0.324
77.25	0.3042	0.3058	0.3078	0.3138	0.3197	0.3238
77.5	0.304	0.3055	0.3074	0.3133	0.3193	0.3235
77.75	0.3037	0.3051	0.307	0.3128	0.3188	0.3232
78	0.3034	0.3047	0.3066	0.3123	0.3184	0.3228
78.25	0.3074	0.3073	0.3077	0.3119	0.318	0.3225
78.5	0.3096	0.3093	0.3093	0.3119	0.3176	0.3221
78.75	0.3111	0.3108	0.3106	0.3122	0.3172	0.3218
79	0.3122	0.3119	0.3117	0.3127	0.317	0.3214
79.25	0.311	0.3113	0.3117	0.313	0.3168	0.321
79.5	0.3106	0.311	0.3115	0.3132	0.3166	0.3207
79.75	0.3104	0.3108	0.3113	0.3132	0.3165	0.3203
80	0.3102	0.3106	0.3112	0.3132	0.3164	0.32
80.25	0.3213	0.3187	0.316	0.3135	0.3163	0.3197
80.5	0.3273	0.3245	0.3211	0.3152	0.3162	0.3194
80.75	0.3313	0.3288	0.3256	0.3176	0.3163	0.3192
81	0.3343	0.332	0.3291	0.3201	0.3167	0.3189
81.25	0.3269	0.3271	0.3268	0.322	0.3173	0.3187
81.5	0.324	0.3244	0.3246	0.3224	0.3181	0.3185
81.75	0.3222	0.3227	0.323	0.3221	0.3187	0.3183
82	0.3209	0.3213	0.3217	0.3216	0.3192	0.3182
82.25	0.318	0.319	0.3199	0.321	0.3194	0.3182
82.5	0.316	0.3171	0.3182	0.3202	0.3196	0.3182
82.75	0.3144	0.3156	0.3168	0.3194	0.3195	0.3183
83	0.3131	0.3142	0.3156	0.3186	0.3194	0.3184
83.25	0.3132	0.314	0.315	0.3178	0.3192	0.3185
83.5	0.3129	0.3136	0.3146	0.3172	0.319	0.3186
83.75	0.3125	0.3132	0.3141	0.3167	0.3187	0.3186
84	0.312	0.3128	0.3137	0.3163	0.3184	0.3187
84.25	0.3099	0.3112	0.3126	0.3159	0.3182	0.3187
84.5	0.3085	0.3099	0.3115	0.3153	0.3179	0.3187
84.75	0.3073	0.3087	0.3104	0.3146	0.3176	0.3187
85	0.3062	0.3077	0.3095	0.3139	0.3173	0.3187
85.25	0.3055	0.307	0.3087	0.3133	0.317	0.3186
85.5	0.3047	0.3062	0.3079	0.3127	0.3167	0.3185
85.75	0.304	0.3055	0.3072	0.3121	0.3163	0.3184
86	0.3034	0.3047	0.3066	0.3115	0.316	0.3183
86.25	0.3025	0.3038	0.3057	0.311	0.3156	0.3181
86.5	0.3017	0.3031	0.3049	0.3104	0.3153	0.318
86.75	0.301	0.3024	0.3041	0.3098	0.3149	0.3178
87	0.3004	0.3018	0.3035	0.3092	0.3145	0.3176
87.25	0.2992	0.3008	0.3027	0.3087	0.3142	0.3174
87.5	0.2983	0.3	0.3019	0.308	0.3138	0.3172
87.75	0.2975	0.2992	0.3012	0.3074	0.3134	0.317
88	0.2967	0.2984	0.3005	0.3067	0.313	0.3168
88.25	0.296	0.2978	0.2998	0.3061	0.3126	0.3165
88.5	0.2954	0.2971	0.2992	0.3054	0.3122	0.3163
88.75	0.2947	0.2965	0.2986	0.3048	0.3118	0.316
89	0.294	0.2959	0.298	0.3042	0.3114	0.3158
89.25	0.292	0.2944	0.297	0.3036	0.311	0.3155
89.5	0.2904	0.293	0.2959	0.3031	0.3105	0.3152
89.75	0.2889	0.2918	0.2948	0.3024	0.3101	0.3149
90	0.2875	0.2906	0.2938	0.3018	0.3097	0.3146
90.25	0.2865	0.2894	0.2928	0.3011	0.3092	0.3143
90.5	0.2855	0.2883	0.2918	0.3004	0.3087	0.314
90.75	0.2845	0.2871	0.2908	0.2998	0.3082	0.3137
91	0.2836	0.2863	0.2899	0.2991	0.3077	0.3134
91.25	0.2824	0.2853	0.2888	0.2985	0.3072	0.3131
91.5	0.2813	0.2843	0.2877	0.2978	0.3067	0.3127
91.75	0.2803	0.2833	0.2867	0.2972	0.3062	0.3124
92	0.2793	0.2824	0.2859	0.2965	0.3056	0.3121
92.25	0.2797	0.2823	0.2854	0.2958	0.3051	0.3117
92.5	0.2797	0.2821	0.2851	0.2952	0.3045	0.3114
92.75	0.2795	0.2819	0.2848	0.2947	0.304	0.311
93	0.2792	0.2816	0.2845	0.2942	0.3036	0.3107
93.25	0.2832	0.2837	0.2852	0.2937	0.3032	0.3103
93.5	0.2855	0.2857	0.2865	0.2934	0.3027	0.3099
93.75	0.2871	0.2872	0.2878	0.2934	0.3023	0.3095
94	0.2884	0.2884	0.2889	0.2936	0.302	0.3092
94.25	0.2869	0.288	0.2892	0.2938	0.3016	0.3088
94.5	0.2863	0.2874	0.2889	0.2939	0.3014	0.3084
94.75	0.286	0.2871	0.2887	0.2939	0.3011	0.308
95	0.2858	0.2868	0.2884	0.2938	0.3009	0.3076
95.25	0.3184	0.3099	0.3005	0.2939	0.3006	0.3073
95.5	0.3331	0.3261	0.3169	0.2971	0.3004	0.3069
95.75	0.3425	0.3366	0.3289	0.3037	0.3004	0.3065
96	0.3494	0.3446	0.3375	0.3126	0.3008	0.3061
96.25	0.3318	0.332	0.3311	0.3183	0.3021	0.3058
96.5	0.3253	0.3258	0.3258	0.3189	0.3039	0.3054
96.75	0.3211	0.3217	0.3221	0.3183	0.306	0.3051
97	0.318	0.3187	0.3192	0.3173	0.3077	0.3049
97.25	0.3265	0.3243	0.3217	0.3167	0.3088	0.3047
97.5	0.3301	0.328	0.3252	0.3176	0.3095	0.3046
97.75	0.3325	0.3305	0.3278	0.3191	0.3102	0.3047
98	0.3343	0.3324	0.3299	0.3207	0.311	0.3048
98.25	0.3286	0.3285	0.3279	0.3219	0.3119	0.305
98.5	0.3263	0.3262	0.3259	0.3219	0.3129	0.3052
98.75	0.3248	0.3248	0.3246	0.3215	0.3136	0.3055
99	0.3237	0.3237	0.3235	0.3211	0.3142	0.3059
99.25	0.3195	0.3203	0.3211	0.3205	0.3147	0.3063
99.5	0.3169	0.3179	0.3189	0.3196	0.3149	0.3068
99.75	0.3148	0.3159	0.317	0.3185	0.315	0.3073
100	0.313	0.3142	0.3154	0.3174	0.315	0.3079
100.25	0.3119	0.313	0.3141	0.3164	0.3149	0.3084
100.5	0.3108	0.3119	0.313	0.3155	0.3147	0.3089
100.75	0.3097	0.3108	0.312	0.3147	0.3144	0.3094
101	0.3087	0.3098	0.3111	0.3139	0.3141	0.3098
101.25	0.3069	0.3083	0.3099	0.3132	0.3138	0.3103
101.5	0.3055	0.307	0.3087	0.3124	0.3135	0.3106
101.75	0.3042	0.3058	0.3076	0.3116	0.3132	0.3109
102	0.3032	0.3046	0.3065	0.3108	0.3129	0.3112
102.25	0.3012	0.3029	0.305	0.3101	0.3126	0.3114
102.5	0.2997	0.3015	0.3036	0.3092	0.3122	0.3116
102.75	0.2983	0.3002	0.3024	0.3083	0.3119	0.3117
103	0.2971	0.299	0.3013	0.3074	0.3115	0.3118
103.25	0.2974	0.2988	0.3007	0.3065	0.3111	0.3118
103.5	0.2971	0.2985	0.3003	0.3057	0.3107	0.3119
103.75	0.2968	0.2982	0.2999	0.3051	0.3103	0.3119
104	0.2963	0.2977	0.2994	0.3044	0.3099	0.3118
104.25	0.2945	0.2964	0.2985	0.3039	0.3095	0.3118
104.5	0.2931	0.2952	0.2975	0.3033	0.3091	0.3117
104.75	0.2919	0.2941	0.2965	0.3027	0.3087	0.3116
105	0.2908	0.2931	0.2956	0.3021	0.3083	0.3114
105.25	0.2888	0.2916	0.2945	0.3015	0.3079	0.3113
105.5	0.2871	0.2902	0.2933	0.3008	0.3074	0.3111
105.75	0.2859	0.2887	0.2922	0.3001	0.307	0.3109
106	0.2847	0.2874	0.291	0.2994	0.3065	0.3108
106.25	0.283	0.2859	0.2897	0.2987	0.3061	0.3105
106.5	0.2814	0.2846	0.2883	0.298	0.3056	0.3103
106.75	0.28	0.2833	0.2869	0.2972	0.3051	0.3101
107	0.2787	0.2821	0.2858	0.2964	0.3045	0.3099
107.25	0.2781	0.2813	0.2849	0.2956	0.304	0.3096
107.5	0.2773	0.2805	0.2842	0.2949	0.3036	0.3093
107.75	0.2764	0.2798	0.2834	0.2941	0.3031	0.3091
108	0.2755	0.2789	0.2827	0.2934	0.3027	0.3088
108.25	0.276	0.2788	0.2822	0.2928	0.3022	0.3085
108.5	0.2761	0.2788	0.282	0.2921	0.3018	0.3082
108.75	0.276	0.2786	0.2817	0.2916	0.3014	0.3079
109	0.2758	0.2784	0.2814	0.2911	0.3009	0.3075
109.25	0.2752	0.278	0.2811	0.2906	0.3005	0.3072
109.5	0.2747	0.2775	0.2807	0.2901	0.3001	0.3069
109.75	0.2742	0.2771	0.2803	0.2896	0.2997	0.3065
110	0.2737	0.2766	0.2798	0.2891	0.2993	0.3062
110.25	0.2726	0.2758	0.2793	0.2887	0.2989	0.3058
110.5	0.2716	0.275	0.2787	0.2881	0.2985	0.3054
110.75	0.2707	0.2742	0.278	0.2876	0.2981	0.305
111	0.27	0.2734	0.2774	0.2871	0.2978	0.3047
111.25	0.2699	0.273	0.2768	0.2867	0.2974	0.3042
111.5	0.2697	0.2727	0.2764	0.2862	0.297	0.3038
111.75	0.2694	0.2723	0.2761	0.2858	0.2966	0.3035
112	0.2691	0.2719	0.2757	0.2854	0.2962	0.3031
112.25	0.2785	0.2768	0.2771	0.2851	0.2959	0.3028
112.5	0.2843	0.2821	0.2807	0.285	0.2955	0.3024
112.75	0.2883	0.286	0.2841	0.2854	0.2951	0.3021
113	0.2919	0.2894	0.2869	0.2861	0.2948	0.3018
113.25	0.2842	0.2858	0.2866	0.2871	0.2945	0.3014
113.5	0.2801	0.2825	0.2845	0.2876	0.2943	0.3011
113.75	0.2771	0.28	0.2827	0.2876	0.2941	0.3008
114	0.2746	0.2779	0.281	0.2872	0.294	0.3004
114.25	0.2741	0.2769	0.2799	0.2867	0.2939	0.3001
114.5	0.2733	0.2761	0.2791	0.2863	0.2937	0.2998
114.75	0.2725	0.2753	0.2784	0.2858	0.2935	0.2995
115	0.2716	0.2745	0.2777	0.2854	0.2933	0.2992
115.25	0.269	0.2727	0.2767	0.2849	0.2931	0.2989
115.5	0.2671	0.2707	0.2753	0.2845	0.2928	0.2986
115.75	0.2654	0.2693	0.2739	0.2839	0.2925	0.2984
116	0.2639	0.268	0.2726	0.2834	0.2922	0.2981
116.25	0.262	0.2666	0.2712	0.2828	0.2919	0.2978
116.5	0.2603	0.2651	0.2699	0.2821	0.2916	0.2976
116.75	0.2586	0.2638	0.2688	0.2815	0.2912	0.2973
117	0.2568	0.2624	0.2678	0.2808	0.2909	0.2971
117.25	0.2551	0.2611	0.2667	0.2802	0.2905	0.2968
117.5	0.2538	0.2598	0.2657	0.2795	0.2901	0.2966
117.75	0.2525	0.2584	0.2646	0.2788	0.2897	0.2963
118	0.2511	0.2571	0.2636	0.2782	0.2892	0.2961
118.25	0.2512	0.2563	0.2627	0.2775	0.2888	0.2958
118.5	0.251	0.2559	0.2621	0.2768	0.2883	0.2956
118.75	0.2506	0.2553	0.2616	0.2762	0.2879	0.2953
119	0.2501	0.2549	0.261	0.2756	0.2874	0.295
119.25	0.25	0.2545	0.2605	0.275	0.287	0.2948
119.5	0.2497	0.2542	0.26	0.2744	0.2866	0.2945
119.75	0.2493	0.2538	0.2596	0.2739	0.2862	0.2942
120	0.2488	0.2534	0.2591	0.2733	0.2859	0.2939
120.25	0.2492	0.2533	0.2587	0.2728	0.2855	0.2937
120.5	0.2494	0.2533	0.2585	0.2723	0.2852	0.2934
120.75	0.2495	0.2533	0.2583	0.2718	0.2848	0.2931
121	0.2495	0.2532	0.2581	0.2714	0.2845	0.2928
121.25	0.2485	0.2527	0.2578	0.271	0.2841	0.2925
121.5	0.2475	0.2521	0.2573	0.2706	0.2838	0.2922
121.75	0.2467	0.2514	0.2567	0.2703	0.2834	0.2919
122	0.2459	0.2508	0.256	0.2699	0.2831	0.2916
122.25	0.2449	0.2501	0.2554	0.2696	0.2828	0.2913
122.5	0.2439	0.2494	0.2548	0.2692	0.2825	0.291
122.75	0.2429	0.2487	0.2542	0.2689	0.2822	0.2907
123	0.2419	0.2479	0.2536	0.2685	0.2818	0.2904
123.25	0.2405	0.2471	0.2531	0.2681	0.2815	0.2901
123.5	0.2395	0.2461	0.2524	0.2677	0.2812	0.2898
123.75	0.2384	0.2452	0.2517	0.2673	0.2809	0.2895
124	0.2374	0.2443	0.2511	0.2669	0.2806	0.2892
124.25	0.2375	0.2437	0.2504	0.2665	0.2803	0.2889
124.5	0.2376	0.2435	0.25	0.2661	0.2799	0.2885
124.75	0.2375	0.2432	0.2497	0.2657	0.2796	0.2882
125	0.2373	0.243	0.2494	0.2653	0.2793	0.2879
125.25	0.2366	0.2425	0.249	0.2649	0.279	0.2876
125.5	0.2358	0.2417	0.2486	0.2646	0.2787	0.2872
125.75	0.235	0.241	0.2481	0.2642	0.2783	0.2869
126	0.2343	0.2403	0.2476	0.2639	0.278	0.2866
126.25	0.2337	0.2398	0.2471	0.2635	0.2777	0.2863
126.5	0.2331	0.2393	0.2466	0.2631	0.2774	0.286
126.75	0.2324	0.2388	0.2461	0.2628	0.277	0.2857
127	0.2317	0.2383	0.2456	0.2624	0.2767	0.2854
127.25	0.2901	0.2692	0.2522	0.262	0.2764	0.2851
127.5	0.3171	0.3027	0.2826	0.262	0.2761	0.2849
127.75	0.3327	0.3218	0.3062	0.265	0.2758	0.2846
128	0.3434	0.3351	0.3225	0.2748	0.2755	0.2843
128.25	0.3193	0.3187	0.3158	0.2866	0.2753	0.284
128.5	0.3104	0.3104	0.3091	0.2918	0.2755	0.2838
128.75	0.3047	0.3051	0.3043	0.2931	0.2764	0.2835
129	0.3004	0.3009	0.3008	0.2932	0.2777	0.2832
129.25	0.2962	0.2973	0.2978	0.2928	0.2791	0.283
129.5	0.293	0.2943	0.2952	0.2922	0.2804	0.2827
129.75	0.2902	0.2917	0.2929	0.2914	0.2814	0.2825
130	0.2877	0.2895	0.2909	0.2906	0.2823	0.2822
130.25	0.2845	0.2865	0.2887	0.2898	0.2829	0.2821
130.5	0.2819	0.2842	0.2864	0.2889	0.2834	0.2819
130.75	0.2796	0.2821	0.2846	0.2879	0.2837	0.2818
131	0.2775	0.2802	0.2828	0.2868	0.284	0.2817
131.25	0.2776	0.2795	0.2816	0.2859	0.2841	0.2817
131.5	0.2772	0.2789	0.2809	0.285	0.2841	0.2817
131.75	0.2766	0.2783	0.2802	0.2843	0.2841	0.2817
132	0.2759	0.2776	0.2795	0.2837	0.284	0.2817
132.25	0.2726	0.2757	0.2784	0.2831	0.2839	0.2818
132.5	0.27	0.2735	0.2768	0.2825	0.2838	0.2818
132.75	0.268	0.2713	0.2752	0.2818	0.2836	0.2819
133	0.2662	0.2696	0.2736	0.2811	0.2835	0.282
133.25	0.2666	0.2691	0.2724	0.2804	0.2833	0.2821
133.5	0.2664	0.2688	0.2718	0.2797	0.2831	0.2821
133.75	0.2661	0.2684	0.2711	0.279	0.2828	0.2822
134	0.2657	0.2679	0.2706	0.2784	0.2826	0.2823
134.25	0.2638	0.2668	0.2699	0.2779	0.2824	0.2823
134.5	0.2623	0.2656	0.2689	0.2774	0.2821	0.2824
134.75	0.261	0.2645	0.268	0.2768	0.2819	0.2824
135	0.2597	0.2634	0.2671	0.2762	0.2816	0.2824
135.25	0.2569	0.2617	0.266	0.2756	0.2813	0.2825
135.5	0.2544	0.2598	0.2647	0.275	0.2811	0.2825
135.75	0.2525	0.2579	0.2634	0.2743	0.2808	0.2825
136	0.2507	0.2561	0.2621	0.2735	0.2806	0.2825
136.25	0.2492	0.2545	0.2608	0.2728	0.2803	0.2824
136.5	0.2477	0.2533	0.2596	0.272	0.28	0.2824
136.75	0.2462	0.2521	0.2583	0.2711	0.2797	0.2824
137	0.2446	0.2509	0.2571	0.2704	0.2794	0.2823
137.25	0.2417	0.2493	0.2557	0.2698	0.2791	0.2823
137.5	0.2392	0.2475	0.2544	0.2692	0.2788	0.2822
137.75	0.2371	0.2456	0.2531	0.2685	0.2785	0.2821
138	0.235	0.2438	0.2519	0.2679	0.2782	0.282
138.25	0.2332	0.242	0.2506	0.2672	0.2778	0.282
138.5	0.2315	0.2404	0.2495	0.2666	0.2775	0.2819
138.75	0.2296	0.2391	0.2484	0.2659	0.2772	0.2818
139	0.2276	0.2378	0.2472	0.2652	0.2768	0.2817
139.25	0.2254	0.2364	0.2461	0.2646	0.2765	0.2815
139.5	0.2231	0.2349	0.2449	0.2639	0.2761	0.2814
139.75	0.2209	0.2332	0.2436	0.2633	0.2758	0.2813
140	0.2187	0.2316	0.2422	0.2626	0.2754	0.2812
140.25	0.2174	0.2302	0.2409	0.262	0.275	0.281
140.5	0.2167	0.2291	0.2399	0.2613	0.2747	0.2809
140.75	0.2159	0.2281	0.2391	0.2607	0.2743	0.2807
141	0.2149	0.2272	0.2383	0.26	0.2739	0.2806
141.25	0.2144	0.2265	0.2377	0.2594	0.2735	0.2804
141.5	0.2141	0.226	0.237	0.2588	0.2731	0.2802
141.75	0.2138	0.2255	0.2364	0.2581	0.2727	0.2801
142	0.2133	0.225	0.2359	0.2575	0.2723	0.2799
142.25	0.2159	0.225	0.2354	0.2569	0.2719	0.2797
142.5	0.22	0.2261	0.2353	0.2564	0.2715	0.2795
142.75	0.2231	0.2276	0.2355	0.2558	0.2711	0.2794
143	0.2257	0.2295	0.236	0.2553	0.2707	0.2792
143.25	0.2224	0.2298	0.2365	0.2549	0.2704	0.279
143.5	0.2186	0.228	0.2363	0.2546	0.2701	0.2788
143.75	0.215	0.2262	0.2357	0.2543	0.2698	0.2786
144	0.2121	0.2246	0.2348	0.254	0.2695	0.2784
144.25	0.2101	0.2231	0.2339	0.2537	0.2692	0.2782
144.5	0.2082	0.2219	0.233	0.2534	0.2689	0.278
144.75	0.2062	0.2206	0.2321	0.2531	0.2686	0.2778
145	0.2042	0.2194	0.2312	0.2527	0.2684	0.2775
145.25	0.2028	0.2183	0.2304	0.2523	0.2681	0.2773
145.5	0.2021	0.2174	0.2295	0.252	0.2678	0.2771
145.75	0.2014	0.2165	0.2287	0.2516	0.2675	0.2769
146	0.2007	0.2157	0.228	0.2512	0.2673	0.2767
146.25	0.1993	0.2148	0.2273	0.2508	0.267	0.2764
146.5	0.1974	0.2139	0.2267	0.2504	0.2667	0.2762
146.75	0.1954	0.213	0.2261	0.2501	0.2665	0.276
147	0.1937	0.2121	0.2255	0.2497	0.2662	0.2758
147.25	0.1938	0.2113	0.2248	0.2493	0.2659	0.2755
147.5	0.1976	0.2112	0.2243	0.2489	0.2657	0.2753
147.75	0.2021	0.212	0.224	0.2485	0.2654	0.2751
148	0.207	0.2135	0.2241	0.2482	0.2651	0.2749
148.25	0.206	0.2148	0.2244	0.2478	0.2649	0.2746
148.5	0.2024	0.2143	0.2245	0.2475	0.2646	0.2744
148.75	0.1998	0.2134	0.2244	0.2472	0.2643	0.2742
149	0.1969	0.2123	0.224	0.2469	0.2641	0.2739
149.25	0.1961	0.2113	0.2235	0.2466	0.2638	0.2737
149.5	0.198	0.211	0.223	0.2463	0.2635	0.2735
149.75	0.2003	0.2112	0.2227	0.246	0.2633	0.2732
150	0.2024	0.2118	0.2225	0.2457	0.263	0.273
150.25	0.2363	0.2188	0.2228	0.2454	0.2628	0.2728
150.5	0.2625	0.2432	0.2289	0.2451	0.2625	0.2725
150.75	0.278	0.2628	0.244	0.2449	0.2623	0.2723
151	0.2886	0.2765	0.2593	0.2451	0.262	0.272
151.25	0.2726	0.2703	0.264	0.2461	0.2617	0.2718
151.5	0.2645	0.2645	0.2619	0.2483	0.2615	0.2715
151.75	0.2594	0.2605	0.2596	0.2505	0.2613	0.2713
152	0.2552	0.2573	0.2576	0.2521	0.2611	0.271
152.25	0.2504	0.2536	0.2554	0.2531	0.2609	0.2707
152.5	0.2462	0.2504	0.2532	0.2537	0.2608	0.2705
152.75	0.2423	0.2476	0.2512	0.254	0.2608	0.2702
153	0.2388	0.2448	0.2494	0.2541	0.2608	0.27
153.25	0.2491	0.2469	0.2484	0.254	0.2608	0.2698
153.5	0.2568	0.2526	0.2505	0.2538	0.2608	0.2696
153.75	0.2626	0.2576	0.2536	0.2537	0.2608	0.2693
154	0.2667	0.262	0.2569	0.2539	0.2608	0.2691
154.25	0.2717	0.2665	0.2607	0.2544	0.2608	0.2689
154.5	0.2761	0.2703	0.2645	0.255	0.2608	0.2687
154.75	0.2795	0.2742	0.2678	0.256	0.2608	0.2685
155	0.2823	0.2775	0.2708	0.2574	0.2608	0.2683
155.25	0.2764	0.2751	0.2716	0.2591	0.2608	0.2681
155.5	0.2734	0.2726	0.2705	0.2607	0.2609	0.2679
155.75	0.2713	0.2708	0.2695	0.2618	0.2609	0.2677
156	0.2697	0.2695	0.2687	0.2626	0.2611	0.2676
156.25	0.2649	0.2666	0.2672	0.2631	0.2612	0.2674
156.5	0.2614	0.2638	0.2653	0.2634	0.2614	0.2672
156.75	0.2584	0.2613	0.2634	0.2634	0.2616	0.2671
157	0.2555	0.259	0.2617	0.2632	0.2619	0.2669
157.25	0.2572	0.2586	0.2605	0.2629	0.2621	0.2667
157.5	0.2581	0.259	0.2602	0.2626	0.2623	0.2666
157.75	0.2586	0.2592	0.2601	0.2623	0.2624	0.2665
158	0.2588	0.2593	0.2601	0.262	0.2626	0.2663
158.25	0.2516	0.2561	0.2592	0.2618	0.2627	0.2662
158.5	0.2461	0.2521	0.2568	0.2616	0.2628	0.2661
158.75	0.2409	0.2487	0.2542	0.2613	0.2628	0.2659
159	0.2368	0.2454	0.252	0.2609	0.2629	0.2658
159.25	0.2319	0.2417	0.2498	0.2603	0.2629	0.2657
159.5	0.2266	0.2384	0.2475	0.2596	0.2629	0.2656
159.75	0.2223	0.2354	0.2452	0.2588	0.2629	0.2655
160	0.2179	0.2324	0.2429	0.258	0.2629	0.2655
160.25	0.2141	0.2295	0.2405	0.2571	0.2628	0.2654
160.5	0.2116	0.2269	0.2388	0.2562	0.2627	0.2653
160.75	0.2083	0.2249	0.2372	0.2552	0.2626	0.2652
161	0.2052	0.2229	0.2357	0.2545	0.2625	0.2652
161.25	0.2129	0.2221	0.2342	0.2538	0.2623	0.2651
161.5	0.2298	0.2271	0.234	0.2531	0.2621	0.265
161.75	0.2416	0.2358	0.2362	0.2524	0.262	0.265
162	0.2508	0.2438	0.2402	0.2518	0.2618	0.2649
162.25	0.2568	0.2504	0.245	0.2515	0.2615	0.2648
162.5	0.2622	0.2554	0.2497	0.2514	0.2613	0.2648
162.75	0.2665	0.2606	0.2539	0.2516	0.2611	0.2647
163	0.2699	0.2647	0.258	0.2522	0.2609	0.2647
163.25	0.2612	0.2616	0.2594	0.2531	0.2606	0.2646
163.5	0.2554	0.2577	0.2579	0.254	0.2604	0.2645
163.75	0.2515	0.2542	0.256	0.2548	0.2603	0.2645
164	0.2483	0.2516	0.254	0.2552	0.2601	0.2644
164.25	0.2453	0.2493	0.2524	0.2553	0.26	0.2644
164.5	0.2425	0.2472	0.2509	0.2553	0.2599	0.2643
164.75	0.2398	0.2452	0.2495	0.2551	0.2599	0.2642
165	0.2377	0.2432	0.2481	0.2549	0.2598	0.2641
165.25	0.2344	0.2407	0.2467	0.2546	0.2598	0.2641
165.5	0.2309	0.2384	0.2451	0.2542	0.2597	0.264
165.75	0.2274	0.2363	0.2433	0.2538	0.2597	0.2639
166	0.2246	0.2342	0.2415	0.2534	0.2596	0.2638
166.25	0.2216	0.232	0.2399	0.2529	0.2596	0.2637
166.5	0.2185	0.2297	0.2385	0.2524	0.2595	0.2637
166.75	0.2154	0.2274	0.2371	0.2519	0.2594	0.2636
167	0.2125	0.2254	0.2357	0.2514	0.2593	0.2635
167.25	0.2102	0.2237	0.2344	0.2509	0.2591	0.2634
167.5	0.2076	0.2221	0.2331	0.2504	0.259	0.2633
167.75	0.205	0.2203	0.2318	0.2498	0.2589	0.2632
168	0.2026	0.2188	0.2305	0.2493	0.2587	0.2632
168.25	0.2005	0.2171	0.2292	0.2487	0.2585	0.2631
168.5	0.1984	0.2154	0.2279	0.2482	0.2583	0.263
168.75	0.1962	0.2139	0.2267	0.2476	0.2581	0.2629
169	0.1941	0.2127	0.2258	0.2471	0.2579	0.2628
169.25	0.1938	0.2117	0.2249	0.2466	0.2577	0.2627
169.5	0.1962	0.2111	0.2241	0.246	0.2575	0.2627
169.75	0.1995	0.2114	0.2235	0.2455	0.2573	0.2626
170	0.2027	0.2121	0.2232	0.245	0.257	0.2625
170.25	0.2023	0.2128	0.2231	0.2445	0.2568	0.2624
170.5	0.2001	0.2124	0.2229	0.244	0.2565	0.2623
170.75	0.1978	0.2116	0.2226	0.2435	0.2563	0.2622
171	0.1954	0.2106	0.2221	0.2431	0.256	0.2622
171.25	0.1998	0.21	0.2215	0.2426	0.2558	0.2621
171.5	0.2144	0.2128	0.2213	0.2422	0.2555	0.262
171.75	0.2263	0.2197	0.2223	0.2418	0.2552	0.2619
172	0.2355	0.227	0.225	0.2414	0.255	0.2618
172.25	0.2321	0.2304	0.2282	0.241	0.2548	0.2617
172.5	0.2293	0.2299	0.23	0.2408	0.2546	0.2616
172.75	0.2274	0.2293	0.2307	0.2407	0.2544	0.2615
173	0.2261	0.2286	0.231	0.2407	0.2542	0.2614
173.25	0.2229	0.2273	0.231	0.2408	0.254	0.2613
173.5	0.2197	0.2256	0.2305	0.2408	0.2538	0.2612
173.75	0.2168	0.2239	0.2297	0.2408	0.2536	0.2611
174	0.2139	0.2224	0.2287	0.2408	0.2535	0.261
174.25	0.2276	0.2239	0.228	0.2408	0.2533	0.2609
174.5	0.2422	0.2329	0.2297	0.2407	0.2531	0.2608
174.75	0.2521	0.242	0.2346	0.2405	0.253	0.2606
175	0.2595	0.2501	0.2403	0.2405	0.2528	0.2605
175.25	0.2492	0.2487	0.2444	0.2408	0.2527	0.2604
175.5	0.2427	0.2447	0.2439	0.2414	0.2525	0.2603
175.75	0.2378	0.2411	0.2426	0.242	0.2524	0.2602
176	0.234	0.2383	0.2409	0.2426	0.2523	0.2601
176.25	0.2309	0.2359	0.2393	0.2431	0.2521	0.2599
176.5	0.2278	0.2338	0.2379	0.2434	0.252	0.2598
176.75	0.2253	0.2319	0.2367	0.2435	0.2519	0.2597
177	0.223	0.2299	0.2355	0.2435	0.2519	0.2596
177.25	0.2255	0.2292	0.2344	0.2434	0.2518	0.2594
177.5	0.2286	0.2303	0.234	0.2433	0.2517	0.2593
177.75	0.231	0.2317	0.2342	0.2431	0.2517	0.2592
178	0.2329	0.233	0.2347	0.2429	0.2516	0.2591
178.25	0.2283	0.2326	0.2351	0.2427	0.2515	0.2589
178.5	0.224	0.2303	0.2345	0.2426	0.2515	0.2588
178.75	0.2205	0.2277	0.2335	0.2425	0.2514	0.2587
179	0.2171	0.2255	0.2324	0.2424	0.2513	0.2586
179.25	0.2205	0.2247	0.2312	0.2422	0.2513	0.2584
179.5	0.2257	0.2264	0.2308	0.242	0.2512	0.2583
179.75	0.2295	0.2288	0.2313	0.2417	0.2511	0.2582
180	0.2327	0.2312	0.2322	0.2415	0.251	0.258
180.25	0.2297	0.2318	0.2332	0.2413	0.2509	0.2579
180.5	0.2265	0.2305	0.2333	0.2411	0.2509	0.2578
180.75	0.2243	0.229	0.2329	0.241	0.2508	0.2577
181	0.2224	0.2274	0.2322	0.2409	0.2507	0.2576
181.25	0.218	0.2256	0.2315	0.2408	0.2506	0.2574
181.5	0.2131	0.2233	0.2303	0.2407	0.2505	0.2573
181.75	0.2093	0.221	0.2289	0.2406	0.2504	0.2572
182	0.2052	0.2186	0.2273	0.2404	0.2503	0.2571
182.25	0.2024	0.2163	0.2259	0.2402	0.2502	0.2569
182.5	0.2009	0.2144	0.2248	0.2399	0.2501	0.2568
182.75	0.1995	0.2131	0.2237	0.2397	0.25	0.2567
183	0.1977	0.212	0.2228	0.2394	0.2499	0.2566
183.25	0.2005	0.2111	0.2219	0.2391	0.2498	0.2565
183.5	0.2101	0.2125	0.2213	0.2388	0.2497	0.2563
183.75	0.2185	0.2162	0.2216	0.2384	0.2496	0.2562
184	0.225	0.221	0.2227	0.2381	0.2495	0.2561
184.25	0.2237	0.2236	0.2245	0.2378	0.2494	0.256
184.5	0.2221	0.2237	0.2255	0.2376	0.2493	0.2559
184.75	0.221	0.2234	0.2259	0.2374	0.2491	0.2557
185	0.2202	0.2231	0.226	0.2373	0.249	0.2556
185.25	0.2428	0.2296	0.2266	0.2372	0.2489	0.2555
185.5	0.2603	0.2457	0.2327	0.2372	0.2488	0.2554
185.75	0.271	0.2584	0.2429	0.2372	0.2486	0.2552
186	0.2798	0.2683	0.2533	0.2374	0.2485	0.2551
186.25	0.2688	0.2656	0.2579	0.2383	0.2484	0.255
186.5	0.2638	0.262	0.2572	0.2399	0.2482	0.2549
186.75	0.2607	0.2595	0.256	0.2416	0.2481	0.2547
187	0.2586	0.2576	0.255	0.2432	0.248	0.2546
187.25	0.2504	0.2532	0.2535	0.2445	0.2479	0.2545
187.5	0.2439	0.2486	0.2508	0.2455	0.2479	0.2544
187.75	0.2382	0.2445	0.2482	0.2461	0.2478	0.2543
188	0.2336	0.2403	0.2456	0.2463	0.2478	0.2542
188.25	0.287	0.2668	0.2497	0.2464	0.2479	0.2541
188.5	0.3127	0.2979	0.2767	0.2464	0.2479	0.254
188.75	0.327	0.3158	0.2988	0.2485	0.248	0.2539
189	0.3367	0.3281	0.3143	0.2559	0.2481	0.2538
189.25	0.3443	0.3366	0.3254	0.2694	0.2482	0.2537
189.5	0.3502	0.3439	0.3341	0.284	0.2483	0.2536
189.75	0.3549	0.3496	0.3411	0.2973	0.2488	0.2535
190	0.3594	0.3543	0.3472	0.3085	0.2499	0.2534
190.25	0.3448	0.3431	0.3397	0.3151	0.2523	0.2533
190.5	0.3396	0.338	0.3353	0.316	0.2563	0.2532
190.75	0.3368	0.3352	0.3327	0.316	0.2622	0.2531
191	0.335	0.3335	0.331	0.3158	0.2674	0.253
191.25	0.3304	0.3296	0.328	0.3154	0.2718	0.2529
191.5	0.3279	0.327	0.3255	0.3146	0.276	0.2528
191.75	0.326	0.3251	0.3235	0.3138	0.2791	0.2527
192	0.3245	0.3236	0.3219	0.313	0.2814	0.2527
192.25	0.3166	0.3175	0.3178	0.3121	0.2832	0.2527
192.5	0.3119	0.3131	0.3139	0.3104	0.2847	0.2527
192.75	0.3081	0.3095	0.3106	0.3084	0.2857	0.2528
193	0.3048	0.3064	0.3078	0.3065	0.2865	0.253
193.25	0.3105	0.3093	0.3081	0.3047	0.2869	0.2532
193.5	0.3126	0.3113	0.3096	0.3038	0.2872	0.2536
193.75	0.3138	0.3124	0.3106	0.3036	0.2874	0.254
194	0.3146	0.3132	0.3114	0.3037	0.2876	0.2544
194.25	0.3074	0.3084	0.3088	0.3038	0.2878	0.255
194.5	0.3033	0.3046	0.3057	0.3032	0.2881	0.2556
194.75	0.3004	0.3017	0.3029	0.3021	0.2884	0.2563
195	0.2978	0.2993	0.3006	0.3008	0.2886	0.2572
195.25	0.2962	0.2975	0.2988	0.2995	0.2886	0.2581
195.5	0.2946	0.2959	0.2973	0.2983	0.2885	0.2591
195.75	0.293	0.2944	0.2958	0.2972	0.2884	0.2601
196	0.2915	0.293	0.2944	0.2962	0.2881	0.2611
196.25	0.2905	0.2919	0.2933	0.2952	0.2878	0.2621
196.5	0.2894	0.2908	0.2922	0.2943	0.2875	0.2631
196.75	0.2884	0.2898	0.2912	0.2934	0.2872	0.2641
197	0.2872	0.2887	0.2902	0.2926	0.2869	0.2651
197.25	0.2834	0.2859	0.2884	0.2918	0.2866	0.266
197.5	0.2806	0.2834	0.2861	0.2908	0.2863	0.2669
197.75	0.2782	0.2813	0.2843	0.2898	0.286	0.2677
198	0.2759	0.2792	0.2825	0.2886	0.2857	0.2685
198.25	0.3304	0.3179	0.3025	0.2877	0.2854	0.2692
198.5	0.3506	0.3421	0.3299	0.2928	0.2851	0.2699
198.75	0.3626	0.3558	0.3467	0.3066	0.2849	0.2705
199	0.3706	0.3657	0.358	0.3222	0.2854	0.2711
199.25	0.3448	0.3453	0.3447	0.3296	0.288	0.2717
199.5	0.335	0.3358	0.3359	0.3279	0.293	0.2723
199.75	0.3284	0.3294	0.3301	0.3251	0.2971	0.2729
200	0.3234	0.3247	0.3256	0.3224	0.2997	0.2735
200.25	0.3175	0.3192	0.3208	0.32	0.3013	0.274
200.5	0.3128	0.3148	0.3167	0.3175	0.3021	0.2747
200.75	0.3087	0.311	0.3132	0.3152	0.3026	0.2754
201	0.3048	0.3075	0.31	0.313	0.3026	0.2762
201.25	0.3192	0.3165	0.3139	0.3114	0.3025	0.2772
201.5	0.3255	0.3224	0.3191	0.3118	0.3023	0.2782
201.75	0.3296	0.3268	0.3231	0.3135	0.3021	0.2793
202	0.3325	0.33	0.3265	0.3155	0.3022	0.2805
202.25	0.3432	0.3388	0.334	0.3181	0.3026	0.2816
202.5	0.3487	0.3451	0.34	0.3225	0.3033	0.2827
202.75	0.3525	0.3494	0.345	0.3276	0.3046	0.2837
203	0.3555	0.3528	0.3488	0.3321	0.3069	0.2847
203.25	0.3514	0.3499	0.3476	0.335	0.3097	0.2857
203.5	0.3508	0.3493	0.3471	0.3362	0.3125	0.2866
203.75	0.3507	0.3493	0.3472	0.337	0.3149	0.2875
204	0.3509	0.3495	0.3475	0.3378	0.317	0.2886
204.25	0.3385	0.3399	0.3408	0.3372	0.3187	0.2899
204.5	0.3325	0.334	0.3352	0.3347	0.32	0.2913
204.75	0.3278	0.3295	0.331	0.3321	0.3205	0.2929
205	0.3239	0.3257	0.3275	0.3296	0.3206	0.2946
205.25	0.3196	0.3215	0.324	0.3273	0.3203	0.2964
205.5	0.3163	0.3184	0.3206	0.3251	0.3199	0.2982
205.75	0.3133	0.3156	0.318	0.3228	0.3193	0.2999
206	0.3105	0.3129	0.3155	0.3207	0.3186	0.3015
206.25	0.3104	0.3121	0.3141	0.3188	0.3179	0.303
206.5	0.3093	0.311	0.3129	0.3174	0.3171	0.3042
206.75	0.3081	0.3098	0.3117	0.3161	0.3164	0.3055
207	0.3068	0.3085	0.3105	0.315	0.3157	0.3066
207.25	0.304	0.3064	0.3088	0.3139	0.3151	0.3076
207.5	0.3021	0.3042	0.307	0.3128	0.3145	0.3084
207.75	0.3004	0.3026	0.3052	0.3116	0.314	0.3091
208	0.2988	0.3011	0.3035	0.3105	0.3134	0.3097
208.25	0.2961	0.2989	0.3019	0.3093	0.3129	0.3101
208.5	0.2939	0.2969	0.3001	0.308	0.3123	0.3105
208.75	0.2918	0.295	0.2985	0.3067	0.3118	0.3108
209	0.2898	0.2933	0.2969	0.3054	0.3112	0.311
209.25	0.2873	0.2913	0.2953	0.3041	0.3107	0.3112
209.5	0.2855	0.2893	0.2936	0.303	0.3101	0.3112
209.75	0.2837	0.2873	0.292	0.302	0.3095	0.3113
210	0.282	0.2857	0.2903	0.301	0.3089	0.3113
210.25	0.2794	0.2837	0.2884	0.2999	0.3083	0.3112
210.5	0.277	0.2818	0.2865	0.2989	0.3076	0.3111
210.75	0.2747	0.2799	0.285	0.2978	0.307	0.311
211	0.2724	0.278	0.2834	0.2968	0.3063	0.3109
211.25	0.2713	0.2767	0.2821	0.2957	0.3056	0.3107
211.5	0.2701	0.2755	0.2809	0.2947	0.3049	0.3105
211.75	0.2689	0.2741	0.2798	0.2937	0.3042	0.3102
212	0.2676	0.2728	0.2787	0.2927	0.3036	0.31
212.25	0.2666	0.2715	0.2776	0.2917	0.3031	0.3097
212.5	0.2655	0.2704	0.2766	0.2908	0.3025	0.3094
212.75	0.2644	0.2694	0.2755	0.2899	0.3019	0.309
213	0.2632	0.2683	0.2744	0.289	0.3014	0.3087
213.25	0.263	0.2677	0.2735	0.2881	0.3008	0.3084
213.5	0.2625	0.2672	0.2728	0.2872	0.3003	0.308
213.75	0.2619	0.2667	0.272	0.2865	0.2998	0.3076
214	0.2613	0.266	0.2712	0.2859	0.2992	0.3072
214.25	0.259	0.2648	0.2704	0.2853	0.2987	0.3068
214.5	0.2568	0.2633	0.2693	0.2847	0.2982	0.3064
214.75	0.2548	0.2618	0.2682	0.2841	0.2977	0.306
215	0.2533	0.2604	0.2672	0.2834	0.2972	0.3055
215.25	0.2516	0.2588	0.2661	0.2827	0.2967	0.3051
215.5	0.2499	0.2572	0.2649	0.282	0.2962	0.3046
215.75	0.2483	0.2556	0.2638	0.2813	0.2957	0.3041
216	0.2466	0.2542	0.2627	0.2806	0.2952	0.3037
216.25	0.2464	0.2534	0.2616	0.2799	0.2946	0.3033
216.5	0.2461	0.253	0.2609	0.2792	0.2941	0.3029
216.75	0.2456	0.2524	0.2602	0.2785	0.2936	0.3024
217	0.245	0.2519	0.2595	0.2779	0.2931	0.302
217.25	0.2424	0.2507	0.2587	0.2772	0.2925	0.3016
217.5	0.2401	0.2493	0.2576	0.2766	0.292	0.3012
217.75	0.2382	0.2478	0.2563	0.276	0.2914	0.3008
218	0.2364	0.2463	0.2551	0.2753	0.2909	0.3004
218.25	0.2611	0.2545	0.256	0.2746	0.2904	0.3
218.5	0.278	0.2695	0.2641	0.274	0.2898	0.2996
218.75	0.2886	0.2815	0.2737	0.2742	0.2893	0.2992
219	0.297	0.2902	0.2825	0.2753	0.2888	0.2988
219.25	0.3028	0.2972	0.2896	0.2777	0.2883	0.2984
219.5	0.3081	0.3026	0.296	0.2809	0.2879	0.298
219.75	0.3126	0.3076	0.3011	0.2844	0.2877	0.2976
220	0.3163	0.3119	0.3056	0.288	0.2877	0.2972
220.25	0.3011	0.3023	0.3021	0.2918	0.288	0.2968
220.5	0.2934	0.2957	0.2971	0.2931	0.2885	0.2964
220.75	0.2875	0.2908	0.2932	0.293	0.2891	0.296
221	0.2832	0.2864	0.2897	0.2923	0.2898	0.2956
221.25	0.2784	0.2825	0.2862	0.2914	0.2903	0.2953
221.5	0.274	0.279	0.2833	0.2903	0.2907	0.295
221.75	0.2698	0.2756	0.2807	0.2891	0.2909	0.2947
222	0.2665	0.2722	0.2781	0.2877	0.291	0.2944
222.25	0.2837	0.2804	0.2795	0.2864	0.291	0.2942
222.5	0.2936	0.2891	0.2855	0.2859	0.2909	0.294
222.75	0.2999	0.2959	0.2913	0.2865	0.2907	0.2938
223	0.3044	0.3008	0.2963	0.2878	0.2905	0.2936
223.25	0.2938	0.295	0.295	0.2897	0.2904	0.2935
223.5	0.2883	0.2905	0.2919	0.2906	0.2904	0.2934
223.75	0.2845	0.2868	0.2892	0.2907	0.2905	0.2932
224	0.2816	0.2842	0.2866	0.2903	0.2906	0.2931
224.25	0.2874	0.2868	0.2868	0.2897	0.2907	0.293
224.5	0.2906	0.2894	0.2885	0.2893	0.2908	0.2929
224.75	0.2927	0.2914	0.2901	0.2893	0.2908	0.2928
225	0.2942	0.2929	0.2915	0.2896	0.2908	0.2927
225.25	0.3461	0.3349	0.3194	0.2909	0.2907	0.2926
225.5	0.3646	0.3568	0.3459	0.3023	0.2908	0.2925
225.75	0.3755	0.3698	0.3617	0.3218	0.2913	0.2924
226	0.3831	0.3789	0.3722	0.3398	0.2939	0.2923
226.25	0.3543	0.3552	0.3552	0.3441	0.3003	0.2922
226.5	0.3433	0.3446	0.3454	0.3399	0.3078	0.2922
226.75	0.3361	0.3375	0.3386	0.3361	0.3125	0.2921
227	0.3305	0.332	0.3334	0.3328	0.3149	0.2922
227.25	0.328	0.3291	0.3301	0.33	0.316	0.2926
227.5	0.3253	0.3264	0.3275	0.3278	0.3165	0.2932
227.75	0.3228	0.324	0.3251	0.3259	0.3166	0.2942
228	0.3207	0.3217	0.323	0.3242	0.3165	0.2953
228.25	0.3177	0.3191	0.3205	0.3226	0.3162	0.2966
228.5	0.3153	0.3168	0.3183	0.3208	0.3159	0.298
228.75	0.3131	0.3147	0.3163	0.3192	0.3155	0.2993
229	0.3111	0.3127	0.3145	0.3177	0.3151	0.3005
229.25	0.3084	0.3104	0.3125	0.3163	0.3146	0.3017
229.5	0.3061	0.3083	0.3105	0.315	0.3141	0.3027
229.75	0.3039	0.3062	0.3087	0.3137	0.3136	0.3036
230	0.3022	0.3042	0.3069	0.3124	0.313	0.3044
230.25	0.3538	0.3453	0.3337	0.3131	0.3125	0.3052
230.5	0.3713	0.3656	0.3569	0.3255	0.3122	0.3059
230.75	0.3816	0.3773	0.3707	0.3424	0.3136	0.3065
231	0.3884	0.385	0.3802	0.3565	0.3184	0.307
231.25	0.3721	0.3714	0.3702	0.3601	0.3268	0.3075
231.5	0.3677	0.3671	0.366	0.3586	0.3334	0.3081
231.75	0.3656	0.365	0.3639	0.3574	0.3371	0.3089
232	0.3645	0.3638	0.3627	0.3567	0.3394	0.3104
232.25	0.3556	0.3563	0.3569	0.3549	0.3412	0.3125
232.5	0.3513	0.352	0.3527	0.3522	0.342	0.315
232.75	0.3481	0.3488	0.3495	0.3498	0.342	0.3178
233	0.3455	0.3462	0.347	0.3477	0.3416	0.3205
233.25	0.3405	0.3419	0.3434	0.3457	0.3411	0.3231
233.5	0.3373	0.3386	0.3402	0.3434	0.3405	0.3256
233.75	0.3347	0.3361	0.3376	0.3413	0.3397	0.3278
234	0.3324	0.3339	0.3355	0.3393	0.3389	0.3296
234.25	0.3296	0.3313	0.3332	0.3375	0.3381	0.3311
234.5	0.3273	0.3291	0.331	0.3358	0.3373	0.3322
234.75	0.3252	0.327	0.3291	0.3341	0.3365	0.3331
235	0.3231	0.3251	0.3272	0.3327	0.3357	0.3337
235.25	0.3211	0.3231	0.3254	0.3313	0.3349	0.3341
235.5	0.3195	0.3212	0.3237	0.3299	0.3342	0.3344
235.75	0.318	0.3198	0.322	0.3286	0.3335	0.3345
236	0.3165	0.3184	0.3206	0.3274	0.3327	0.3345
236.25	0.3215	0.3215	0.3219	0.3264	0.332	0.3344
236.5	0.3235	0.3234	0.3236	0.3263	0.3314	0.3342
236.75	0.3249	0.3247	0.3248	0.3265	0.3308	0.334
237	0.3258	0.3257	0.3257	0.3268	0.3304	0.3337
237.25	0.3511	0.3464	0.3401	0.3289	0.3302	0.3334
237.5	0.3615	0.3575	0.3523	0.3361	0.3304	0.3331
237.75	0.3681	0.3651	0.3607	0.3445	0.3319	0.3328
238	0.373	0.3703	0.3667	0.3518	0.3348	0.3325
238.25	0.3544	0.3555	0.3564	0.3531	0.3384	0.3324
238.5	0.3472	0.3485	0.3498	0.3502	0.3413	0.3326
238.75	0.3422	0.3437	0.3453	0.3474	0.3423	0.3332
239	0.3383	0.3399	0.3417	0.3449	0.3424	0.334
239.25	0.3572	0.3544	0.3514	0.3451	0.3421	0.335
239.5	0.3643	0.3619	0.3588	0.3494	0.3422	0.336
239.75	0.3685	0.3666	0.3639	0.3539	0.3436	0.3368
240	0.3716	0.3699	0.3675	0.3582	0.3459	0.3376
240.25	0.3562	0.3576	0.3588	0.358	0.3484	0.3384
240.5	0.3502	0.3516	0.353	0.3548	0.3497	0.3394
240.75	0.3457	0.3472	0.3489	0.3519	0.3497	0.3407
241	0.3421	0.3438	0.3455	0.3494	0.3491	0.3421
241.25	0.339	0.3408	0.3427	0.3472	0.3484	0.3434
241.5	0.3367	0.3382	0.3401	0.3452	0.3475	0.3443
241.75	0.3346	0.3361	0.3379	0.3434	0.3466	0.345
242	0.3326	0.3342	0.3361	0.3416	0.3457	0.3455
242.25	0.3519	0.3492	0.3461	0.3418	0.3448	0.3457
242.5	0.3595	0.3569	0.3539	0.3462	0.3444	0.3457
242.75	0.3643	0.3623	0.3595	0.3509	0.3452	0.3456
243	0.3678	0.366	0.3637	0.3549	0.3469	0.3455
243.25	0.3536	0.3548	0.3559	0.3554	0.349	0.3455
243.5	0.3479	0.3493	0.3508	0.353	0.3501	0.3457
243.75	0.3439	0.3454	0.3471	0.3505	0.3501	0.3462
244	0.3406	0.3423	0.3441	0.3484	0.3496	0.3468
244.25	0.3378	0.3394	0.3414	0.3464	0.3489	0.3473
244.5	0.3355	0.3371	0.3389	0.3446	0.3481	0.3477
244.75	0.3335	0.3352	0.3371	0.3428	0.3472	0.3479
245	0.3317	0.3334	0.3353	0.3412	0.3463	0.3479
245.25	0.3297	0.3315	0.3336	0.3395	0.3454	0.3478
245.5	0.3279	0.3298	0.332	0.3381	0.3444	0.3476
245.75	0.3263	0.3282	0.3305	0.3369	0.3435	0.3472
246	0.3248	0.3267	0.3291	0.3357	0.3425	0.3468
246.25	0.3235	0.3255	0.3278	0.3345	0.3415	0.3463
246.5	0.3221	0.3242	0.3266	0.3335	0.3405	0.3457
246.75	0.3209	0.3229	0.3254	0.3324	0.3396	0.3451
247	0.3198	0.3216	0.3242	0.3314	0.3387	0.3445
247.25	0.3189	0.3206	0.323	0.3305	0.3379	0.3438
247.5	0.318	0.3197	0.3219	0.3295	0.3371	0.3432
247.75	0.317	0.3188	0.321	0.3286	0.3364	0.3425
248	0.3161	0.3179	0.3201	0.3277	0.3356	0.3418
248.25	0.3147	0.3167	0.3191	0.3268	0.3349	0.341
248.5	0.3135	0.3156	0.318	0.3258	0.3341	0.3403
248.75	0.3124	0.3145	0.317	0.3248	0.3334	0.3396
249	0.3114	0.3135	0.3161	0.3238	0.3326	0.3388
249.25	0.3099	0.3122	0.315	0.3228	0.3319	0.3381
249.5	0.3086	0.311	0.3139	0.3218	0.3311	0.3374
249.75	0.3074	0.3099	0.3128	0.3209	0.3304	0.3368
250	0.3062	0.3088	0.3118	0.3201	0.3296	0.3361
250.25	0.3053	0.3079	0.3109	0.3192	0.3288	0.3355
250.5	0.3042	0.3069	0.31	0.3185	0.3281	0.3348
250.75	0.3034	0.3059	0.3091	0.3177	0.3273	0.3342
251	0.3026	0.3049	0.3082	0.3169	0.3265	0.3335
251.25	0.3019	0.304	0.3073	0.3162	0.3257	0.3328
251.5	0.3011	0.3033	0.3064	0.3154	0.325	0.3322
251.75	0.3003	0.3026	0.3055	0.3147	0.3242	0.3316
252	0.2996	0.3018	0.3046	0.314	0.3234	0.3309
252.25	0.2981	0.3007	0.3036	0.3133	0.3227	0.3303
252.5	0.2969	0.2996	0.3027	0.3125	0.3219	0.3296
252.75	0.2958	0.2985	0.3017	0.3117	0.3212	0.329
253	0.2947	0.2975	0.3008	0.3109	0.3206	0.3284
253.25	0.2958	0.2979	0.3005	0.3101	0.32	0.3277
253.5	0.2962	0.2981	0.3005	0.3094	0.3194	0.3271
253.75	0.2963	0.2981	0.3004	0.3089	0.3188	0.3265
254	0.2962	0.298	0.3003	0.3084	0.3182	0.3259
254.25	0.3249	0.3184	0.3119	0.3084	0.3176	0.3253
254.5	0.3376	0.3325	0.3257	0.3121	0.3172	0.3247
254.75	0.3462	0.3415	0.3356	0.3184	0.317	0.324
255	0.3522	0.3485	0.3433	0.3256	0.3177	0.3234
255.25	0.335	0.3359	0.3361	0.3298	0.3192	0.3229
255.5	0.3282	0.3295	0.3306	0.3292	0.321	0.3223
255.75	0.3236	0.3252	0.3267	0.3278	0.3224	0.3219
256	0.3201	0.3216	0.3236	0.3262	0.3232	0.3216
256.25	0.3281	0.3269	0.3258	0.3251	0.3235	0.3215
256.5	0.3312	0.33	0.3285	0.3255	0.3236	0.3216
256.75	0.3332	0.332	0.3306	0.3266	0.3237	0.3216
257	0.3347	0.3336	0.3322	0.3278	0.324	0.3218
257.25	0.3278	0.3287	0.3293	0.3283	0.3244	0.3219
257.5	0.3245	0.3256	0.3267	0.3277	0.3249	0.3221
257.75	0.3221	0.3233	0.3246	0.3267	0.3251	0.3223
258	0.3203	0.3214	0.3228	0.3256	0.3252	0.3225
258.25	0.32	0.3208	0.3217	0.3246	0.325	0.3227
258.5	0.3193	0.3201	0.321	0.3238	0.3248	0.3229
258.75	0.3186	0.3194	0.3203	0.3231	0.3245	0.3231
259	0.318	0.3187	0.3197	0.3224	0.3242	0.3233
259.25	0.3157	0.317	0.3184	0.3216	0.3239	0.3235
259.5	0.3142	0.3155	0.3171	0.3209	0.3236	0.3236
259.75	0.3128	0.3143	0.3159	0.3201	0.3232	0.3236
260	0.3117	0.3131	0.3148	0.3193	0.3228	0.3237
260.25	0.3099	0.3116	0.3136	0.3185	0.3223	0.3237
260.5	0.3084	0.3102	0.3123	0.3177	0.3218	0.3236
260.75	0.3071	0.309	0.3112	0.3168	0.3213	0.3236
261	0.3058	0.3078	0.3101	0.316	0.3209	0.3235
261.25	0.3123	0.3117	0.3118	0.3154	0.3204	0.3233
261.5	0.3154	0.3147	0.3141	0.3155	0.32	0.3232
261.75	0.3174	0.3167	0.316	0.316	0.3196	0.323
262	0.319	0.3183	0.3175	0.3168	0.3194	0.3227
262.25	0.3139	0.315	0.316	0.3173	0.3193	0.3225
262.5	0.3114	0.3127	0.3142	0.317	0.3193	0.3222
262.75	0.3095	0.311	0.3127	0.3164	0.3192	0.3219
263	0.308	0.3096	0.3114	0.3157	0.3191	0.3217
263.25	0.307	0.3086	0.3104	0.315	0.3188	0.3214
263.5	0.3061	0.3076	0.3095	0.3144	0.3185	0.3212
263.75	0.3051	0.3067	0.3086	0.3137	0.3182	0.321
264	0.3042	0.3059	0.3078	0.3131	0.3179	0.3208
264.25	0.3029	0.3045	0.3068	0.3125	0.3175	0.3206
264.5	0.3019	0.3035	0.3057	0.3118	0.3171	0.3203
264.75	0.3009	0.3026	0.3047	0.3112	0.3167	0.3201
265	0.3001	0.3018	0.3038	0.3105	0.3163	0.3199
265.25	0.3373	0.33	0.3207	0.3107	0.3159	0.3196
265.5	0.3524	0.3468	0.3385	0.317	0.3156	0.3194
265.75	0.3618	0.357	0.3507	0.3274	0.316	0.3191
266	0.3683	0.3647	0.3593	0.3373	0.3178	0.3188
266.25	0.361	0.3594	0.3567	0.3436	0.3211	0.3186
266.5	0.3601	0.3585	0.3561	0.3458	0.3255	0.3184
266.75	0.3603	0.3587	0.3565	0.3473	0.3291	0.3184
267	0.3608	0.3594	0.3572	0.3488	0.332	0.3187
267.25	0.3567	0.3561	0.355	0.3493	0.3343	0.3193
267.5	0.3552	0.3547	0.3538	0.3491	0.3361	0.3202
267.75	0.3545	0.3539	0.3531	0.3489	0.3374	0.3214
268	0.354	0.3535	0.3526	0.3487	0.3384	0.3227
268.25	0.346	0.347	0.3479	0.3477	0.3392	0.3244
268.5	0.342	0.3431	0.3443	0.3456	0.3397	0.3261
268.75	0.3389	0.3401	0.3414	0.3435	0.3396	0.3278
269	0.3366	0.3377	0.3389	0.3417	0.3392	0.3293
269.25	0.3344	0.3355	0.3369	0.3399	0.3387	0.3307
269.5	0.3324	0.3336	0.335	0.3382	0.3382	0.3319
269.75	0.3307	0.3319	0.3334	0.3368	0.3375	0.3329
270	0.3291	0.3304	0.3318	0.3355	0.3369	0.3336
270.25	0.3278	0.329	0.3305	0.3343	0.3363	0.3342
270.5	0.3265	0.3278	0.3293	0.3332	0.3357	0.3346
270.75	0.3253	0.3266	0.3281	0.3322	0.3351	0.3349
271	0.3242	0.3255	0.327	0.3313	0.3346	0.335
271.25	0.3251	0.3259	0.3269	0.3305	0.334	0.3351
271.5	0.3252	0.3259	0.3268	0.33	0.3335	0.335
271.75	0.3251	0.3258	0.3266	0.3296	0.333	0.3349
272	0.3249	0.3256	0.3264	0.3292	0.3326	0.3348
272.25	0.3252	0.3257	0.3263	0.3289	0.3323	0.3346
272.5	0.3251	0.3256	0.3263	0.3287	0.3319	0.3344
272.75	0.3251	0.3255	0.3262	0.3285	0.3316	0.3341
273	0.3249	0.3254	0.326	0.3283	0.3313	0.3339
273.25	0.3224	0.3236	0.3249	0.3279	0.3311	0.3336
273.5	0.3209	0.3221	0.3236	0.3274	0.3308	0.3334
273.75	0.3199	0.321	0.3224	0.3267	0.3305	0.3331
274	0.319	0.3201	0.3214	0.3259	0.3301	0.3328
274.25	0.3197	0.3203	0.3213	0.3253	0.3297	0.3326
274.5	0.3197	0.3203	0.3212	0.3248	0.3293	0.3323
274.75	0.3196	0.3202	0.321	0.3245	0.3289	0.332
275	0.3194	0.32	0.3208	0.3241	0.3285	0.3317
275.25	0.3174	0.3185	0.3199	0.3237	0.3281	0.3314
275.5	0.3161	0.3174	0.3188	0.3231	0.3277	0.3311
275.75	0.3151	0.3164	0.3179	0.3223	0.3273	0.3308
276	0.3142	0.3155	0.3171	0.3216	0.3269	0.3305
276.25	0.3132	0.3146	0.3163	0.321	0.3265	0.3302
276.5	0.3123	0.3138	0.3155	0.3203	0.326	0.3299
276.75	0.3115	0.313	0.3147	0.3197	0.3255	0.3295
277	0.3108	0.3122	0.314	0.3191	0.325	0.3292
277.25	0.31	0.3115	0.3133	0.3185	0.3245	0.3288
277.5	0.3093	0.3108	0.3126	0.318	0.3239	0.3285
277.75	0.3086	0.3101	0.312	0.3174	0.3234	0.3281
278	0.3079	0.3095	0.3113	0.3168	0.3229	0.3277
278.25	0.3082	0.3095	0.3111	0.3163	0.3223	0.3274
278.5	0.3082	0.3094	0.3109	0.3159	0.3218	0.327
278.75	0.308	0.3092	0.3107	0.3155	0.3213	0.3266
279	0.3078	0.309	0.3104	0.3152	0.3209	0.3262
279.25	0.307	0.3083	0.31	0.3149	0.3206	0.3258
279.5	0.3064	0.3078	0.3095	0.3145	0.3202	0.3254
279.75	0.3059	0.3073	0.309	0.3141	0.3198	0.3249
280	0.3053	0.3068	0.3085	0.3137	0.3195	0.3245
280.25	0.3048	0.3063	0.308	0.3133	0.3191	0.3241
280.5	0.3043	0.3058	0.3075	0.3128	0.3187	0.3237
280.75	0.3039	0.3053	0.3071	0.3124	0.3184	0.3233
281	0.3035	0.3048	0.3066	0.312	0.318	0.3229
281.25	0.3034	0.3045	0.3063	0.3116	0.3176	0.3225
281.5	0.3032	0.3042	0.3059	0.3112	0.3173	0.3221
281.75	0.3029	0.304	0.3056	0.3109	0.3169	0.3217
282	0.3026	0.3037	0.3053	0.3105	0.3166	0.3213
282.25	0.3022	0.3033	0.3048	0.3102	0.3162	0.3209
282.5	0.3018	0.303	0.3044	0.3098	0.3159	0.3205
282.75	0.3015	0.3026	0.304	0.3095	0.3155	0.3202
283	0.3011	0.3023	0.3037	0.3091	0.3152	0.3198
283.25	0.3004	0.3017	0.3032	0.3087	0.3148	0.3195
283.5	0.2999	0.3012	0.3028	0.3083	0.3145	0.3191
283.75	0.2994	0.3007	0.3023	0.3079	0.3141	0.3188
284	0.2989	0.3002	0.3019	0.3074	0.3138	0.3184
284.25	0.2981	0.2996	0.3013	0.307	0.3134	0.3181
284.5	0.2974	0.2989	0.3007	0.3065	0.3131	0.3178
284.75	0.2968	0.2984	0.3002	0.306	0.3127	0.3175
285	0.2962	0.2978	0.2997	0.3054	0.3123	0.3171
285.25	0.2958	0.2974	0.2992	0.3049	0.312	0.3168
285.5	0.2954	0.2969	0.2988	0.3044	0.3116	0.3165
285.75	0.2949	0.2965	0.2984	0.304	0.3112	0.3161
286	0.2945	0.296	0.2979	0.3036	0.3108	0.3158
286.25	0.2946	0.2959	0.2977	0.3032	0.3104	0.3155
286.5	0.2944	0.2958	0.2975	0.3029	0.3101	0.3152
286.75	0.2942	0.2956	0.2973	0.3026	0.3097	0.3148
287	0.294	0.2954	0.297	0.3023	0.3093	0.3145
287.25	0.2934	0.2949	0.2967	0.302	0.3089	0.3142
287.5	0.2929	0.2944	0.2962	0.3017	0.3086	0.3139
287.75	0.2924	0.294	0.2958	0.3014	0.3082	0.3135
288	0.292	0.2935	0.2954	0.301	0.3079	0.3132
288.25	0.3052	0.302	0.2996	0.3008	0.3075	0.3129
288.5	0.3125	0.3092	0.3053	0.3017	0.3071	0.3126
288.75	0.3173	0.3143	0.3106	0.3035	0.3069	0.3123
289	0.3208	0.3181	0.3147	0.3059	0.3068	0.3119
289.25	0.3133	0.3135	0.3131	0.3082	0.3069	0.3116
289.5	0.3101	0.3107	0.311	0.309	0.3072	0.3113
289.75	0.3081	0.3088	0.3094	0.309	0.3077	0.311
290	0.3065	0.3073	0.3081	0.3087	0.308	0.3107
290.25	0.3327	0.3266	0.3194	0.3091	0.3083	0.3105
290.5	0.3437	0.3383	0.332	0.3137	0.3085	0.3103
290.75	0.3509	0.3467	0.3406	0.3202	0.3091	0.3101
291	0.356	0.3525	0.3475	0.3277	0.3105	0.3099
291.25	0.3406	0.3409	0.3404	0.3315	0.3129	0.3098
291.5	0.3346	0.3351	0.3352	0.3308	0.3155	0.3097
291.75	0.3308	0.3314	0.3318	0.3295	0.3174	0.3098
292	0.328	0.3287	0.3292	0.3281	0.3186	0.3099
292.25	0.3251	0.326	0.3268	0.3268	0.3193	0.3102
292.5	0.3229	0.3239	0.3248	0.3255	0.3196	0.3107
292.75	0.3211	0.322	0.3231	0.3243	0.3198	0.3112
293	0.3197	0.3205	0.3214	0.3232	0.3198	0.3119
293.25	0.3686	0.3616	0.3516	0.3263	0.3197	0.3125
293.5	0.3841	0.3795	0.3724	0.3435	0.3202	0.3131
293.75	0.393	0.3896	0.3845	0.3608	0.3245	0.3137
294	0.3989	0.3963	0.3925	0.3737	0.3339	0.3143
294.25	0.3722	0.3735	0.3744	0.371	0.3447	0.315
294.5	0.3627	0.3639	0.3651	0.365	0.3489	0.3162
294.75	0.3561	0.3575	0.3589	0.3603	0.3497	0.3184
295	0.3515	0.3528	0.3542	0.3563	0.3492	0.3214
295.25	0.3479	0.3492	0.3506	0.353	0.3483	0.3251
295.5	0.3447	0.346	0.3475	0.3503	0.3473	0.3287
295.75	0.3419	0.3432	0.3448	0.3479	0.3463	0.3317
296	0.3394	0.3408	0.3424	0.3459	0.3453	0.3342
296.25	0.3372	0.3384	0.34	0.344	0.3444	0.336
296.5	0.3353	0.3366	0.338	0.3423	0.3435	0.3374
296.75	0.3336	0.3349	0.3364	0.3406	0.3427	0.3385
297	0.332	0.3333	0.3348	0.339	0.3419	0.3392
297.25	0.3307	0.332	0.3335	0.3378	0.3411	0.3398
297.5	0.3294	0.3307	0.3323	0.3367	0.3403	0.3402
297.75	0.3282	0.3295	0.3311	0.3356	0.3395	0.3404
298	0.327	0.3284	0.33	0.3346	0.3387	0.3404
298.25	0.3256	0.3271	0.3288	0.3337	0.3381	0.3403
298.5	0.3243	0.3259	0.3277	0.3328	0.3375	0.3402
298.75	0.3232	0.3247	0.3266	0.3319	0.3369	0.3399
299	0.3221	0.3237	0.3256	0.331	0.3363	0.3396
299.25	0.3223	0.3235	0.3251	0.3302	0.3357	0.3393
299.5	0.322	0.3232	0.3247	0.3296	0.3351	0.3388
299.75	0.3216	0.3227	0.3242	0.329	0.3345	0.3384
300	0.3212	0.3223	0.3238	0.3285	0.334	0.338
300.25	0.3267	0.3262	0.3259	0.3282	0.3334	0.3376
300.5	0.3293	0.3287	0.3282	0.3287	0.333	0.3371
300.75	0.331	0.3305	0.3299	0.3295	0.3327	0.3367
301	0.3324	0.3318	0.3312	0.3304	0.3325	0.3362
301.25	0.328	0.3288	0.3296	0.3308	0.3325	0.3358
301.5	0.326	0.3269	0.328	0.3305	0.3326	0.3354
301.75	0.3245	0.3256	0.3268	0.3298	0.3325	0.3351
302	0.3234	0.3245	0.3258	0.3292	0.3323	0.3347
302.25	0.324	0.3246	0.3255	0.3286	0.332	0.3345
302.5	0.324	0.3246	0.3254	0.3282	0.3316	0.3342
302.75	0.3239	0.3245	0.3252	0.3279	0.3313	0.3339
303	0.3237	0.3243	0.325	0.3276	0.331	0.3337
303.25	0.3223	0.3232	0.3243	0.3273	0.3307	0.3334
303.5	0.3214	0.3223	0.3235	0.3269	0.3304	0.3331
303.75	0.3208	0.3216	0.3228	0.3264	0.3301	0.3329
304	0.3202	0.321	0.3221	0.3259	0.3297	0.3326
304.25	0.3194	0.3203	0.3214	0.3253	0.3294	0.3323
304.5	0.3188	0.3197	0.3208	0.3248	0.329	0.332
304.75	0.3182	0.3191	0.3203	0.3242	0.3286	0.3317
305	0.3177	0.3186	0.3197	0.3237	0.3282	0.3315
305.25	0.3292	0.3269	0.3247	0.3236	0.3278	0.3312
305.5	0.3344	0.3323	0.3299	0.3253	0.3275	0.3309
305.75	0.3379	0.3361	0.3338	0.3278	0.3275	0.3306
306	0.3409	0.3389	0.3367	0.3304	0.3278	0.3302
306.25	0.3364	0.3362	0.3356	0.3321	0.3284	0.33
306.5	0.3352	0.335	0.3346	0.3325	0.3292	0.3297
306.75	0.3345	0.3344	0.3341	0.3326	0.3298	0.3295
307	0.3342	0.334	0.3338	0.3326	0.3303	0.3294
307.25	0.3302	0.331	0.3317	0.3323	0.3306	0.3294
307.5	0.328	0.3289	0.3299	0.3315	0.3308	0.3295
307.75	0.3264	0.3274	0.3284	0.3306	0.3308	0.3296
308	0.3251	0.326	0.3272	0.3298	0.3306	0.3297
308.25	0.3239	0.3249	0.3261	0.3289	0.3304	0.3298
308.5	0.3229	0.3239	0.3251	0.3282	0.3301	0.3299
308.75	0.3219	0.3229	0.3242	0.3274	0.3298	0.33
309	0.3211	0.322	0.3233	0.3267	0.3294	0.33
309.25	0.3204	0.3213	0.3225	0.3261	0.329	0.33
309.5	0.3198	0.3207	0.3217	0.3254	0.3287	0.33
309.75	0.3192	0.3201	0.3211	0.3248	0.3283	0.3299
310	0.3187	0.3195	0.3206	0.3242	0.3279	0.3298
310.25	0.3272	0.3256	0.3241	0.324	0.3275	0.3296
310.5	0.3312	0.3297	0.3279	0.3251	0.3272	0.3295
310.75	0.3339	0.3325	0.3308	0.3268	0.327	0.3293
311	0.336	0.3347	0.333	0.3285	0.3272	0.3291
311.25	0.3308	0.3311	0.3312	0.3296	0.3276	0.3289
311.5	0.3287	0.3291	0.3296	0.3295	0.328	0.3287
311.75	0.3273	0.3278	0.3284	0.3291	0.3283	0.3286
312	0.3263	0.3269	0.3274	0.3286	0.3285	0.3285
312.25	0.3242	0.3251	0.3261	0.328	0.3285	0.3284
312.5	0.3228	0.3238	0.3249	0.3273	0.3284	0.3284
312.75	0.3216	0.3226	0.3238	0.3266	0.3282	0.3284
313	0.3207	0.3216	0.3228	0.3259	0.328	0.3284
313.25	0.3223	0.3226	0.3231	0.3254	0.3277	0.3284
313.5	0.3229	0.3231	0.3234	0.3251	0.3274	0.3284
313.75	0.3232	0.3234	0.3237	0.325	0.3271	0.3283
314	0.3234	0.3236	0.3238	0.325	0.3269	0.3282
314.25	0.3285	0.3274	0.3262	0.3251	0.3267	0.3281
314.5	0.331	0.3299	0.3286	0.3261	0.3266	0.328
314.75	0.3328	0.3318	0.3305	0.3273	0.3266	0.3279
315	0.3342	0.3332	0.332	0.3285	0.3268	0.3278
315.25	0.3286	0.3293	0.3298	0.3291	0.3272	0.3277
315.5	0.3261	0.327	0.3278	0.3287	0.3275	0.3276
315.75	0.3244	0.3253	0.3262	0.328	0.3277	0.3275
316	0.323	0.3239	0.3249	0.3272	0.3277	0.3275
316.25	0.3263	0.326	0.3258	0.3267	0.3276	0.3275
316.5	0.3276	0.3273	0.3269	0.3267	0.3275	0.3275
316.75	0.3285	0.3281	0.3277	0.327	0.3273	0.3275
317	0.3291	0.3287	0.3283	0.3274	0.3273	0.3275
317.25	0.3269	0.3273	0.3276	0.3276	0.3273	0.3275
317.5	0.326	0.3263	0.3267	0.3274	0.3274	0.3275
317.75	0.3253	0.3257	0.3261	0.3271	0.3274	0.3275
318	0.3247	0.3251	0.3256	0.3268	0.3274	0.3275
318.25	0.3229	0.3237	0.3246	0.3264	0.3273	0.3275
318.5	0.3217	0.3226	0.3236	0.3259	0.3272	0.3274
318.75	0.3209	0.3216	0.3227	0.3253	0.327	0.3274
319	0.3202	0.3209	0.3219	0.3247	0.3268	0.3274
319.25	0.3192	0.3201	0.321	0.3241	0.3265	0.3274
319.5	0.3185	0.3193	0.3203	0.3235	0.3262	0.3273
319.75	0.3178	0.3186	0.3197	0.3229	0.3259	0.3273
320	0.3171	0.318	0.3191	0.3223	0.3256	0.3272
320.25	0.3167	0.3175	0.3186	0.3217	0.3252	0.3271
320.5	0.3162	0.3171	0.3181	0.3212	0.3249	0.327
320.75	0.3158	0.3166	0.3176	0.3208	0.3245	0.3268
321	0.3153	0.3162	0.3172	0.3204	0.3242	0.3266
321.25	0.3373	0.333	0.3279	0.3209	0.3238	0.3265
321.5	0.3471	0.3431	0.3379	0.3253	0.3236	0.3263
321.75	0.3532	0.35	0.3456	0.3312	0.324	0.3261
322	0.3578	0.3548	0.3511	0.3367	0.3254	0.3259
322.25	0.3979	0.3931	0.3857	0.3538	0.3278	0.3257
322.5	0.4095	0.4066	0.4022	0.3794	0.3354	0.3256
322.75	0.416	0.4141	0.4111	0.3957	0.3531	0.3256
323	0.4203	0.4189	0.4168	0.4061	0.3727	0.3265
323.25	0.3949	0.3958	0.3967	0.3967	0.3822	0.3299
323.5	0.3867	0.3876	0.3884	0.3894	0.3813	0.3384
323.75	0.382	0.3827	0.3834	0.3845	0.3794	0.3495
324	0.3785	0.3791	0.3797	0.381	0.3777	0.3582
324.25	0.3715	0.3727	0.3742	0.3773	0.3763	0.3643
324.5	0.3677	0.3688	0.3702	0.3738	0.3747	0.3679
324.75	0.3647	0.3658	0.3672	0.3709	0.3732	0.37
325	0.3622	0.3634	0.3647	0.3687	0.3717	0.3711
325.25	0.3625	0.3632	0.3641	0.3671	0.3704	0.3714
325.5	0.3619	0.3625	0.3633	0.3661	0.3694	0.3713
325.75	0.3611	0.3617	0.3625	0.3652	0.3685	0.3709
326	0.3604	0.361	0.3618	0.3644	0.3677	0.3704
326.25	0.3592	0.3599	0.3607	0.3636	0.367	0.3698
326.5	0.3583	0.359	0.3598	0.3627	0.3663	0.3691
326.75	0.3575	0.3582	0.359	0.3619	0.3655	0.3685
327	0.3568	0.3575	0.3583	0.3611	0.3648	0.3679
327.25	0.3533	0.3544	0.3557	0.36	0.364	0.3672
327.5	0.3513	0.3525	0.3539	0.3584	0.3631	0.3665
327.75	0.3497	0.3509	0.3523	0.3568	0.3621	0.3658
328	0.3483	0.3495	0.3509	0.3554	0.361	0.3651
328.25	0.3471	0.3483	0.3497	0.3543	0.3599	0.3643
328.5	0.346	0.3472	0.3486	0.3532	0.3588	0.3635
328.75	0.3449	0.3461	0.3476	0.3522	0.3578	0.3626
329	0.3439	0.3451	0.3466	0.3512	0.3567	0.3617
329.25	0.343	0.3441	0.3456	0.3503	0.3557	0.3608
329.5	0.342	0.3432	0.3447	0.3494	0.3549	0.36
329.75	0.3411	0.3423	0.3438	0.3485	0.3541	0.3591
330	0.3403	0.3415	0.3429	0.3476	0.3533	0.3582
330.25	0.3508	0.3496	0.3484	0.3479	0.3525	0.3573
330.5	0.3551	0.354	0.3527	0.3502	0.3521	0.3565
330.75	0.3582	0.3571	0.3557	0.3525	0.3523	0.3556
331	0.3604	0.3594	0.3582	0.3546	0.353	0.355
331.25	0.3523	0.3532	0.354	0.3549	0.3537	0.3545
331.5	0.349	0.35	0.3511	0.3535	0.354	0.3543
331.75	0.3467	0.3478	0.349	0.352	0.3538	0.3542
332	0.3449	0.346	0.3473	0.3507	0.3533	0.3541
332.25	0.3523	0.3515	0.3508	0.3505	0.3527	0.354
332.5	0.3551	0.3543	0.3535	0.3518	0.3524	0.3539
332.75	0.357	0.3562	0.3553	0.3532	0.3525	0.3536
333	0.3584	0.3577	0.3569	0.3544	0.3529	0.3534
333.25	0.3512	0.3522	0.3531	0.3543	0.3534	0.3533
333.5	0.3482	0.3492	0.3503	0.3529	0.3535	0.3532
333.75	0.346	0.347	0.3483	0.3514	0.3532	0.3533
334	0.3442	0.3453	0.3466	0.3501	0.3527	0.3533
334.25	0.3426	0.3437	0.3451	0.3489	0.352	0.3532
334.5	0.3412	0.3424	0.3437	0.3477	0.3514	0.3531
334.75	0.34	0.3412	0.3425	0.3466	0.3507	0.3529
335	0.3389	0.34	0.3414	0.3457	0.35	0.3526
335.25	0.3379	0.3389	0.3403	0.3447	0.3492	0.3522
335.5	0.337	0.338	0.3393	0.3438	0.3485	0.3518
335.75	0.3362	0.3371	0.3384	0.3429	0.3478	0.3513
336	0.3354	0.3364	0.3376	0.342	0.3471	0.3508
336.25	0.3348	0.3357	0.3369	0.3412	0.3464	0.3503
336.5	0.3341	0.3351	0.3363	0.3404	0.3458	0.3498
336.75	0.3335	0.3344	0.3356	0.3396	0.3451	0.3492
337	0.3328	0.3338	0.335	0.3389	0.3444	0.3487
337.25	0.3322	0.3332	0.3344	0.3383	0.3437	0.3481
337.5	0.3316	0.3326	0.3338	0.3377	0.3431	0.3475
337.75	0.3311	0.332	0.3332	0.3372	0.3425	0.3469
338	0.3305	0.3315	0.3327	0.3366	0.3418	0.3463
338.25	0.3302	0.3311	0.3323	0.3361	0.3412	0.3458
338.5	0.3298	0.3307	0.3318	0.3356	0.3406	0.3452
338.75	0.3294	0.3302	0.3314	0.3351	0.34	0.3446
339	0.3289	0.3298	0.3309	0.3347	0.3394	0.3441
339.25	0.3282	0.3292	0.3304	0.3342	0.3388	0.3435
339.5	0.3276	0.3286	0.3298	0.3337	0.3384	0.343
339.75	0.3271	0.328	0.3293	0.3332	0.3379	0.3424
340	0.3265	0.3275	0.3287	0.3327	0.3375	0.3419
340.25	0.3261	0.327	0.3283	0.3322	0.337	0.3413
340.5	0.3256	0.3266	0.3278	0.3317	0.3365	0.3408
340.75	0.3252	0.3261	0.3273	0.3313	0.3361	0.3403
341	0.3247	0.3257	0.3269	0.3308	0.3356	0.3398
341.25	0.3241	0.3251	0.3264	0.3304	0.3352	0.3393
341.5	0.3236	0.3246	0.3258	0.3299	0.3348	0.3388
341.75	0.3231	0.3241	0.3254	0.3294	0.3343	0.3383
342	0.3226	0.3236	0.3249	0.329	0.3339	0.3378
342.25	0.3221	0.3232	0.3244	0.3285	0.3334	0.3374
342.5	0.3217	0.3227	0.324	0.3281	0.333	0.337
342.75	0.3213	0.3223	0.3235	0.3276	0.3326	0.3365
343	0.321	0.3218	0.3231	0.3272	0.3321	0.3361
343.25	0.3207	0.3215	0.3227	0.3268	0.3317	0.3357
343.5	0.3204	0.3212	0.3223	0.3264	0.3313	0.3353
343.75	0.3201	0.3209	0.3219	0.326	0.3309	0.3349
344	0.3198	0.3206	0.3215	0.3256	0.3305	0.3344
344.25	0.3193	0.3201	0.3212	0.3252	0.3301	0.334
344.5	0.3189	0.3197	0.3208	0.3247	0.3297	0.3336
344.75	0.3185	0.3193	0.3204	0.3243	0.3293	0.3332
345	0.3181	0.319	0.32	0.3239	0.3289	0.3328
345.25	0.3178	0.3186	0.3197	0.3235	0.3285	0.3325
345.5	0.3174	0.3183	0.3193	0.323	0.3281	0.3321
345.75	0.3171	0.3179	0.319	0.3226	0.3277	0.3317
346	0.3167	0.3176	0.3186	0.3222	0.3273	0.3313
346.25	0.3163	0.3172	0.3183	0.3218	0.3269	0.3309
346.5	0.3159	0.3168	0.3179	0.3214	0.3265	0.3306
346.75	0.3155	0.3164	0.3175	0.321	0.3261	0.3302
347	0.3152	0.316	0.3172	0.3207	0.3257	0.3298
347.25	0.3149	0.3157	0.3168	0.3204	0.3253	0.3295
347.5	0.3146	0.3154	0.3165	0.32	0.325	0.3291
347.75	0.3142	0.3151	0.3162	0.3197	0.3246	0.3287
348	0.3139	0.3148	0.3159	0.3194	0.3242	0.3284
348.25	0.3136	0.3145	0.3156	0.3191	0.3238	0.328
348.5	0.3133	0.3142	0.3153	0.3188	0.3234	0.3277
348.75	0.313	0.3139	0.3149	0.3185	0.3231	0.3273
349	0.3127	0.3136	0.3146	0.3182	0.3227	0.327
349.25	0.3123	0.3132	0.3143	0.3179	0.3223	0.3266
349.5	0.3119	0.3128	0.3139	0.3176	0.322	0.3263
349.75	0.3116	0.3125	0.3136	0.3172	0.3216	0.3259
350	0.3112	0.3121	0.3133	0.3169	0.3213	0.3256
350.25	0.315	0.3146	0.3146	0.3167	0.321	0.3252
350.5	0.3169	0.3164	0.3161	0.317	0.3207	0.3249
350.75	0.3182	0.3178	0.3173	0.3175	0.3205	0.3246
351	0.3192	0.3188	0.3184	0.318	0.3204	0.3242
351.25	0.3591	0.352	0.3427	0.3211	0.3204	0.3239
351.5	0.3734	0.3684	0.3614	0.3344	0.3208	0.3236
351.75	0.3822	0.3785	0.3728	0.3492	0.3233	0.3233
352	0.3883	0.3852	0.381	0.3612	0.3294	0.323
352.25	0.366	0.3667	0.367	0.3619	0.337	0.3229
352.5	0.3582	0.3591	0.3598	0.3579	0.3419	0.3231
352.75	0.3534	0.3542	0.3549	0.3545	0.3438	0.324
353	0.3498	0.3506	0.3514	0.3518	0.3443	0.3257
353.25	0.3462	0.3471	0.3482	0.3495	0.3442	0.3278
353.5	0.3434	0.3444	0.3455	0.3474	0.3438	0.3299
353.75	0.3411	0.3422	0.3433	0.3455	0.3433	0.3319
354	0.3391	0.3402	0.3414	0.3439	0.3427	0.3336
354.25	0.3376	0.3385	0.3396	0.3425	0.3421	0.335
354.5	0.3362	0.3371	0.3381	0.3411	0.3415	0.3361
354.75	0.335	0.3359	0.3369	0.3398	0.3409	0.337
355	0.3338	0.3347	0.3358	0.3387	0.3403	0.3376
355.25	0.3327	0.3337	0.3347	0.3377	0.3397	0.3381
355.5	0.3318	0.3327	0.3338	0.3369	0.3392	0.3384
355.75	0.3308	0.3318	0.3329	0.3361	0.3386	0.3386
356	0.33	0.3309	0.332	0.3353	0.3381	0.3387
356.25	0.3437	0.3412	0.3386	0.3357	0.3376	0.3387
356.5	0.3495	0.3474	0.3448	0.3383	0.3375	0.3387
356.75	0.3533	0.3514	0.3491	0.3418	0.3379	0.3386
357	0.3561	0.3544	0.3523	0.345	0.3388	0.3384
357.25	0.3459	0.3468	0.3474	0.346	0.3401	0.3384
357.5	0.3418	0.3428	0.3438	0.3447	0.3413	0.3384
357.75	0.339	0.3401	0.3412	0.3433	0.3417	0.3386
358	0.337	0.338	0.3391	0.3418	0.3417	0.3389
358.25	0.363	0.359	0.3541	0.3437	0.3414	0.3392
358.5	0.3723	0.3693	0.3653	0.3514	0.342	0.3395
358.75	0.3783	0.3758	0.3722	0.3592	0.3446	0.3398
359	0.3825	0.3804	0.3776	0.3658	0.3486	0.3402
359.25	0.3652	0.3662	0.367	0.3654	0.3528	0.3408
359.5	0.3587	0.3598	0.3609	0.3619	0.3546	0.342
359.75	0.3545	0.3555	0.3568	0.3589	0.3549	0.3437
360	0.3515	0.3525	0.3537	0.3563	0.3545	0.3456
360.25	0.349	0.3501	0.3513	0.3541	0.3538	0.3473
360.5	0.3469	0.3479	0.3492	0.3523	0.353	0.3487
360.75	0.345	0.3461	0.3473	0.3507	0.3522	0.3496
361	0.3433	0.3444	0.3457	0.3493	0.3515	0.3502
361.25	0.3461	0.3463	0.3466	0.3484	0.3507	0.3506
361.5	0.3469	0.347	0.3472	0.3483	0.3502	0.3508
361.75	0.3473	0.3474	0.3475	0.3483	0.3498	0.3508
362	0.3475	0.3476	0.3477	0.3483	0.3496	0.3507
362.25	0.3558	0.3544	0.3528	0.3494	0.3494	0.3505
362.5	0.3597	0.3583	0.3565	0.3519	0.3497	0.3503
362.75	0.3623	0.3611	0.3595	0.3543	0.3505	0.3502
363	0.3642	0.3631	0.3617	0.3565	0.3516	0.3502
363.25	0.355	0.3558	0.3567	0.3567	0.3528	0.3503
363.5	0.3515	0.3524	0.3533	0.3549	0.3534	0.3505
363.75	0.349	0.3499	0.3509	0.3533	0.3533	0.3509
364	0.347	0.3479	0.349	0.3518	0.3529	0.3514
364.25	0.3452	0.3462	0.3473	0.3505	0.3523	0.3517
364.5	0.3437	0.3447	0.3459	0.3492	0.3517	0.3519
364.75	0.3424	0.3434	0.3446	0.3481	0.3511	0.352
365	0.3412	0.3422	0.3434	0.3471	0.3504	0.3519
