  0.47299099999498E+03  0.10000000000000E-02  0.10000000000000E-02  0.00000000000000E+00   05

  0.87955947827313E+00  0.10000000000000E+01  0.00000000000000E+00 -0.62774385622042E+67  0.32433325470603E-02  0.18908076878748E-07  0.25580785524993E-02  0.73915125420954E-05  0.24904172976796E-02  0.96902328248071E-03  0.99943762378195E-03  0.17216975174253E-04  0.17217815211050E-04  0.45068504932817E-04  0.58997460787445E-04  0.69972005056909E-04  0.69972005056909E-04  0.43471169915175E-06  0.43471169915175E-06  0.53342077263970E-08  0.53342077263970E-08  0.55865282885921E-05  0.55865282885921E-05  0.42030059578708E-04  0.42030059578708E-04  0.58240000000001E-03  0.58240000000001E-03  0.21829050225259E-03  0.10914525112630E-03  0.00000000000000E+00  0.00000000000000E+00  0.00000000000000E+00  0.00000000000000E+00  0.00000000000000E+00  0.00000000000000E+00  0.00000000000000E+00  0.22872576559494E-02  0.36039308600427E-01  0.10914525112630E-03  0.36039308600427E-01  0.22872576559494E-02  0.51533589647040E+02  0.39751331229535E+00  0.51533589647040E+02  0.39751331229535E+00  0.51533589647040E+02  0.39751331229535E+00  0.51533589647040E+02  0.39751331229535E+00  0.65733741643783E-01  0.22302544952140E-02  0.11156466954629E-01  0.63922515703774E-03  0.37835918973267E-08  0.10000000000000E-09  0.59961720825241E+00  0.16368482421446E+01

  0.86835111960258E+00  0.10000000000000E+01  0.00000000000000E+00 -0.62774385622042E+67  0.32673619693478E-02  0.14611075765527E-07  0.25247988809193E-02  0.95935721526265E-05  0.24853537017404E-02  0.96249618150171E-03  0.99489230393394E-03  0.23016604679165E-04  0.23018047869067E-04  0.57965266432498E-04  0.78019136815227E-04  0.67943638599751E-04  0.67943638599751E-04  0.57570573308593E-06  0.57570573308593E-06  0.76367764943573E-08  0.76367764943573E-08  0.74710181400153E-05  0.74710181400153E-05  0.56288055130866E-04  0.56288055130866E-04  0.58240000000000E-03  0.58240000000000E-03  0.16898159166479E-03  0.84490795832394E-04  0.00000000000000E+00  0.00000000000000E+00  0.00000000000000E+00  0.00000000000000E+00  0.00000000000000E+00  0.00000000000000E+00  0.00000000000000E+00  0.30631885530022E-02  0.36039508005714E-01  0.84490795832394E-04  0.36039508005714E-01  0.30631885530022E-02  0.55827436227706E+02  0.43063464516694E+00  0.55827436227706E+02  0.43063464516694E+00  0.55827436227706E+02  0.43063464516694E+00  0.55827436227706E+02  0.43063464516694E+00  0.63366520760969E+00  0.21499379806959E-01  0.19419732203695E+00  0.11126803331218E-01  0.37835918973267E-08  0.10000000000000E-09  0.53673917189488E+00  0.87695170364894E+00

  0.85654636942771E+00  0.10000000000000E+01  0.00000000000000E+00 -0.62774385622042E+67  0.32674512021787E-02  0.13349888815126E-07  0.25082018585215E-02  0.10477335715337E-04  0.24784819572966E-02  0.95584177630683E-03  0.98882851692094E-03  0.26085299459856E-04  0.26087104884558E-04  0.63983866163925E-04  0.87044219091006E-04  0.66871372581034E-04  0.66871372581034E-04  0.64874154311296E-06  0.64874154311296E-06  0.90016625948535E-08  0.90016625948535E-08  0.84685765708116E-05  0.84685765708116E-05  0.63859995252902E-04  0.63859995252902E-04  0.58240000000009E-03  0.58240000000009E-03  0.15406321238458E-03  0.77031606192291E-04  0.00000000000000E+00  0.00000000000000E+00  0.00000000000000E+00  0.00000000000000E+00  0.00000000000000E+00  0.00000000000000E+00  0.00000000000000E+00  0.34752526094195E-02  0.36039508746209E-01  0.77031606192291E-04  0.36039508746209E-01  0.34752526094195E-02  0.56493332808935E+02  0.43577115433433E+00  0.56493332808935E+02  0.43577115433433E+00  0.56493332808935E+02  0.43577115433433E+00  0.56493332808935E+02  0.43577115433433E+00  0.84026128726290E+00  0.28508897656059E-01  0.43487913462747E+00  0.24916999642912E-01  0.37835918973267E-08  0.10000000000000E-09  0.51080294856667E+00  0.67784357545892E+00

  0.84440180588045E+00  0.10000000000000E+01  0.00000000000000E+00 -0.62774385622042E+67  0.32617529499496E-02  0.12726672345522E-07  0.24949367511343E-02  0.10953545106326E-04  0.24706026870329E-02  0.94886752126415E-03  0.98201243181846E-03  0.28671771813301E-04  0.28673901282907E-04  0.68646761434720E-04  0.93906985822620E-04  0.65968295791828E-04  0.65968295791828E-04  0.70920574624112E-06  0.70920574624112E-06  0.10250742560949E-07  0.10250742560949E-07  0.93096814116033E-05  0.93096814116033E-05  0.70262335908681E-04  0.70262335908681E-04  0.58240000000088E-03  0.58240000000088E-03  0.14641935427499E-03  0.73209677137493E-04  0.00000000000000E+00  0.00000000000000E+00  0.00000000000000E+00  0.00000000000000E+00  0.00000000000000E+00  0.00000000000000E+00  0.00000000000000E+00  0.38236621356308E-02  0.36039461459893E-01  0.73209677137493E-04  0.36039461459893E-01  0.38236621356308E-02  0.56579276527521E+02  0.43643409616470E+00  0.56579276527521E+02  0.43643409616470E+00  0.56579276527521E+02  0.43643409616470E+00  0.56579276527521E+02  0.43643409616470E+00  0.88974046644620E+00  0.30187657438074E-01  0.57145795204788E+00  0.32742471306000E-01  0.37835918973267E-08  0.10000000000000E-09  0.50063577529120E+00  0.61244592706006E+00

  0.83209492929386E+00  0.10000000000000E+01  0.00000000000000E+00 -0.62774385622042E+67  0.32537268778185E-02  0.12316952159668E-07  0.24824710741659E-02  0.11273624843302E-04  0.24620205612561E-02  0.94161498285940E-03  0.97474512380250E-03  0.31201765677062E-04  0.31204227443927E-04  0.72904230285304E-04  0.10009016962644E-03  0.65085592168730E-04  0.65085592168730E-04  0.76731695899745E-06  0.76731695899745E-06  0.11562328471172E-07  0.11562328471172E-07  0.10132709220211E-04  0.10132709220211E-04  0.76544829075047E-04  0.76544829075047E-04  0.58240000000938E-03  0.58240000000938E-03  0.14120665506209E-03  0.70603327531046E-04  0.00000000000000E+00  0.00000000000000E+00  0.00000000000000E+00  0.00000000000000E+00  0.00000000000000E+00  0.00000000000000E+00  0.00000000000000E+00  0.41655464472039E-02  0.36039394856982E-01  0.70603327531046E-04  0.36039394856982E-01  0.41655464472039E-02  0.56551768843961E+02  0.43622191086030E+00  0.56551768843961E+02  0.43622191086030E+00  0.56551768843961E+02  0.43622191086030E+00  0.56551768843961E+02  0.43622191086030E+00  0.88962780615037E+00  0.30183835030817E-01  0.65631635291221E+00  0.37604550388835E-01  0.37835918973267E-08  0.10000000000000E-09  0.49598970392005E+00  0.58462330777677E+00

  0.81970117490905E+00  0.10000000000000E+01  0.00000000000000E+00 -0.62774385622042E+67  0.32444303401123E-02  0.11999872349848E-07  0.24700863545513E-02  0.11521943128301E-04  0.24528673661075E-02  0.93413972630962E-03  0.96717010227041E-03  0.33799191541225E-04  0.33802009071518E-04  0.77003449251737E-04  0.10600324663105E-03  0.64180044435526E-04  0.64180044435526E-04  0.82590085876654E-06  0.82590085876654E-06  0.12998916137910E-07  0.12998916137910E-07  0.10977976708306E-04  0.10977976708306E-04  0.83016471703957E-04  0.83016471703957E-04  0.58240000010022E-03  0.58240000010022E-03  0.13704476950737E-03  0.68522384753687E-04  0.00000000000000E+00  0.00000000000000E+00  0.00000000000000E+00  0.00000000000000E+00  0.00000000000000E+00  0.00000000000000E+00  0.00000000000000E+00  0.45177216110380E-02  0.36039317716508E-01  0.68522384753687E-04  0.36039317716508E-01  0.45177216110380E-02  0.56501519652129E+02  0.43583430497410E+00  0.56501519652129E+02  0.43583430497410E+00  0.56501519652129E+02  0.43583430497410E+00  0.56501519652129E+02  0.43583430497410E+00  0.87354971445374E+00  0.29638327725369E-01  0.72099654763787E+00  0.41310491328644E-01  0.37835918973267E-08  0.10000000000000E-09  0.49321687617188E+00  0.56859947631910E+00

  0.80724930136721E+00  0.10000000000000E+01  0.00000000000000E+00 -0.62774385622042E+67  0.32342762896252E-02  0.11732037789526E-07  0.24575361715112E-02  0.11730981562205E-04  0.24432063984247E-02  0.92648900563906E-03  0.95936948015313E-03  0.36510416498257E-04  0.36513619779144E-04  0.81016996961746E-04  0.11177379793940E-03  0.63235560230950E-04  0.63235560230950E-04  0.88589135594819E-06  0.88589135594819E-06  0.14591584705707E-07  0.14591584705707E-07  0.11860606611344E-04  0.11860606611344E-04  0.89796103638248E-04  0.89796103638248E-04  0.58240000107156E-03  0.58240000107156E-03  0.13343871378034E-03  0.66719356890171E-04  0.00000000000000E+00  0.00000000000000E+00  0.00000000000000E+00  0.00000000000000E+00  0.00000000000000E+00  0.00000000000000E+00  0.00000000000000E+00  0.48866549153404E-02  0.36039233514751E-01  0.66719356890171E-04  0.36039233514751E-01  0.48866549153404E-02  0.56450809973020E+02  0.43544314703911E+00  0.56450809973020E+02  0.43544314703911E+00  0.56450809973020E+02  0.43544314703911E+00  0.56450809973020E+02  0.43544314703911E+00  0.85220852803038E+00  0.28914250930658E-01  0.77573327903773E+00  0.44446707826848E-01  0.37835918973267E-08  0.10000000000000E-09  0.49119589440337E+00  0.55718565846036E+00

  0.79475215048189E+00  0.10000000000000E+01  0.00000000000000E+00 -0.62774385622042E+67  0.32234564207730E-02  0.11495765895015E-07  0.24447321212659E-02  0.11914072275808E-04  0.24330723609768E-02  0.91870374822135E-03  0.95139950723809E-03  0.39355858300294E-04  0.39359480669337E-04  0.84961286062677E-04  0.11743468897431E-03  0.62245126015308E-04  0.62245126015308E-04  0.94758729806210E-06  0.94758729806210E-06  0.16360163769925E-07  0.16360163769925E-07  0.12787291750940E-04  0.12787291750940E-04  0.96939265014873E-04  0.96939265014873E-04  0.58240001145974E-03  0.58240001145974E-03  0.13018724515179E-03  0.65093622575897E-04  0.00000000000000E+00  0.00000000000000E+00  0.00000000000000E+00  0.00000000000000E+00  0.00000000000000E+00  0.00000000000000E+00  0.00000000000000E+00  0.52753687131238E-02  0.36039144370736E-01  0.65093622575897E-04  0.36039144370736E-01  0.52753687131238E-02  0.56405542512159E+02  0.43509396860174E+00  0.56405542512159E+02  0.43509396860174E+00  0.56405542512159E+02  0.43509396860174E+00  0.56405542512159E+02  0.43509396860174E+00  0.82937572595596E+00  0.28139565689997E-01  0.82377140117410E+00  0.47199118271058E-01  0.37835918973267E-08  0.10000000000000E-09  0.48956734763723E+00  0.54814744605568E+00

  0.78221719126316E+00  0.10000000000000E+01  0.00000000000000E+00 -0.62774385622042E+67  0.32120762951348E-02  0.11283260815862E-07  0.24316482168912E-02  0.12076678521748E-04  0.24224885275275E-02  0.91082149210120E-03  0.94330507513375E-03  0.42345222674212E-04  0.42349299332755E-04  0.88831893439619E-04  0.12298214914822E-03  0.61205477773038E-04  0.61205477773038E-04  0.10110231895487E-05  0.10110231895487E-05  0.18319173414677E-07  0.18319173414677E-07  0.13761246148617E-04  0.13761246148617E-04  0.10447573238506E-03  0.10447573238506E-03  0.58240012257360E-03  0.58240012257360E-03  0.12720185791368E-03  0.63600928956842E-04  0.00000000000000E+00  0.00000000000000E+00  0.00000000000000E+00  0.00000000000000E+00  0.00000000000000E+00  0.00000000000000E+00  0.00000000000000E+00  0.56854832312792E-02  0.36039056810691E-01  0.63600928956842E-04  0.36039056810691E-01  0.56854832312792E-02  0.56366962563349E+02  0.43479637545240E+00  0.56366962563349E+02  0.43479637545240E+00  0.56366962563349E+02  0.43479637545240E+00  0.56366962563349E+02  0.43479637545240E+00  0.80654137589300E+00  0.27364827928240E-01  0.86631459392466E+00  0.49636689159540E-01  0.37835918973267E-08  0.10000000000000E-09  0.48820210765980E+00  0.54067827929424E+00

  0.76964991997471E+00  0.10000000000000E+01  0.00000000000000E+00 -0.62774385622042E+67  0.32002064149477E-02  0.11090789501746E-07  0.24182858581549E-02  0.12220918968175E-04  0.24114746613073E-02  0.90287787411180E-03  0.93512581965494E-03  0.45482797432473E-04  0.45487364555604E-04  0.92616453237429E-04  0.12839775038484E-03  0.60115248392814E-04  0.60115248392814E-04  0.10760995564317E-05  0.10760995564317E-05  0.20479720797697E-07  0.20479720797697E-07  0.14783924854932E-04  0.14783924854932E-04  0.11242273773833E-03  0.11242273773833E-03  0.58240131121481E-03  0.58240131121481E-03  0.12444024885494E-03  0.62220124427468E-04  0.00000000000000E+00  0.00000000000000E+00  0.00000000000000E+00  0.00000000000000E+00  0.00000000000000E+00  0.00000000000000E+00  0.00000000000000E+00  0.61179359902448E-02  0.36039031864202E-01  0.62220124427468E-04  0.36039031864202E-01  0.61179359902448E-02  0.56334886063239E+02  0.43454894778642E+00  0.56334886063239E+02  0.43454894778642E+00  0.56334886063239E+02  0.43454894778642E+00  0.56334886063239E+02  0.43454894778642E+00  0.78435781329642E+00  0.26612170480729E-01  0.90394695101022E+00  0.51792886947374E-01  0.37835918973267E-08  0.10000000000000E-09  0.48704599498547E+00  0.53442902700405E+00

  0.75705500873045E+00  0.10000000000000E+01  0.00000000000000E+00 -0.62774385622042E+67  0.31879037337727E-02  0.10916275341188E-07  0.24046594847221E-02  0.12347591340130E-04  0.24000511073402E-02  0.89490725678524E-03  0.92689878337711E-03  0.48769403159625E-04  0.48774497225392E-04  0.96300035918948E-04  0.13365798573030E-03  0.58974283178670E-04  0.58974283178670E-04  0.11426339002395E-05  0.11426339002395E-05  0.22849955922217E-07  0.22849955922217E-07  0.15855656832621E-04  0.15855656832621E-04  0.12079152749051E-03  0.12079152749051E-03  0.58241402802585E-03  0.58241402802585E-03  0.12187892045985E-03  0.60939460229923E-04  0.00000000000000E+00  0.00000000000000E+00  0.00000000000000E+00  0.00000000000000E+00  0.00000000000000E+00  0.00000000000000E+00  0.00000000000000E+00  0.65733387640094E-02  0.36039716687968E-01  0.60939460229923E-04  0.36039716687968E-01  0.65733387640094E-02  0.56308765583821E+02  0.43434746292259E+00  0.56308765583821E+02  0.43434746292259E+00  0.56308765583821E+02  0.43434746292259E+00  0.56308765583821E+02  0.43434746292259E+00  0.76313587233257E+00  0.25892139518724E-01  0.93703366257489E+00  0.53688635707432E-01  0.37835918973267E-08  0.10000000000000E-09  0.48607176205127E+00  0.52921625228376E+00

  0.74443671962550E+00  0.10000000000000E+01  0.00000000000000E+00 -0.62774385622042E+67  0.31752260711650E-02  0.10758297027937E-07  0.23907956238007E-02  0.12457101106383E-04  0.23882456374320E-02  0.88694576119940E-03  0.91866249620302E-03  0.52201787440488E-04  0.52207444422278E-04  0.99866418319593E-04  0.13873720687560E-03  0.57783844014092E-04  0.57783844014092E-04  0.12103579922638E-05  0.12103579922638E-05  0.25433927809417E-07  0.25433927809417E-07  0.16975444692727E-04  0.16975444692727E-04  0.12960453859893E-03  0.12960453859893E-03  0.58255009200905E-03  0.58255009200905E-03  0.11950208615628E-03  0.59751043078140E-04  0.00000000000000E+00  0.00000000000000E+00  0.00000000000000E+00  0.00000000000000E+00  0.00000000000000E+00  0.00000000000000E+00  0.00000000000000E+00  0.70529123056129E-02  0.36048031083052E-01  0.59751043078140E-04  0.36048031083052E-01  0.70529123056129E-02  0.56288049121670E+02  0.43418766288645E+00  0.56288049121670E+02  0.43418766288645E+00  0.56288049121670E+02  0.43418766288645E+00  0.56288049121670E+02  0.43418766288645E+00  0.74303335835265E+00  0.25210089158475E-01  0.96584643142949E+00  0.55339503026869E-01  0.37835918973267E-08  0.10000000000000E-09  0.48526274512821E+00  0.52492421440215E+00

  0.73179905488465E+00  0.91186750714574E+00  0.88132492854258E-01 -0.62774385622042E+67  0.31622223037758E-02  0.10615697086793E-07  0.23767178584735E-02  0.12549755499313E-04  0.23760825051852E-02  0.87902243164182E-03  0.91044800988012E-03  0.55776791683365E-04  0.55783046898672E-04  0.10330329920568E-03  0.14361524243749E-03  0.56545160639719E-04  0.56545160639719E-04  0.12790054062740E-05  0.12790054062740E-05  0.28234360796448E-07  0.28234360796448E-07  0.18142322546475E-04  0.18142322546475E-04  0.13910955749080E-03  0.13910955749080E-03  0.58401421868643E-03  0.58401421868643E-03  0.11729663076362E-03  0.58648315381812E-04  0.00000000000000E+00  0.00000000000000E+00  0.00000000000000E+00  0.00000000000000E+00  0.00000000000000E+00  0.00000000000000E+00  0.00000000000000E+00  0.75701405102774E-02  0.36138522453724E-01  0.58648315381812E-04  0.36138522453724E-01  0.75701405102774E-02  0.56272262934956E+02  0.43406589338791E+00  0.56272262934956E+02  0.43406589338791E+00  0.56272262934956E+02  0.43406589338791E+00  0.56272262934956E+02  0.43406589338791E+00  0.72413171028261E+00  0.24568782509544E-01  0.99061833891546E+00  0.56758843622528E-01  0.37835918973267E-08  0.10000000000000E-09  0.48460648068005E+00  0.52146685029846E+00

  0.71715923715431E+00  0.79313279568795E+00  0.20686720431205E+00 -0.62774385622042E+67  0.31489040518492E-02  0.10485678127091E-07  0.23624000370679E-02  0.12627846844552E-04  0.23635519994471E-02  0.87115243066924E-03  0.90227352322282E-03  0.59493431504211E-04  0.59500319571140E-04  0.10659921125607E-03  0.14827676557632E-03  0.55258712463094E-04  0.55258712463094E-04  0.13483480202937E-05  0.13483480202937E-05  0.31254446437029E-07  0.31254446437029E-07  0.19356036000756E-04  0.19356036000756E-04  0.14698167627399E-03  0.14698167627399E-03  0.57617423806684E-03  0.57617423806684E-03  0.11522981152804E-03  0.57614905764022E-04  0.00000000000000E+00  0.00000000000000E+00  0.00000000000000E+00  0.00000000000000E+00  0.00000000000000E+00  0.00000000000000E+00  0.00000000000000E+00  0.79985052732472E-02  0.35653278825802E-01  0.57614905764022E-04  0.35653278825802E-01  0.79985052732472E-02  0.56260993094926E+02  0.43397896151553E+00  0.56260993094926E+02  0.43397896151553E+00  0.56260993094926E+02  0.43397896151553E+00  0.56260993094926E+02  0.43397896151553E+00  0.70646639705498E+00  0.23969422983521E-01  0.10115716599074E+01  0.57959393039836E-01  0.37835918973267E-08  0.10000000000000E-09  0.48409222266112E+00  0.51877271407328E+00

  0.69817674728763E+00  0.79262181652760E+00  0.20737818347240E+00 -0.62774385622042E+67  0.31353293030749E-02  0.10368481846376E-07  0.23478936934661E-02  0.12690548626959E-04  0.23506968148782E-02  0.86336349209363E-03  0.89416773746978E-03  0.63344751296912E-04  0.63352305329637E-04  0.10974625522674E-03  0.15270652743650E-03  0.53927044743293E-04  0.53927044743293E-04  0.14180488635466E-05  0.14180488635466E-05  0.34490961082461E-07  0.34490961082461E-07  0.20614380948278E-04  0.20614380948278E-04  0.15504268642802E-03  0.15504268642802E-03  0.56788941224383E-03  0.56788941224383E-03  0.11330493834611E-03  0.56652469173057E-04  0.00000000000000E+00  0.00000000000000E+00  0.00000000000000E+00  0.00000000000000E+00  0.00000000000000E+00  0.00000000000000E+00  0.00000000000000E+00  0.84371460455847E-02  0.35140509471999E-01  0.56652469173057E-04  0.35140509471999E-01  0.84371460455847E-02  0.56253845745097E+02  0.43392382918873E+00  0.56253845745097E+02  0.43392382918873E+00  0.56253845745097E+02  0.43392382918873E+00  0.56253845745097E+02  0.43392382918873E+00  0.69004025139664E+00  0.23412106690896E-01  0.10289410605571E+01  0.58954596799509E-01  0.37835918973267E-08  0.10000000000000E-09  0.48370946752086E+00  0.51677607618247E+00

  0.67913880185350E+00  0.79233784917272E+00  0.20766215082728E+00 -0.62774385622042E+67  0.31215473924596E-02  0.10262724533028E-07  0.23332258730002E-02  0.12739065929807E-04  0.23375502880774E-02  0.85568058178758E-03  0.88615821762268E-03  0.67321174740749E-04  0.67329425604600E-04  0.11273568271642E-03  0.15689198692104E-03  0.52553600629381E-04  0.52553600629381E-04  0.14877366130975E-05  0.14877366130975E-05  0.37936469982265E-07  0.37936469982265E-07  0.21914293897125E-04  0.21914293897125E-04  0.16332100277497E-03  0.16332100277497E-03  0.55940893702780E-03  0.55940893702780E-03  0.11150694833808E-03  0.55753474169038E-04  0.00000000000000E+00  0.00000000000000E+00  0.00000000000000E+00  0.00000000000000E+00  0.00000000000000E+00  0.00000000000000E+00  0.00000000000000E+00  0.88876090299444E-02  0.34615635094632E-01  0.55753474169038E-04  0.34615635094632E-01  0.88876090299444E-02  0.56250407889592E+02  0.43389731069200E+00  0.56250407889592E+02  0.43389731069200E+00  0.56250407889592E+02  0.43389731069200E+00  0.56250407889592E+02  0.43389731069200E+00  0.67483924497140E+00  0.22896357669711E-01  0.10429972623107E+01  0.59759966260099E-01  0.37835918973267E-08  0.10000000000000E-09  0.48344636557817E+00  0.51540783353745E+00

  0.66006711557192E+00  0.79206273020874E+00  0.20793726979126E+00 -0.62774385622042E+67  0.31075969860572E-02  0.10166984178778E-07  0.23184152145157E-02  0.12774778977661E-04  0.23241393190699E-02  0.84812158052168E-03  0.87826523066120E-03  0.71413756737146E-04  0.71422732974583E-04  0.11556204094086E-03  0.16082598394184E-03  0.51141595970485E-04  0.51141595970485E-04  0.15570660842368E-05  0.15570660842368E-05  0.41582129804005E-07  0.41582129804005E-07  0.23252913922848E-04  0.23252913922848E-04  0.17179612087557E-03  0.17179612087557E-03  0.55075235297089E-03  0.55075235297089E-03  0.10982016583957E-03  0.54910082919783E-04  0.00000000000000E+00  0.00000000000000E+00  0.00000000000000E+00  0.00000000000000E+00  0.00000000000000E+00  0.00000000000000E+00  0.00000000000000E+00  0.93487783245348E-02  0.34079865331486E-01  0.54910082919783E-04  0.34079865331486E-01  0.93487783245348E-02  0.56250223786551E+02  0.43389589058114E+00  0.56250223786551E+02  0.43389589058114E+00  0.56250223786551E+02  0.43389589058114E+00  0.56250223786551E+02  0.43389589058114E+00  0.66082578669690E+00  0.22420900506787E-01  0.10540499125970E+01  0.60393243097971E-01  0.37835918973267E-08  0.10000000000000E-09  0.48328996601410E+00  0.51459611619621E+00

  0.64097114848877E+00  0.79179695906999E+00  0.20820304093001E+00 -0.62774385622042E+67  0.30935123964451E-02  0.10079904131860E-07  0.23034790796570E-02  0.12799126039301E-04  0.23104901542125E-02  0.84070111198903E-03  0.87050564752690E-03  0.75612679303815E-04  0.75622406821706E-04  0.11822155097007E-03  0.16450430278393E-03  0.49694537976108E-04  0.49694537976108E-04  0.16256929890358E-05  0.16256929890358E-05  0.45416503266718E-07  0.45416503266718E-07  0.24627090525602E-04  0.24627090525602E-04  0.18044635782838E-03  0.18044635782838E-03  0.54193944748389E-03  0.54193944748389E-03  0.10822976338299E-03  0.54114881691496E-04  0.00000000000000E+00  0.00000000000000E+00  0.00000000000000E+00  0.00000000000000E+00  0.00000000000000E+00  0.00000000000000E+00  0.00000000000000E+00  0.98194739166768E-02  0.33534425031002E-01  0.54114881691496E-04  0.33534425031002E-01  0.98194739166768E-02  0.56252786218797E+02  0.43391565634824E+00  0.56252786218797E+02  0.43391565634824E+00  0.56252786218797E+02  0.43391565634824E+00  0.56252786218797E+02  0.43391565634824E+00  0.64794158767394E+00  0.21983757540791E-01  0.10624493324528E+01  0.60874499439983E-01  0.37835918973267E-08  0.10000000000000E-09  0.48322608687099E+00  0.51426493042246E+00

  0.62185911529244E+00  0.79154117699206E+00  0.20845882300794E+00 -0.62774385622042E+67  0.30793234636715E-02  0.10000196795521E-07  0.22884333185186E-02  0.12813569061844E-04  0.22966279588697E-02  0.83343070647459E-03  0.86289308121255E-03  0.79907485607551E-04  0.79917987416167E-04  0.12071193279271E-03  0.16792534090429E-03  0.48216142893852E-04  0.48216142893852E-04  0.16932802149276E-05  0.16932802149276E-05  0.49425859461495E-07  0.49425859461495E-07  0.26033459349595E-04  0.26033459349595E-04  0.18924956768530E-03  0.18924956768530E-03  0.53299032919390E-03  0.53299032919390E-03  0.10672179870261E-03  0.53360899351305E-04  0.00000000000000E+00  0.00000000000000E+00  0.00000000000000E+00  0.00000000000000E+00  0.00000000000000E+00  0.00000000000000E+00  0.00000000000000E+00  0.10298490613424E-01  0.32980558852953E-01  0.53360899351305E-04  0.32980558852953E-01  0.10298490613424E-01  0.56257541857871E+02  0.43395233979786E+00  0.56257541857871E+02  0.43395233979786E+00  0.56257541857871E+02  0.43395233979786E+00  0.56257541857871E+02  0.43395233979786E+00  0.63611109581222E+00  0.21582365394299E-01  0.10685806243091E+01  0.61225800260902E-01  0.37835918973267E-08  0.10000000000000E-09  0.48323949474695E+00  0.51433442772334E+00

  0.60273788165031E+00  0.79129560624761E+00  0.20870439375239E+00 -0.62774385622042E+67  0.30650554918620E-02  0.99266483457190E-08  0.22732920834901E-02  0.12819561000581E-04  0.22825764228311E-02  0.82631900250976E-03  0.85543806830027E-03  0.84287303949137E-04  0.84298599954498E-04  0.12303221160166E-03  0.17108973790994E-03  0.46710257760119E-04  0.46710257760119E-04  0.17595029927648E-05  0.17595029927648E-05  0.53594525093878E-07  0.53594525093878E-07  0.27468514890645E-04  0.27468514890645E-04  0.19818367140664E-03  0.19818367140664E-03  0.52392495491377E-03  0.52392495491377E-03  0.10528325796446E-03  0.52641628982230E-04  0.00000000000000E+00  0.00000000000000E+00  0.00000000000000E+00  0.00000000000000E+00  0.00000000000000E+00  0.00000000000000E+00  0.00000000000000E+00  0.10784626879070E-01  0.32419501999194E-01  0.52641628982230E-04  0.32419501999194E-01  0.10784626879070E-01  0.56263907743282E+02  0.43400144416284E+00  0.56263907743282E+02  0.43400144416284E+00  0.56263907743282E+02  0.43400144416284E+00  0.56263907743282E+02  0.43400144416284E+00  0.62524572763613E+00  0.21213718553106E-01  0.10728509341720E+01  0.61470473552528E-01  0.37835918973267E-08  0.10000000000000E-09  0.48331436393151E+00  0.51472266217483E+00

  0.58361288959911E+00  0.79106007723297E+00  0.20893992276703E+00 -0.62774385622042E+67  0.30507292611696E-02  0.98581212721769E-08  0.22580676748887E-02  0.12818519489886E-04  0.22683574214035E-02  0.81937197424572E-03  0.84814828482241E-03  0.88741053470736E-04  0.88753160319719E-04  0.12518252093939E-03  0.17400000085640E-03  0.45180789046456E-04  0.45180789046456E-04  0.18240528477129E-05  0.18240528477129E-05  0.57905263213406E-07  0.57905263213406E-07  0.28928677499607E-04  0.28928677499607E-04  0.20722712672459E-03  0.20722712672459E-03  0.51476271152098E-03  0.51476271152098E-03  0.10390207198675E-03  0.51951035993373E-04  0.00000000000000E+00  0.00000000000000E+00  0.00000000000000E+00  0.00000000000000E+00  0.00000000000000E+00  0.00000000000000E+00  0.00000000000000E+00  0.11276710401961E-01  0.31852454343599E-01  0.51951035993373E-04  0.31852454343599E-01  0.11276710401961E-01  0.56271288052174E+02  0.43405837345989E+00  0.56271288052174E+02  0.43405837345989E+00  0.56271288052174E+02  0.43405837345989E+00  0.56271288052174E+02  0.43405837345989E+00  0.61524773881168E+00  0.20874500687801E-01  0.10756750845227E+01  0.61632287140889E-01  0.37835918973267E-08  0.10000000000000E-09  0.48343483891143E+00  0.51534796849087E+00

  0.56448814262053E+00  0.79083406175039E+00  0.20916593824961E+00 -0.62774385622042E+67  0.30363611009094E-02  0.97935533000847E-08  0.22427703946149E-02  0.12811809011995E-04  0.22539907299721E-02  0.81259316640473E-03  0.84102877878288E-03  0.93257629264599E-04  0.93270560240941E-04  0.12716391437568E-03  0.17666015204019E-03  0.43631638962814E-04  0.43631638962814E-04  0.18866403616889E-05  0.18866403616889E-05  0.62339660871718E-07  0.62339660871718E-07  0.30410353910494E-04  0.30410353910494E-04  0.21635933644035E-03  0.21635933644035E-03  0.50552205611778E-03  0.50552205611778E-03  0.10256709130062E-03  0.51283545650312E-04  0.00000000000000E+00  0.00000000000000E+00  0.00000000000000E+00  0.00000000000000E+00  0.00000000000000E+00  0.00000000000000E+00  0.00000000000000E+00  0.11773620310482E-01  0.31280558169504E-01  0.51283545650312E-04  0.31280558169504E-01  0.11773620310482E-01  0.56279087530508E+02  0.43411853609340E+00  0.56279087530508E+02  0.43411853609340E+00  0.56279087530508E+02  0.43411853609340E+00  0.56279087530508E+02  0.43411853609340E+00  0.60601335360748E+00  0.20561190832053E-01  0.10774633208317E+01  0.61734746605892E-01  0.37835918973267E-08  0.10000000000000E-09  0.48358552666867E+00  0.51613110253279E+00

  0.54536623547125E+00  0.79061668984751E+00  0.20938331015249E+00 -0.62774385622042E+67  0.30219630010464E-02  0.97319504508060E-08  0.22274083608079E-02  0.12800734451220E-04  0.22394937727878E-02  0.80598391581636E-03  0.83408219918334E-03  0.97826072383514E-04  0.97839837353227E-04  0.12897819717131E-03  0.17907542646287E-03  0.42066647485699E-04  0.42066647485699E-04  0.19469968996491E-05  0.19469968996491E-05  0.66878515767505E-07  0.66878515767505E-07  0.31909993082381E-04  0.31909993082381E-04  0.22556101025861E-03  0.22556101025861E-03  0.49622020042012E-03  0.49622020042012E-03  0.10126799771655E-03  0.50633998858276E-04  0.00000000000000E+00  0.00000000000000E+00  0.00000000000000E+00  0.00000000000000E+00  0.00000000000000E+00  0.00000000000000E+00  0.00000000000000E+00  0.12274306860209E-01  0.30704878644771E-01  0.50633998858276E-04  0.30704878644771E-01  0.12274306860209E-01  0.56286715129809E+02  0.43417737290808E+00  0.56286715129809E+02  0.43417737290808E+00  0.56286715129809E+02  0.43417737290808E+00  0.56286715129809E+02  0.43417737290808E+00  0.59743424892777E+00  0.20270113733772E-01  0.10786151501365E+01  0.61800742254084E-01  0.37835918973267E-08  0.10000000000000E-09  0.48375177130405E+00  0.51699639487961E+00

  0.52624840490411E+00  0.79040675027607E+00  0.20959324972393E+00 -0.62774385622042E+67  0.30075427238744E-02  0.96723748861740E-08  0.22119872641436E-02  0.12786544992440E-04  0.22248813830699E-02  0.79954354547582E-03  0.82730900530186E-03  0.10243572775631E-03  0.10245033316082E-03  0.13062777961839E-03  0.18125202348639E-03  0.40489539045932E-04  0.40489539045932E-04  0.20048754011791E-05  0.20048754011791E-05  0.71502211397723E-07  0.71502211397723E-07  0.33424138329105E-04  0.33424138329105E-04  0.23481449030794E-03  0.23481449030794E-03  0.48687282885866E-03  0.48687282885866E-03  0.99995161326134E-04  0.49997580663067E-04  0.00000000000000E+00  0.00000000000000E+00  0.00000000000000E+00  0.00000000000000E+00  0.00000000000000E+00  0.00000000000000E+00  0.00000000000000E+00  0.12777809144510E-01  0.30126386383332E-01  0.49997580663067E-04  0.30126386383332E-01  0.12777809144510E-01  0.56293580873744E+02  0.43423033301879E+00  0.56293580873744E+02  0.43423033301879E+00  0.56293580873744E+02  0.43423033301879E+00  0.56293580873744E+02  0.43423033301879E+00  0.58939776587787E+00  0.19997447033240E-01  0.10795188499399E+01  0.61852520980376E-01  0.37835918973267E-08  0.10000000000000E-09  0.48391969916759E+00  0.51787184385830E+00

  0.50713458252731E+00  0.79020268678471E+00  0.20979731321529E+00 -0.62774385622042E+67  0.29931038797364E-02  0.96139307708957E-08  0.21965100865846E-02  0.12770443815790E-04  0.22101655628342E-02  0.79326952849675E-03  0.82070764919478E-03  0.10707638597536E-03  0.10709183486872E-03  0.13211554496014E-03  0.18319689569904E-03  0.38903875221211E-04  0.38903875221211E-04  0.20600502452172E-05  0.20600502452172E-05  0.76191064904904E-07  0.76191064904904E-07  0.34949474399964E-04  0.34949474399964E-04  0.24410403654153E-03  0.24410403654153E-03  0.47749385225451E-03  0.47749385225451E-03  0.98739478987882E-04  0.49369739493941E-04  0.00000000000000E+00  0.00000000000000E+00  0.00000000000000E+00  0.00000000000000E+00  0.00000000000000E+00  0.00000000000000E+00  0.00000000000000E+00  0.13283270621479E-01  0.29545942208112E-01  0.49369739493941E-04  0.29545942208112E-01  0.13283270621479E-01  0.56299093109203E+02  0.43427285260627E+00  0.56299093109203E+02  0.43427285260627E+00  0.56299093109203E+02  0.43427285260627E+00  0.56299093109203E+02  0.43427285260627E+00  0.58178679430227E+00  0.19739217345641E-01  0.10805529953880E+01  0.61911773769732E-01  0.37835918973267E-08  0.10000000000000E-09  0.48407615647835E+00  0.51868875820592E+00

  0.48802344796822E+00  0.79000262085464E+00  0.20999737914536E+00 -0.62774385622042E+67  0.29786459493192E-02  0.95557546007590E-08  0.21809768690744E-02  0.12753594837362E-04  0.21953552618161E-02  0.78715763683690E-03  0.81427473960424E-03  0.11173839107649E-03  0.11175468319794E-03  0.13344471569810E-03  0.18491753399069E-03  0.37313019485228E-04  0.37313019485228E-04  0.21123160676353E-05  0.21123160676353E-05  0.80925619316186E-07  0.80925619316186E-07  0.36482863610016E-04  0.36482863610016E-04  0.25341604052009E-03  0.25341604052009E-03  0.46809522409966E-03  0.46809522409966E-03  0.97492263076901E-04  0.48746131538451E-04  0.00000000000000E+00  0.00000000000000E+00  0.00000000000000E+00  0.00000000000000E+00  0.00000000000000E+00  0.00000000000000E+00  0.00000000000000E+00  0.13789950743194E-01  0.28964285787706E-01  0.48746131538451E-04  0.28964285787706E-01  0.13789950743194E-01  0.56302668569125E+02  0.43430043253867E+00  0.56302668569125E+02  0.43430043253867E+00  0.56302668569125E+02  0.43430043253867E+00  0.56302668569125E+02  0.43430043253867E+00  0.57448103231041E+00  0.19491342995026E-01  0.10820833657978E+01  0.61999458452480E-01  0.37835918973267E-08  0.10000000000000E-09  0.48420876621381E+00  0.51938211287693E+00

  0.46891250653467E+00  0.78980445619410E+00  0.21019554380590E+00 -0.62774385622042E+67  0.29641642742719E-02  0.94970205539005E-08  0.21653847125911E-02  0.12737112426269E-04  0.21804562496996E-02  0.78120211417457E-03  0.80800521728419E-03  0.11641267519106E-03  0.11642980705394E-03  0.13461869318469E-03  0.18642168126215E-03  0.35720127232720E-04  0.35720127232720E-04  0.21614852937648E-05  0.21614852937648E-05  0.85686832057325E-07  0.85686832057325E-07  0.38021358090540E-04  0.38021358090540E-04  0.26273909287024E-03  0.26273909287024E-03  0.45868688579849E-03  0.45868688579849E-03  0.96245290115779E-04  0.48122645057889E-04  0.00000000000000E+00  0.00000000000000E+00  0.00000000000000E+00  0.00000000000000E+00  0.00000000000000E+00  0.00000000000000E+00  0.00000000000000E+00  0.14297228622210E-01  0.28382032252776E-01  0.48122645057889E-04  0.28382032252776E-01  0.14297228622210E-01  0.56303772903875E+02  0.43430895101695E+00  0.56303772903875E+02  0.43430895101695E+00  0.56303772903875E+02  0.43430895101695E+00  0.56303772903875E+02  0.43430895101695E+00  0.56736220597272E+00  0.19249811111352E-01  0.10844460930832E+01  0.62134834170096E-01  0.37835918973267E-08  0.10000000000000E-09  0.48430640390159E+00  0.51989317647542E+00

  0.44979824484545E+00  0.78960613297995E+00  0.21039386702005E+00 -0.62774385622042E+67  0.29496501009371E-02  0.94369734923994E-08  0.21497282838188E-02  0.12722017235201E-04  0.21654712212823E-02  0.77539593502108E-03  0.80189259394887E-03  0.12109066230155E-03  0.12110862726551E-03  0.13564084461781E-03  0.18771689767577E-03  0.34128180493112E-04  0.34128180493112E-04  0.22073841929650E-05  0.22073841929650E-05  0.90456095821242E-07  0.90456095821242E-07  0.39562169009588E-04  0.39562169009588E-04  0.27206379026602E-03  0.27206379026602E-03  0.44927694363386E-03  0.44927694363386E-03  0.94991136793506E-04  0.47495568396753E-04  0.00000000000000E+00  0.00000000000000E+00  0.00000000000000E+00  0.00000000000000E+00  0.00000000000000E+00  0.00000000000000E+00  0.00000000000000E+00  0.14804592524055E-01  0.27799683151195E-01  0.47495568396753E-04  0.27799683151195E-01  0.14804592524055E-01  0.56302007649778E+02  0.43429533442226E+00  0.56302007649778E+02  0.43429533442226E+00  0.56302007649778E+02  0.43429533442226E+00  0.56302007649778E+02  0.43429533442226E+00  0.56032591798766E+00  0.19011079639267E-01  0.10879086453925E+01  0.62333225878931E-01  0.37835918973267E-08  0.10000000000000E-09  0.48436036025951E+00  0.52017580398435E+00

  0.43067643192722E+00  0.78940603714639E+00  0.21059396285361E+00 -0.62774385622042E+67  0.29350908337330E-02  0.93749922872706E-08  0.21340010063535E-02  0.12709153922707E-04  0.21504002863257E-02  0.76973119987484E-03  0.79592930492792E-03  0.12576400166139E-03  0.12578278994636E-03  0.13651424060961E-03  0.18880996892806E-03  0.32540080291664E-04  0.32540080291664E-04  0.22498477622569E-05  0.22498477622569E-05  0.95215052578348E-07  0.95215052578348E-07  0.41102579539856E-04  0.41102579539856E-04  0.28138220148593E-03  0.28138220148593E-03  0.43987215233165E-03  0.43987215233165E-03  0.93723823712904E-04  0.46861911856452E-04  0.00000000000000E+00  0.00000000000000E+00  0.00000000000000E+00  0.00000000000000E+00  0.00000000000000E+00  0.00000000000000E+00  0.00000000000000E+00  0.15311610809048E-01  0.27217656375434E-01  0.46861911856452E-04  0.27217656375434E-01  0.15311610809048E-01  0.56297233411021E+02  0.43425850750074E+00  0.56297233411021E+02  0.43425850750074E+00  0.56297233411021E+02  0.43425850750074E+00  0.56297233411021E+02  0.43425850750074E+00  0.55329934364484E+00  0.18772677737561E-01  0.10926115157688E+01  0.62602683321599E-01  0.37835918973267E-08  0.10000000000000E-09  0.48436613164011E+00  0.52020604353755E+00

  0.41154259676220E+00  0.78920338614057E+00  0.21079661385943E+00 -0.62774385622042E+67  0.29204706703513E-02  0.93106566384192E-08  0.21181966812396E-02  0.12699104870148E-04  0.21352418625549E-02  0.76419963241605E-03  0.79010716820166E-03  0.13042418100877E-03  0.13044377962395E-03  0.13724141577361E-03  0.18970633651027E-03  0.30958779060903E-04  0.30958779060903E-04  0.22887147297522E-05  0.22887147297522E-05  0.99945261095059E-07  0.99945261095059E-07  0.42639817814946E-04  0.42639817814946E-04  0.29068708986223E-03  0.29068708986223E-03  0.43047862388126E-03  0.43047862388126E-03  0.92439483943684E-04  0.46219741971842E-04  0.00000000000000E+00  0.00000000000000E+00  0.00000000000000E+00  0.00000000000000E+00  0.00000000000000E+00  0.00000000000000E+00  0.00000000000000E+00  0.15817889620258E-01  0.26636330029412E-01  0.46219741971842E-04  0.26636330029412E-01  0.15817889620258E-01  0.56289662297527E+02  0.43420010639915E+00  0.56289662297527E+02  0.43420010639915E+00  0.56289662297527E+02  0.43420010639915E+00  0.56289662297527E+02  0.43420010639915E+00  0.54625572774222E+00  0.18533697639418E-01  0.10985186612098E+01  0.62941141364590E-01  0.37835918973267E-08  0.10000000000000E-09  0.48432505479683E+00  0.51999085481547E+00

  0.39239261255280E+00  0.78899832578478E+00  0.21100167421522E+00 -0.62774385622042E+67  0.29057716725088E-02  0.92437716389973E-08  0.21023108852634E-02  0.12692159401212E-04  0.21199937916014E-02  0.75879305691281E-03  0.78441786892784E-03  0.13506215578175E-03  0.13508254838123E-03  0.13782426111206E-03  0.19040984454904E-03  0.29387406476580E-04  0.29387406476580E-04  0.23238244102482E-05  0.23238244102482E-05  0.10462787192343E-06  0.10462787192343E-06  0.44170934599861E-04  0.44170934599861E-04  0.29997115927037E-03  0.29997115927037E-03  0.42110252597066E-03  0.42110252597066E-03  0.91136590897686E-04  0.45568295448843E-04  0.00000000000000E+00  0.00000000000000E+00  0.00000000000000E+00  0.00000000000000E+00  0.00000000000000E+00  0.00000000000000E+00  0.00000000000000E+00  0.16323031855342E-01  0.26056085653956E-01  0.45568295448843E-04  0.26056085653956E-01  0.16323031855342E-01  0.56279836691693E+02  0.43412431487858E+00  0.56279836691693E+02  0.43412431487858E+00  0.56279836691693E+02  0.43412431487858E+00  0.56279836691693E+02  0.43412431487858E+00  0.53921403278577E+00  0.18294782716306E-01  0.11054166678032E+01  0.63336372163537E-01  0.37835918973267E-08  0.10000000000000E-09  0.48424453044159E+00  0.51956925777813E+00

  0.37322324749562E+00  0.78879142460658E+00  0.21120857539342E+00 -0.62774385622042E+67  0.28909754190636E-02  0.91743348181606E-08  0.20863420537661E-02  0.12688360913617E-04  0.21046547475198E-02  0.75350386104074E-03  0.77885349057751E-03  0.13966801457668E-03  0.13968918126683E-03  0.13826407961587E-03  0.19092290848550E-03  0.27829381594416E-04  0.27829381594416E-04  0.23550159497364E-05  0.23550159497364E-05  0.10924334979108E-06  0.10924334979108E-06  0.45692692220750E-04  0.45692692220750E-04  0.30922633774187E-03  0.30922633774187E-03  0.41175074970808E-03  0.41175074970808E-03  0.89815616445507E-04  0.44907808222753E-04  0.00000000000000E+00  0.00000000000000E+00  0.00000000000000E+00  0.00000000000000E+00  0.00000000000000E+00  0.00000000000000E+00  0.00000000000000E+00  0.16826598189552E-01  0.25477349553488E-01  0.44907808222753E-04  0.25477349553488E-01  0.16826598189552E-01  0.56268438528540E+02  0.43403639316342E+00  0.56268438528540E+02  0.43403639316342E+00  0.56268438528540E+02  0.43403639316342E+00  0.56268438528540E+02  0.43403639316342E+00  0.53221363051997E+00  0.18057268796801E-01  0.11129759603222E+01  0.63769492251395E-01  0.37835918973267E-08  0.99999999999999E-10  0.48413684598838E+00  0.51900596648555E+00

  0.35403387203159E+00  0.78859167901143E+00  0.21140832098857E+00 -0.62774385622042E+67  0.28760647129591E-02  0.91034580723146E-08  0.20703066120556E-02  0.12686260381980E-04  0.20892298635115E-02  0.74832785282923E-03  0.77340854484223E-03  0.14422827393776E-03  0.14425019040279E-03  0.13855990341818E-03  0.19124119324015E-03  0.26289323553166E-04  0.26289323553166E-04  0.23821166421221E-05  0.23821166421221E-05  0.11376888182869E-06  0.11376888182869E-06  0.47200668406998E-04  0.47200668406998E-04  0.31843793146075E-03  0.31843793146075E-03  0.40243608521168E-03  0.40243608521168E-03  0.88488241116312E-04  0.44244120558156E-04  0.00000000000000E+00  0.00000000000000E+00  0.00000000000000E+00  0.00000000000000E+00  0.00000000000000E+00  0.00000000000000E+00  0.00000000000000E+00  0.17327788973048E-01  0.24900913047164E-01  0.44244120558156E-04  0.24900913047164E-01  0.17327788973048E-01  0.56258700358999E+02  0.43396127609795E+00  0.56258700358999E+02  0.43396127609795E+00  0.56258700358999E+02  0.43396127609795E+00  0.56258700358999E+02  0.43396127609795E+00  0.52565150841848E+00  0.17834625114137E-01  0.11197633778467E+01  0.64158386697164E-01  0.37835918973267E-08  0.10000000000000E-09  0.48404571229081E+00  0.51852970358210E+00

  0.33482875183226E+00  0.78840629777994E+00  0.21159370222006E+00 -0.62774385622042E+67  0.28610287243609E-02  0.90323246105282E-08  0.20542281908377E-02  0.12684311739054E-04  0.20737307058839E-02  0.74326299884769E-03  0.76807976743952E-03  0.14872757584443E-03  0.14875021304464E-03  0.13871073414726E-03  0.19136003268033E-03  0.24772470164909E-04  0.24772470164909E-04  0.24049639838049E-05  0.24049639838049E-05  0.11818027231699E-06  0.11818027231699E-06  0.48689813581895E-04  0.48689813581895E-04  0.32758799991084E-03  0.32758799991084E-03  0.39317448453223E-03  0.39317448453223E-03  0.87166794651825E-04  0.43583397325913E-04  0.00000000000000E+00  0.00000000000000E+00  0.00000000000000E+00  0.00000000000000E+00  0.00000000000000E+00  0.00000000000000E+00  0.00000000000000E+00  0.17825627917017E-01  0.24327763133076E-01  0.43583397325913E-04  0.24327763133076E-01  0.17825627917017E-01  0.56253371107655E+02  0.43392016799022E+00  0.56253371107655E+02  0.43392016799022E+00  0.56253371107655E+02  0.43392016799022E+00  0.56253371107655E+02  0.43392016799022E+00  0.51983564574021E+00  0.17637300976525E-01  0.11243231446387E+01  0.64419644822648E-01  0.37835918973267E-08  0.10000000000000E-09  0.48402288641063E+00  0.51841048087281E+00

  0.31561531084258E+00  0.78823090786819E+00  0.21176909213181E+00 -0.62774385622042E+67  0.28458623222358E-02  0.89607108769614E-08  0.20381151677990E-02  0.12682893028782E-04  0.20581681463486E-02  0.73830534932104E-03  0.76286340424619E-03  0.15315271861388E-03  0.15317604359664E-03  0.13871839279195E-03  0.19128326100222E-03  0.23283316582757E-04  0.23283316582757E-04  0.24234294375000E-05  0.24234294375000E-05  0.12245601007944E-06  0.12245601007944E-06  0.50155783961131E-04  0.50155783961131E-04  0.33666375338187E-03  0.33666375338187E-03  0.38397768394465E-03  0.38397768394465E-03  0.85849626620876E-04  0.42924813310438E-04  0.00000000000000E+00  0.00000000000000E+00  0.00000000000000E+00  0.00000000000000E+00  0.00000000000000E+00  0.00000000000000E+00  0.00000000000000E+00  0.18319419044722E-01  0.23758625980835E-01  0.42924813310438E-04  0.23758625980835E-01  0.18319419044722E-01  0.56251553985492E+02  0.43390615130221E+00  0.56251553985492E+02  0.43390615130221E+00  0.56251553985492E+02  0.43390615130221E+00  0.56251553985492E+02  0.43390615130221E+00  0.51457542658057E+00  0.17458829051252E-01  0.11267548101375E+01  0.64558970450256E-01  0.37835918973267E-08  0.10000000000000E-09  0.48407604939632E+00  0.51868819867854E+00

  0.29640079895467E+00  0.78806502822849E+00  0.21193497177151E+00 -0.62774385622042E+67  0.28305596980319E-02  0.88883846278849E-08  0.20219749388939E-02  0.12682400487157E-04  0.20425522261198E-02  0.73345048510560E-03  0.75775521808052E-03  0.15749091211359E-03  0.15751488820829E-03  0.13858493064747E-03  0.19101506170109E-03  0.21826205623551E-04  0.21826205623551E-04  0.24374065907455E-05  0.24374065907455E-05  0.12657555452521E-06  0.12657555452521E-06  0.51594364959844E-04  0.51594364959844E-04  0.34565351777295E-03  0.34565351777295E-03  0.37485642818251E-03  0.37485642818251E-03  0.84535015202739E-04  0.42267507601369E-04  0.00000000000000E+00  0.00000000000000E+00  0.00000000000000E+00  0.00000000000000E+00  0.00000000000000E+00  0.00000000000000E+00  0.00000000000000E+00  0.18808527089767E-01  0.23194166396885E-01  0.42267507601369E-04  0.23194166396885E-01  0.18808527089767E-01  0.56252976236740E+02  0.43391712208469E+00  0.56252976236740E+02  0.43391712208469E+00  0.56252976236740E+02  0.43391712208469E+00  0.56252976236740E+02  0.43391712208469E+00  0.50982454638827E+00  0.17297638289245E-01  0.11272433143291E+01  0.64586959971480E-01  0.37835918973267E-08  0.10000000000000E-09  0.48419827985459E+00  0.51932725260324E+00

  0.27719153098034E+00  0.78790828121388E+00  0.21209171878612E+00 -0.62774385622042E+67  0.28151144702218E-02  0.88151634770423E-08  0.20058147120422E-02  0.12683167551366E-04  0.20268923390980E-02  0.72869368969980E-03  0.75275060678715E-03  0.16172976042673E-03  0.16175434744392E-03  0.13831253252964E-03  0.19055962715727E-03  0.20405333028307E-04  0.20405333028307E-04  0.24468119272897E-05  0.24468119272897E-05  0.13051934348082E-06  0.13051934348082E-06  0.53001465154684E-04  0.53001465154684E-04  0.35454641812162E-03  0.35454641812162E-03  0.36582069547289E-03  0.36582069547289E-03  0.83221737247073E-04  0.41610868623536E-04  0.00000000000000E+00  0.00000000000000E+00  0.00000000000000E+00  0.00000000000000E+00  0.00000000000000E+00  0.00000000000000E+00  0.00000000000000E+00  0.19292360274858E-01  0.22635001750241E-01  0.41610868623536E-04  0.22635001750241E-01  0.19292360274858E-01  0.56257113628590E+02  0.43394903657678E+00  0.56257113628590E+02  0.43394903657678E+00  0.56257113628590E+02  0.43394903657678E+00  0.56257113628590E+02  0.43394903657678E+00  0.50553482863051E+00  0.17152094127706E-01  0.11261102557147E+01  0.64522039815871E-01  0.37835918973267E-08  0.10000000000000E-09  0.48437682967965E+00  0.52026210107372E+00

  0.25799245919650E+00  0.78776044069538E+00  0.21223955930462E+00 -0.62774385622042E+67  0.27995200845602E-02  0.87409305666145E-08  0.19896419293975E-02  0.12685442176531E-04  0.20111974912724E-02  0.72403009249914E-03  0.74784473753088E-03  0.16585730288872E-03  0.16588245734500E-03  0.13790351582873E-03  0.18992109314028E-03  0.19024732616320E-04  0.19024732616320E-04  0.24515865338389E-05  0.24515865338389E-05  0.13426885082886E-06  0.13426885082886E-06  0.54373129361198E-04  0.54373129361198E-04  0.36333215300945E-03  0.36333215300945E-03  0.35687986738948E-03  0.35687986738948E-03  0.81909210370596E-04  0.40954605185298E-04  0.00000000000000E+00  0.00000000000000E+00  0.00000000000000E+00  0.00000000000000E+00  0.00000000000000E+00  0.00000000000000E+00  0.00000000000000E+00  0.19770358037299E-01  0.22081712485012E-01  0.40954605185298E-04  0.22081712485012E-01  0.19770358037299E-01  0.56263275176822E+02  0.43399656475138E+00  0.56263275176822E+02  0.43399656475138E+00  0.56263275176822E+02  0.43399656475138E+00  0.56263275176822E+02  0.43399656475138E+00  0.50166024734903E+00  0.17020634969835E-01  0.11237550941482E+01  0.64387097586561E-01  0.37835918973267E-08  0.10000000000000E-09  0.48459570289224E+00  0.52141025090853E+00

  0.23880705779201E+00  0.78762109403606E+00  0.21237890596394E+00 -0.62774385622042E+67  0.27837702260595E-02  0.86655818692627E-08  0.19734637064491E-02  0.12689460203941E-04  0.19954762895249E-02  0.71945464451145E-03  0.74303257839016E-03  0.16986221823687E-03  0.16988789365138E-03  0.13736045343084E-03  0.18910387858032E-03  0.17688206607094E-04  0.17688206607094E-04  0.24516983970223E-05  0.24516983970223E-05  0.13780678577990E-06  0.13780678577990E-06  0.55705605795262E-04  0.55705605795262E-04  0.37200111291985E-03  0.37200111291985E-03  0.34804262150176E-03  0.34804262150176E-03  0.80596974484788E-04  0.40298487242394E-04  0.00000000000000E+00  0.00000000000000E+00  0.00000000000000E+00  0.00000000000000E+00  0.00000000000000E+00  0.00000000000000E+00  0.00000000000000E+00  0.20241997470838E-01  0.21534835480690E-01  0.40298487242394E-04  0.21534835480690E-01  0.20241997470838E-01  0.56270709210454E+02  0.43405390846357E+00  0.56270709210454E+02  0.43405390846357E+00  0.56270709210454E+02  0.43405390846357E+00  0.56270709210454E+02  0.43405390846357E+00  0.49815043171704E+00  0.16901551803492E-01  0.11205765131589E+01  0.64204976406054E-01  0.37835918973267E-08  0.99999999999995E-10  0.48483956352691E+00  0.52269230781040E+00

  0.21963755359788E+00  0.78749004509015E+00  0.21250995490985E+00 -0.62774385622042E+67  0.27678590147851E-02  0.85890368830605E-08  0.19572869676693E-02  0.12695429916820E-04  0.19797369718900E-02  0.71496217191500E-03  0.73830894275476E-03  0.17373394926668E-03  0.17376009649806E-03  0.13668619152589E-03  0.18811266595430E-03  0.16399282609739E-04  0.16399282609739E-04  0.24471445072872E-05  0.24471445072872E-05  0.14111720790071E-06  0.14111720790071E-06  0.56995386852291E-04  0.56995386852291E-04  0.38054431208521E-03  0.38054431208521E-03  0.33931700525090E-03  0.33931700525090E-03  0.79284788221131E-04  0.39642394110565E-04  0.00000000000000E+00  0.00000000000000E+00  0.00000000000000E+00  0.00000000000000E+00  0.00000000000000E+00  0.00000000000000E+00  0.00000000000000E+00  0.20706789617882E-01  0.20994868624447E-01  0.39642394110565E-04  0.20994868624447E-01  0.20706789617882E-01  0.56278862167534E+02  0.43411679771691E+00  0.56278862167534E+02  0.43411679771691E+00  0.56278862167534E+02  0.43411679771691E+00  0.56278862167534E+02  0.43411679771691E+00  0.49497057648161E+00  0.16793663734815E-01  0.11168592216016E+01  0.63991989060754E-01  0.37835918973267E-08  0.10000000000000E-09  0.48509754968756E+00  0.52405188175000E+00

  0.20048531564858E+00  0.78736692132339E+00  0.21263307867661E+00 -0.62774385622042E+67  0.27517811779246E-02  0.85111972773661E-08  0.19411178292932E-02  0.12703591172218E-04  0.19639872251973E-02  0.71054730583810E-03  0.73366846007503E-03  0.17746293312766E-03  0.17748950078005E-03  0.13588394723475E-03  0.18695267197221E-03  0.15161135509343E-04  0.15161135509343E-04  0.24379527365315E-05  0.24379527365315E-05  0.14418572563397E-06  0.14418572563397E-06  0.58239285121713E-04  0.58239285121713E-04  0.38895357080267E-03  0.38895357080267E-03  0.33071030371369E-03  0.33071030371369E-03  0.77972230613528E-04  0.38986115306764E-04  0.00000000000000E+00  0.00000000000000E+00  0.00000000000000E+00  0.00000000000000E+00  0.00000000000000E+00  0.00000000000000E+00  0.00000000000000E+00  0.21164289390646E-01  0.20462262630167E-01  0.38986115306764E-04  0.20462262630167E-01  0.21164289390646E-01  0.56287312572771E+02  0.43418198138833E+00  0.56287312572771E+02  0.43418198138833E+00  0.56287312572771E+02  0.43418198138833E+00  0.56287312572771E+02  0.43418198138833E+00  0.49208650036386E+00  0.16695811040514E-01  0.11128070586018E+01  0.63759814794437E-01  0.37835918973267E-08  0.10000000000000E-09  0.48536239297676E+00  0.52545108177401E+00

  0.18135115676627E+00  0.78725165684957E+00  0.21274834315043E+00 -0.62774385622042E+67  0.27355320910826E-02  0.84319898431726E-08  0.19249620589015E-02  0.12714153504079E-04  0.19482342034773E-02  0.70620456660580E-03  0.72910561695903E-03  0.18104068306762E-03  0.18106761791468E-03  0.13495726808673E-03  0.18562943597492E-03  0.13976559029124E-04  0.13976559029124E-04  0.24241835765591E-05  0.24241835765591E-05  0.14699956262314E-06  0.14699956262314E-06  0.59434460011856E-04  0.59434460011856E-04  0.39722135126533E-03  0.39722135126533E-03  0.32222920000345E-03  0.32222920000345E-03  0.76659103099243E-04  0.38329551549622E-04  0.00000000000000E+00  0.00000000000000E+00  0.00000000000000E+00  0.00000000000000E+00  0.00000000000000E+00  0.00000000000000E+00  0.00000000000000E+00  0.21614086638184E-01  0.19937430963429E-01  0.38329551549622E-04  0.19937430963429E-01  0.21614086638184E-01  0.56295839820655E+02  0.43424775779891E+00  0.56295839820655E+02  0.43424775779891E+00  0.56295839820655E+02  0.43424775779891E+00  0.56295839820655E+02  0.43424775779891E+00  0.48948037873849E+00  0.16607388955833E-01  0.11085340828276E+01  0.63514988755749E-01  0.37835918973267E-08  0.10000000000000E-09  0.48562986468953E+00  0.52686776532168E+00

  0.16223556151675E+00  0.78714419247100E+00  0.21285580752900E+00 -0.62774385622042E+67  0.27191075073810E-02  0.83513471696756E-08  0.19088244813646E-02  0.12727321573873E-04  0.19324841265095E-02  0.70192825036177E-03  0.72461465732157E-03  0.18445994766204E-03  0.18448719510660E-03  0.13391004608573E-03  0.18414889499425E-03  0.12847911719978E-04  0.12847911719978E-04  0.24059314476277E-05  0.24059314476277E-05  0.14954769156896E-06  0.14954769156896E-06  0.60578470302091E-04  0.60578470302091E-04  0.40534079686422E-03  0.40534079686422E-03  0.31387975693135E-03  0.31387975693135E-03  0.75345230494854E-04  0.37672615247427E-04  0.00000000000000E+00  0.00000000000000E+00  0.00000000000000E+00  0.00000000000000E+00  0.00000000000000E+00  0.00000000000000E+00  0.00000000000000E+00  0.22055808283484E-01  0.19420748705669E-01  0.37672615247427E-04  0.19420748705669E-01  0.22055808283484E-01  0.56304300111945E+02  0.43431301772813E+00  0.56304300111945E+02  0.43431301772813E+00  0.56304300111945E+02  0.43431301772813E+00  0.56304300111945E+02  0.43431301772813E+00  0.48713770872264E+00  0.16527905418110E-01  0.11041160880064E+01  0.63261853650806E-01  0.37835918973267E-08  0.10000000000000E-09  0.48589722340292E+00  0.52828747254954E+00

  0.14313876510854E+00  0.78704428804110E+00  0.21295571195890E+00 -0.62774385622042E+67  0.27024987904651E-02  0.82690858235976E-08  0.18927039248606E-02  0.12743453882255E-04  0.19167383448035E-02  0.69771109903720E-03  0.72018830589445E-03  0.18771490245270E-03  0.18774240696467E-03  0.13274623020011E-03  0.18251734802280E-03  0.11777053011449E-04  0.11777053011449E-04  0.23833247322062E-05  0.23833247322062E-05  0.15182097875635E-06  0.15182097875635E-06  0.61669337894461E-04  0.61669337894461E-04  0.41330592205877E-03  0.41330592205877E-03  0.30566726584519E-03  0.30566726584519E-03  0.74029218938993E-04  0.37014609469497E-04  0.00000000000000E+00  0.00000000000000E+00  0.00000000000000E+00  0.00000000000000E+00  0.00000000000000E+00  0.00000000000000E+00  0.00000000000000E+00  0.22489128629895E-01  0.18912543180894E-01  0.37014609469497E-04  0.18912543180894E-01  0.22489128629895E-01  0.56312545908329E+02  0.43437662311358E+00  0.56312545908329E+02  0.43437662311358E+00  0.56312545908329E+02  0.43437662311358E+00  0.56312545908329E+02  0.43437662311358E+00  0.48503952159425E+00  0.16456716844968E-01  0.10996290726204E+01  0.63004763917428E-01  0.37835918973267E-08  0.99999999999997E-10  0.48616189632403E+00  0.52969649429580E+00

  0.12406091169769E+00  0.78695143406316E+00  0.21304856593684E+00 -0.62774385622042E+67  0.26856497604423E-02  0.81826695004479E-08  0.18765351561216E-02  0.12766270004197E-04  0.19009571279948E-02  0.69353052404795E-03  0.71580569797212E-03  0.19080155275670E-03  0.19082925805132E-03  0.13146812551186E-03  0.18074654831584E-03  0.10765212037588E-04  0.10765212037588E-04  0.23565211359558E-05  0.23565211359558E-05  0.15381239791921E-06  0.15381239791921E-06  0.62705683372880E-04  0.62705683372880E-04  0.42111265833153E-03  0.42111265833153E-03  0.29759551574510E-03  0.29759551574510E-03  0.72687146309247E-04  0.36343573154623E-04  0.00000000000000E+00  0.00000000000000E+00  0.00000000000000E+00  0.00000000000000E+00  0.00000000000000E+00  0.00000000000000E+00  0.00000000000000E+00  0.22913826043705E-01  0.18413048554116E-01  0.36343573154623E-04  0.18413048554116E-01  0.22913826043705E-01  0.56320550851344E+02  0.43443837063468E+00  0.56320550851344E+02  0.43443837063468E+00  0.56320550851344E+02  0.43443837063468E+00  0.56320550851344E+02  0.43443837063468E+00  0.48316928608322E+00  0.16393262353388E-01  0.10950708773733E+01  0.62743595835780E-01  0.37835918973267E-08  0.99999999999996E-10  0.48642477137617E+00  0.53109947621338E+00

  0.10500180569411E+00  0.78685221332982E+00  0.21314778667018E+00 -0.62774385622042E+67  0.26682392787850E-02  0.80334120915683E-08  0.18593773853156E-02  0.12886034336031E-04  0.18848025187073E-02  0.68920828415668E-03  0.71134633035354E-03  0.19372091412387E-03  0.19374877063061E-03  0.13010740936628E-03  0.17908994774536E-03  0.98119522806676E-05  0.98119522806676E-05  0.23256658950459E-05  0.23256658950459E-05  0.15551864233340E-06  0.15551864233340E-06  0.63687801222569E-04  0.63687801222569E-04  0.42877055933674E-03  0.42877055933674E-03  0.28966045788175E-03  0.28966045788175E-03  0.70784881814142E-04  0.35392440907071E-04  0.00000000000000E+00  0.00000000000000E+00  0.00000000000000E+00  0.00000000000000E+00  0.00000000000000E+00  0.00000000000000E+00  0.00000000000000E+00  0.23330418666498E-01  0.17922012975426E-01  0.35392440907071E-04  0.17922012975426E-01  0.23330418666498E-01  0.56328300030415E+02  0.43449814527606E+00  0.56328300030415E+02  0.43449814527606E+00  0.56328300030415E+02  0.43449814527606E+00  0.56328300030415E+02  0.43449814527606E+00  0.48109942529719E+00  0.16323034853674E-01  0.10896617286394E+01  0.62433671200771E-01  0.25372049305843E-02  0.67058102444320E-04  0.48667809086705E+00  0.53245479776194E+00

  0.85961412743254E-01  0.78673455509449E+00  0.21326544490551E+00 -0.62774385622042E+67  0.26503207221508E-02  0.79142141434654E-08  0.18423952864258E-02  0.12960339355819E-04  0.18684777669237E-02  0.68490464669886E-03  0.70687323487595E-03  0.19647469943041E-03  0.19650264097477E-03  0.12858739448632E-03  0.17710627559951E-03  0.89166043929761E-05  0.89166043929761E-05  0.22909162091494E-05  0.22909162091494E-05  0.15693689314277E-06  0.15693689314277E-06  0.64616206239729E-04  0.64616206239729E-04  0.43628259462640E-03  0.43628259462640E-03  0.28185266333205E-03  0.28185266333205E-03  0.69164710043873E-04  0.34582355021936E-04  0.00000000000000E+00  0.00000000000000E+00  0.00000000000000E+00  0.00000000000000E+00  0.00000000000000E+00  0.00000000000000E+00  0.00000000000000E+00  0.23739068305532E-01  0.17438853359335E-01  0.34582355021936E-04  0.17438853359335E-01  0.23739068305532E-01  0.56335888386169E+02  0.43455667937880E+00  0.56335888386169E+02  0.43455667937880E+00  0.56335888386169E+02  0.43455667937880E+00  0.56335888386169E+02  0.43455667937880E+00  0.47877852325985E+00  0.16244289873209E-01  0.10834097815134E+01  0.62075457269812E-01  0.66280850474400E-02  0.17517970297280E-03  0.48694839407518E+00  0.53390460909430E+00

  0.66940581700445E-01  0.78661443531999E+00  0.21338556468001E+00 -0.62774385622042E+67  0.26320554169699E-02  0.78050786347958E-08  0.18254633128039E-02  0.13019820026096E-04  0.18520680264175E-02  0.68061847274360E-03  0.70240805444746E-03  0.19906301841134E-03  0.19909098642569E-03  0.12694670894851E-03  0.17492187474116E-03  0.80789877407235E-05  0.80789877407235E-05  0.22524857519778E-05  0.22524857519778E-05  0.15806430508311E-06  0.15806430508311E-06  0.65490868213851E-04  0.65490868213851E-04  0.44364882588691E-03  0.44364882588691E-03  0.27417355208758E-03  0.27417355208758E-03  0.67647810942520E-04  0.33823905471260E-04  0.00000000000000E+00  0.00000000000000E+00  0.00000000000000E+00  0.00000000000000E+00  0.00000000000000E+00  0.00000000000000E+00  0.00000000000000E+00  0.24139779168830E-01  0.16963658265749E-01  0.33823905471260E-04  0.16963658265749E-01  0.24139779168830E-01  0.56343405219265E+02  0.43461466177905E+00  0.56343405219265E+02  0.43461466177905E+00  0.56343405219265E+02  0.43461466177905E+00  0.56343405219265E+02  0.43461466177905E+00  0.47640503065581E+00  0.16163760567907E-01  0.10767436636195E+01  0.61693512853628E-01  0.10812812559416E-01  0.28578168187368E-03  0.48724228341754E+00  0.53548518357098E+00

  0.47940694664974E-01  0.78649355610696E+00  0.21350644389304E+00 -0.62774385622042E+67  0.26135728488004E-02  0.76984830667394E-08  0.18085884457912E-02  0.13076904204482E-04  0.18356640288237E-02  0.67635953216586E-03  0.69797030828577E-03  0.20148044477551E-03  0.20150838532459E-03  0.12521124431748E-03  0.17260175613436E-03  0.73006273107304E-05  0.73006273107304E-05  0.22107982953764E-05  0.22107982953764E-05  0.15890039635971E-06  0.15890039635971E-06  0.66309839380561E-04  0.66309839380561E-04  0.45084209126145E-03  0.45084209126145E-03  0.26664760165366E-03  0.26664760165366E-03  0.66169551806242E-04  0.33084775903121E-04  0.00000000000000E+00  0.00000000000000E+00  0.00000000000000E+00  0.00000000000000E+00  0.00000000000000E+00  0.00000000000000E+00  0.00000000000000E+00  0.24531074069793E-01  0.16497942664921E-01  0.33084775903121E-04  0.16497942664921E-01  0.24531074069793E-01  0.56350789157116E+02  0.43467161906869E+00  0.56350789157116E+02  0.43467161906869E+00  0.56350789157116E+02  0.43467161906869E+00  0.56350789157116E+02  0.43467161906869E+00  0.47403311542608E+00  0.16083284780721E-01  0.10698671613263E+01  0.61299514173212E-01  0.15083468138455E-01  0.39865473200512E-03  0.48754692754538E+00  0.53712829166787E+00

  0.28962256052988E-01  0.78637235765221E+00  0.21362764234779E+00 -0.62774385622042E+67  0.25956911688581E-02  0.75954637753924E-08  0.17924414176449E-02  0.13134810911741E-04  0.18199573199131E-02  0.67229576367047E-03  0.69373899386079E-03  0.20365124876991E-03  0.20367911805108E-03  0.12347519375045E-03  0.17028524267601E-03  0.66051919582098E-05  0.66051919582098E-05  0.21682106285713E-05  0.21682106285713E-05  0.15945060433604E-06  0.15945060433604E-06  0.67047095924823E-04  0.67047095924823E-04  0.45755347829500E-03  0.45755347829500E-03  0.25954613713323E-03  0.25954613713323E-03  0.64760665820412E-04  0.32380332910206E-04  0.00000000000000E+00  0.00000000000000E+00  0.00000000000000E+00  0.00000000000000E+00  0.00000000000000E+00  0.00000000000000E+00  0.00000000000000E+00  0.24896149387721E-01  0.16058496806311E-01  0.32380332910206E-04  0.16058496806311E-01  0.24896149387721E-01  0.56357313121093E+02  0.43472194280024E+00  0.56357313121093E+02  0.43472194280024E+00  0.56357313121093E+02  0.43472194280024E+00  0.56357313121093E+02  0.43472194280024E+00  0.47163828050784E+00  0.16002031360359E-01  0.10630947545082E+01  0.60911479786582E-01  0.19316256627103E-01  0.51052695827877E-03  0.48785401939455E+00  0.53878945110145E+00

  0.99999999999998E-02  0.78514840498943E+00  0.21485159501057E+00 -0.62774385622042E+67  0.25870818324060E-02  0.75447965882452E-08  0.17846963416081E-02  0.13165400958334E-04  0.18124320820184E-02  0.67034998476232E-03  0.69171525479152E-03  0.20465772611779E-03  0.20468555011987E-03  0.12262738888157E-03  0.16915950508099E-03  0.62836327178164E-05  0.62836327178164E-05  0.21471804237767E-05  0.21471804237767E-05  0.15965529008494E-06  0.15965529008494E-06  0.67389377230434E-04  0.67389377230434E-04  0.46031921220986E-03  0.46031921220986E-03  0.25590832193466E-03  0.25590832193466E-03  0.64079420854200E-04  0.32039710427100E-04  0.00000000000000E+00  0.00000000000000E+00  0.00000000000000E+00  0.00000000000000E+00  0.00000000000000E+00  0.00000000000000E+00  0.00000000000000E+00  0.25046587340711E-01  0.15833388507140E-01  0.32039710427100E-04  0.15833388507140E-01  0.25046587340711E-01  0.56359177710682E+02  0.43473632563653E+00  0.56359177710682E+02  0.43473632563653E+00  0.56359177710682E+02  0.43473632563653E+00  0.56359177710682E+02  0.43473632563653E+00  0.47018570538827E+00  0.15952747505386E-01  0.10593838066186E+01  0.60698855910471E-01  0.21524048802151E-01  0.56887871066007E-03  0.48804319253696E+00  0.53981517983932E+00

