0	3.03E-08	1.00E-23	0.02	1.00E-23	0.000001	0.003	0	0.00725	0	0	0	7.2	0.00000001	1.00E-23	1E-11	0.0000003	1.00E-23	0.02	1.00E-23	0.000001	0.003	0	0.00725	0	0	0	7.2	0.00000001	1.00E-23	1E-11	0.0000003	1.00E-23	0.02	1.00E-23	0.000001	0.003	0	0.00725	0	0	0	7.2	0.00000001	1.00E-23	1E-11																					
1	0.003752134	1.94E-06	0.01999904	1.39E-07	9.86E-07	0.003001601	0	0.007249926	0	5.16E-08	1.15E-08	7.199835	9.23E-07	2.73E-09	1.27E-12	3.00E-07	3.53E-10	0.02	3.32E-08	9.99E-07	0.002999974	0	0.007249983	0	2.03E-09	0	7.200004	4.25E-09	9.70E-10	1.27E-12	3.00E-07	3.53E-10	0.02	3.32E-08	9.99E-07	0.002999974	0	0.007249983	0	2.03E-09	0	7.200004	4.25E-09	9.70E-10	1.27E-12																					
2	0.007045325	6.37E-06	0.01999684	2.66E-07	9.45E-07	0.003005538	0	0.007249849	0	1.03E-07	5.59E-08	7.199701	3.08E-06	2.73E-09	1.27E-12	2.99E-07	7.05E-10	0.02000001	5.72E-08	9.97E-07	0.002999949	0	0.007249971	0	9.79E-11	0	7.200006	2.48E-09	2.62E-09	1.27E-12	2.99E-07	7.05E-10	0.02000001	5.72E-08	9.97E-07	0.002999949	0	0.007249971	0	9.79E-11	0	7.200006	2.48E-09	2.62E-09	1.27E-12																					
3	0.009942743	1.21138E-05	0.01999399	3.8891E-07	8.93E-07	0.003011053	0	0.007249767	0	1.54E-07	1.18E-07	7.199583	5.89E-06	2.73E-09	1.27E-12	2.99E-07	1.06E-09	0.02000001	6.74E-08	9.92E-07	0.002999923	0	0.007249966	0	9.79E-11	5.37E-09	7.200007	5.35E-12	2.74E-09	1.27E-12	2.99E-07	1.06E-09	0.02000001	6.74E-08	9.92E-07	0.002999923	0	0.007249966	0	9.79E-11	5.37E-09	7.200007	9.36E-13	2.74E-09	1.27E-12																					
4	0.01248959	1.85048E-05	0.01999081	5.06E-07	8.35E-07	0.00301772	0	0.007249679	0	2.04E-07	1.93E-07	7.199478	9.03E-06	2.73E-09	1.27E-12	2.99E-07	1.41E-09	0.02000001	6.00E-08	9.87E-07	0.002999897	0	0.00724997	0	9.79E-11	9.79E-09	7.200006	5.32E-12	2.74E-09	1.27E-12	2.99E-07	1.41E-09	0.02000001	6.00E-08	9.87E-07	0.002999897	0	0.00724997	0	9.79E-11	9.79E-09	7.200006	5.28E-12	2.74E-09	1.27E-12																					
5	0.01472687	2.51469E-05	0.01998751	6.17E-07	7.75E-07	0.003025265	0	0.007249587	0	2.54E-07	2.78E-07	7.199383	1.23048E-05	2.73E-09	1.27E-12	2.98E-07	1.76E-09	0.02000001	5.71E-08	9.85E-07	0.002999872	0	0.007249971	0	9.79E-11	1.19E-08	7.200006	9.65E-13	2.74E-09	1.27E-12	2.98E-07	1.76E-09	0.02000001	5.71E-08	9.85E-07	0.002999872	0	0.007249971	0	9.79E-11	1.19E-08	7.200006	9.82E-13	2.74E-09	1.27E-12																					
6	0.0166915	3.17865E-05	0.01998422	7.21E-07	7.15E-07	0.003033502	0	0.007249491	0	3.05E-07	3.71E-07	7.199297	1.55775E-05	2.73E-09	1.27E-12	2.9789E-07	2.11E-09	0.02000001	5.61E-08	9.84E-07	0.002999846	0	0.007249972	0	9.79E-11	1.31E-08	7.200006	5.34E-12	2.74E-09	1.27E-12	2.9789E-07	2.11E-09	0.02000001	5.61E-08	9.84E-07	0.002999846	0	0.007249972	0	9.79E-11	1.31E-08	7.200006	3.16E-12	2.74E-09	1.27E-12																					
7	0.0184157	3.82594E-05	0.019981	8.18E-07	6.56E-07	0.003042294	0	0.007249392	0	3.56E-07	4.71E-07	7.19922	1.87701E-05	2.72E-09	1.27E-12	2.98E-07	2.46E-09	0.02000001	5.58E-08	9.83E-07	0.002999821	0	0.007249972	0	9.79E-11	1.40E-08	7.200006	3.15E-12	2.74E-09	1.27E-12	2.98E-07	2.46E-09	0.02000001	5.58E-08	9.83E-07	0.002999821	0	0.007249972	0	9.79E-11	1.40E-08	7.200006	5.25E-12	2.74E-09	1.27E-12																					
8	0.01992761	4.44422E-05	0.01997793	9.08E-07	5.99E-07	0.003051541	0	0.00724929	0	4.07E-07	5.76E-07	7.199149	2.18222E-05	2.72E-09	1.27E-12	2.97E-07	2.81E-09	0.02000001	5.57E-08	9.83E-07	0.002999795	0	0.007249972	0	9.79E-11	1.47E-08	7.200006	8.58E-13	2.74E-09	1.27E-12	2.9719E-07	2.81E-09	0.02000001	5.57E-08	9.83E-07	0.002999795	0	0.007249972	0	9.79E-11	1.47E-08	7.200006	9.80E-13	2.74E-09	1.27E-12																					
9	0.02125196	5.01746E-05	0.01997508	9.91E-07	5.47E-07	0.003061165	0	0.007249185	0	4.59E-07	6.85E-07	7.199088	2.46512E-05	2.72E-09	1.27E-12	2.97E-07	3.16E-09	0.02000001	5.57E-08	9.82E-07	0.002999769	0	0.007249972	0	9.79E-11	1.54E-08	7.200006	5.22E-12	2.74E-09	1.27E-12	2.97E-07	3.16E-09	0.02000001	5.57E-08	9.82E-07	0.002999769	0	0.007249972	0	9.79E-11	1.54E-08	7.200006	3.12E-12	2.74E-09	1.27E-12																					
10	0.02241073	5.55547E-05	0.01997241	1.07E-06	4.97E-07	0.003071106	0	0.007249077	0	5.12E-07	7.98E-07	7.199031	2.7307E-05	2.72E-09	1.27E-12	2.96E-07	3.51E-09	0.02000001	5.57E-08	9.81E-07	0.002999744	0	0.007249972	0	9.79E-11	1.61E-08	7.200006	9.69E-13	2.74E-09	1.27E-12	2.96E-07	3.51E-09	0.02000001	5.57E-08	9.81E-07	0.002999744	0	0.007249972	0	9.79E-11	1.61E-08	7.200006	1.06E-12	2.74E-09	1.27E-12																					
11	0.02342333	6.05701E-05	0.01996992	1.14E-06	4.51E-07	0.003081315	0	0.007248968	0	5.65E-07	9.14E-07	7.19898	2.97833E-05	2.72E-09	1.27E-12	2.96E-07	3.86E-09	0.02000001	5.57E-08	9.80E-07	0.002999718	0	0.007249972	0	9.79E-11	1.68E-08	7.200006	3.14E-12	2.74E-09	1.27E-12	2.96E-07	3.86E-09	0.02000001	5.57E-08	9.80E-07	0.002999718	0	0.007249972	0	9.79E-11	1.68E-08	7.200006	3.13E-12	2.74E-09	1.27E-12																					
12	0.02430695	6.52215E-05	0.01996761	1.21E-06	4.08E-07	0.003091755	0	0.007248857	0	6.19E-07	1.03E-06	7.198933	3.208E-05	2.72E-09	1.27E-12	2.96E-07	4.20E-09	0.02000001	5.57E-08	9.80E-07	0.002999692	0	0.007249972	0	9.79E-11	1.75E-08	7.200006	5.27E-12	2.74E-09	1.27E-12	2.96E-07	4.20E-09	0.02000001	5.57E-08	9.80E-07	0.002999692	0	0.007249972	0	9.79E-11	1.75E-08	7.200006	3.13E-12	2.74E-09	1.27E-12																					
13	0.02507683	6.95179E-05	0.01996548	1.27E-06	3.68E-07	0.003102396	0	0.007248744	0	6.73E-07	1.15E-06	7.198906	3.42017E-05	2.72E-09	1.27E-12	2.95E-07	4.55E-09	0.02000001	5.57E-08	9.79E-07	0.002999667	0	0.007249972	0	9.79E-11	1.82E-08	7.200006	3.15E-12	2.74E-09	1.27E-12	2.95E-07	4.55E-09	0.02000001	5.57E-08	9.79E-07	0.002999667	0	0.007249972	0	9.79E-11	1.82E-08	7.200006	3.14E-12	2.74E-09	1.27E-12																					
14	0.02574649	7.34742E-05	0.01996351	1.32162E-06	3.32E-07	0.00311321	0	0.00724863	0	7.28E-07	1.28E-06	7.19888	3.61557E-05	2.72E-09	1.27E-12	2.95E-07	4.90E-09	0.02000001	5.58E-08	9.76E-07	0.002999641	0	0.007249972	0	9.79E-11	1.89E-08	7.200006	9.54E-13	2.74E-09	1.27E-12	2.951E-07	4.90E-09	0.02000001	5.57E-08	9.78E-07	0.002999641	0	0.007249972	0	9.79E-11	1.89E-08	7.200006	3.15E-12	2.74E-09	1.27E-12																					
15	0.02632793	7.71089E-05	0.01996171	1.37E-06	2.99E-07	0.003124179	0	0.007248514	0	7.83E-07	1.40E-06	7.198852	3.79508E-05	2.72E-09	1.27E-12	2.95E-07	5.25E-09	0.02000001	5.77E-08	9.71E-07	0.002999615	0	0.007249973	0	9.79E-11	2.00E-08	7.200006	9.58E-13	2.74E-09	1.27E-12	2.95E-07	5.25E-09	0.02000001	5.57E-08	9.78E-07	0.002999615	0	0.007249972	0	9.79E-11	1.96E-08	7.200006	3.14E-12	2.74E-09	1.27E-12																					
16	0.02683185	8.04422E-05	0.01996005	1.42E-06	2.73E-07	0.003135285	0	0.007248395	0	8.39E-07	1.52E-06	7.198822	3.95979E-05	2.72E-09	1.27E-12	2.94E-07	5.59E-09	0.02000001	6.17E-08	9.63E-07	0.00299959	0	0.007249975	0	9.79E-11	2.26E-08	7.200006	3.07E-12	2.74E-09	1.27E-12	2.94E-07	5.59E-09	0.02000001	5.58E-08	9.77E-07	0.00299959	0	0.007249972	0	9.79E-11	2.03E-08	7.200006	1.04E-12	2.74E-09	1.27E-12																					
17	0.02726773	8.34875E-05	0.01995854	1.47022E-06	2.52E-07	0.003146512	0	0.007248274	0	8.94E-07	1.64E-06	7.19879	4.11038E-05	2.72E-09	1.27E-12	2.94E-07	8.11E-09	0.02000001	6.89E-08	9.49E-07	0.002999564	0	0.007249978	0	9.79E-11	2.68E-08	7.200006	1.67E-11	2.74E-09	1.27E-12	2.94E-07	5.94E-09	0.02000001	5.58E-08	9.76E-07	0.002999564	0	0.007249972	0	9.79E-11	2.10E-08	7.200006	9.05E-13	2.74E-09	1.27E-12																					
18	0.027644	8.62258E-05	0.01995718	1.51E-06	2.33E-07	0.003157851	0	0.007248152	0	9.4992E-07	1.76E-06	7.198757	4.24585E-05	2.72E-09	1.27E-12	2.94E-07	1.79E-07	0.01999993	9.41E-08	9.29E-07	0.002999539	0	0.007249977	0	9.79E-11	3.33E-08	7.200004	6.93E-08	2.74E-09	1.27E-12	2.94E-07	6.29E-09	0.02000001	5.58E-08	9.76E-07	0.002999539	0	0.007249972	0	9.79E-11	2.16E-08	7.200006	9.36E-13	2.74E-09	1.27E-12																					
19	0.02796814	8.86598E-05	0.01995597	1.54714E-06	2.17E-07	0.00316929	0	0.007248029	0	1.01E-06	1.88E-06	7.198725	4.36632E-05	2.72E-09	1.27E-12	2.93E-07	7.28E-07	0.01999966	1.31E-07	9.03E-07	0.002999513	0	0.007249974	0	2.41E-09	4.12E-08	7.19997	3.19E-07	2.74E-09	1.27E-12	2.93E-07	6.63E-09	0.02000001	5.58E-08	9.75E-07	0.002999513	0	0.007249972	0	9.79E-11	2.23E-08	7.200006	3.09E-12	2.74E-09	1.27E-12																					
20	0.02824682	9.08323E-05	0.01995489	1.58E-06	2.02E-07	0.003180822	0	0.007247906	0	1.06E-06	2.00E-06	7.198694	4.4738E-05	2.72E-09	1.27E-12	6.90221E-06	1.80E-06	0.01999913	1.86E-07	8.70E-07	0.002999489	0	0.007249969	0	7.64E-09	4.96E-08	7.19994	8.24E-07	2.74E-09	1.27E-12	2.93E-07	6.98E-09	0.02000001	5.58E-08	9.74E-07	0.002999487	0	0.007249972	0	9.79E-11	2.30E-08	7.200006	3.11E-12	2.74E-09	1.27E-12																					
21	0.02471294	9.23845E-05	0.01995412	1.60E-06	1.93E-07	0.0031921	0	0.007247784	0	1.12E-06	2.11719E-06	7.198948	4.55058E-05	2.72E-09	1.27E-12	4.54348E-05	3.59E-06	0.01999825	2.55E-07	8.27E-07	0.002999485	0	0.007249963	0	1.37E-08	5.88E-08	7.199917	1.67E-06	2.74E-09	1.27E-12	2.93E-07	7.32E-09	0.02000001	5.58E-08	9.74E-07	0.002999461	0	0.007249972	0	9.79E-11	2.37E-08	7.200006	1.05E-12	2.74E-09	1.27E-12																					
22	0.02160817	9.29853E-05	0.01995382	1.62E-06	1.94E-07	0.003202769	0	0.007247666	0	1.17E-06	2.22E-06	7.199453	4.58024E-05	2.72E-09	1.27E-12	0.000125679	6.28E-06	0.01999692	3.39E-07	7.74E-07	0.002999536	0	0.007249959	0	2.03E-08	7.02E-08	7.199888	2.97E-06	2.74E-09	1.27E-12	2.92E-07	7.66E-09	0.02000001	5.58E-08	9.73E-07	0.002999436	0	0.007249972	0	9.79E-11	2.44E-08	7.200006	2.04E-12	2.74E-09	1.27E-12																					
23	0.01888867	9.27214E-05	0.01995394	1.62E-06	2.03E-07	0.003212804	0	0.007247552	0	1.23E-06	2.32E-06	7.199843	4.56711E-05	2.73E-09	1.27E-12	0.000256627	1.00903E-05	0.01999504	4.43E-07	7.11E-07	0.002999683	0	0.007249954	0	2.73E-08	8.41E-08	7.199858	4.81E-06	2.74E-09	1.27E-12	2.92E-07	8.01E-09	0.02000001	5.58E-08	9.72E-07	0.00299941	0	0.007249972	0	9.79E-11	2.51E-08	7.200005	3.09E-12	2.74E-09	1.27E-12																					
24	0.01650728	9.16812E-05	0.01995446	1.61E-06	2.17E-07	0.003222188	0	0.007247443	0	1.28E-06	2.41E-06	7.199737	4.51563E-05	2.73E-09	1.27E-12	0.000448082	1.52194E-05	0.0199925	5.82E-07	6.38E-07	0.002999974	0	0.007249945	0	3.49E-08	1.01E-07	7.199771	7.31E-06	2.74E-09	1.27E-12	2.92E-07	8.35E-09	0.02000001	5.58E-08	9.72E-07	0.002999385	0	0.007249972	0	9.79E-11	2.58E-08	7.200005	1.04E-12	2.74E-09	1.27E-12																					
25	0.0144111	8.99533E-05	0.01995532	1.60E-06	2.37E-07	0.003230916	0	0.007247338	0	1.34E-06	2.50E-06	7.199038	4.43019E-05	2.73E-09	1.27E-12	0.000708593	2.18635E-05	0.0199892	7.57E-07	5.52E-07	0.003000459	0	0.007249931	0	4.60E-08	1.21E-07	7.199734	1.05531E-05	2.74E-09	1.27E-12	2.91E-07	8.69E-09	0.02000001	5.58E-08	9.71E-07	0.002999359	0	0.007249972	0	9.79E-11	2.64E-08	7.200005	9.06E-13	2.74E-09	1.27E-12																					
26	0.01255708	8.76229E-05	0.01995647	1.58E-06	2.60E-07	0.003238984	0	0.007247238	0	1.39E-06	2.57E-06	7.198852	4.31503E-05	2.73E-09	1.27E-12	0.00105031	3.0275E-05	0.01998503	9.66E-07	4.66E-07	0.003001191	0	0.007249915	0	5.93E-08	1.44E-07	7.19972	1.46638E-05	2.74E-09	1.27E-12	2.91E-07	9.04E-09	0.02000001	5.58E-08	9.70E-07	0.002999333	0	0.007249972	0	9.79E-11	2.71E-08	7.200005	3.03E-12	2.74E-09	1.27E-12																					
27	0.01092626	8.47769E-05	0.01995789	1.55E-06	2.86E-07	0.003246402	0	0.007247144	0	1.44E-06	2.65E-06	7.198768	4.17441E-05	2.73E-09	1.27E-12	0.001484771	4.07492E-05	0.01997983	1.22344E-06	3.81E-07	0.003002224	0	0.007249896	0	7.33E-08	1.69E-07	7.199584	1.97892E-05	2.74E-09	1.27E-12	2.91E-07	9.38E-09	0.02000001	5.58E-08	9.69E-07	0.002999308	0	0.007249972	0	9.79E-11	2.78E-08	7.200005	2.07E-12	2.74E-09	1.27E-12																					
28	0.009493913	8.15035E-05	0.01995951	1.52E-06	3.14E-07	0.003253184	0	0.007247054	0	1.49E-06	2.71094E-06	7.198678	4.01265E-05	2.73E-09	1.27E-12	0.002020221	5.33699E-05	0.01997356	1.51E-06	2.98E-07	0.003003615	0	0.007249875	0	8.74E-08	1.96E-07	7.199229	2.59652E-05	2.73E-09	1.27E-12	2.90E-07	9.72E-09	0.02000001	5.59E-08	9.69E-07	0.002999282	0	0.007249972	0	9.79E-11	2.85E-08	7.200005	9.43E-13	2.74E-09	1.27E-12																					
29	0.008236736	7.78884E-05	0.01996131	1.48E-06	3.43E-07	0.003259351	0	0.007246969	0	1.54E-06	2.77E-06	7.19859	3.83396E-05	2.73E-09	1.27E-12	0.002662208	6.81984E-05	0.01996619	1.79E-06	2.17E-07	0.003005422	0	0.00724985	0	1.03E-07	2.27E-07	7.198628	3.32021E-05	2.73E-09	1.27E-12	2.90E-07	1.01E-08	0.02000001	5.59E-08	9.68E-07	0.002999256	0	0.007249972	0	9.79E-11	2.92E-08	7.200005	2.06E-12	2.74E-09	1.27E-12																					
30	0.007134187	7.4013E-05	0.01996323	1.44E-06	3.72E-07	0.003264932	0	0.007246889	0	1.58E-06	2.83E-06	7.198518	3.64237E-05	2.73E-09	1.27E-12	0.003413798	8.50462E-05	0.01995781	2.08E-06	1.63E-07	0.003007695	0	0.007249805	0	1.21E-07	2.38E-07	7.19844	4.14084E-05	2.73E-09	1.27E-12	2.90E-07	1.04E-08	0.02000001	5.59E-08	9.67E-07	0.002999231	0	0.007249972	0	9.79E-11	2.98E-08	7.200005	2.04E-12	2.74E-09	1.27E-12																					
31	0.00616385	6.99089E-05	0.01996527	1.39E-06	4.02E-07	0.00326993	0	0.007246815	0	1.63E-06	2.88E-06	7.198493	3.43939E-05	2.74E-09	1.27E-12	0.004288077	0.000103724	0.01994852	2.37E-06	1.17E-07	0.003010509	0	0.007249752	0	1.42E-07	2.49E-07	7.197742	5.04779E-05	2.73E-09	1.27E-12	2.89E-07	1.07E-08	0.02000001	5.59E-08	9.67E-07	0.002999205	0	0.007249972	0	9.79E-11	3.05E-08	7.200005	9.46E-13	2.74E-09	1.27E-12																					
32	0.005315788	6.56893E-05	0.01996737	1.34E-06	4.32E-07	0.003274404	0	0.007246745	0	1.67E-06	2.93E-06	7.198517	3.23067E-05	2.74E-09	1.27E-12	0.005285088	0.000124089	0.01993838	2.65E-06	7.58E-08	0.003013891	0	0.007249692	0	1.68E-07	2.62E-07	7.195956	6.03308E-05	2.73E-09	1.28E-12	2.89E-07	1.11E-08	0.02000001	5.58E-08	9.66E-07	0.00299918	0	0.007249972	0	9.79E-11	3.12E-08	7.200005	9.41E-12	2.74E-09	1.27E-12																					
33	0.004576148	6.14164E-05	0.0199695	1.29E-06	4.61E-07	0.003278387	0	0.007246681	0	1.71E-06	2.97E-06	7.198579	3.01928E-05	2.74E-09	1.27E-12	0.006371718	0.000145948	0.0199275	2.84E-06	3.94E-08	0.003017871	9.81E-08	0.007249622	0	2.01E-07	2.77E-07	7.193371	7.07628E-05	2.73E-09	1.28E-12	2.89E-07	1.14E-08	0.02000001	5.59E-08	9.65E-07	0.002999154	0	0.007249972	0	9.79E-11	3.19E-08	7.200005	9.26E-13	2.74E-09	1.27E-12																					
34	0.003932511	5.71461E-05	0.01997162	1.23E-06	4.91E-07	0.003281916	0	0.00724662	0	1.76E-06	3.02E-06	7.198658	2.80797E-05	2.74E-09	1.27E-12	0.007522126	0.000170593	0.01991523	2.92E-06	7.00E-09	0.003022453	3.09E-07	0.007249531	0	2.50E-07	2.95E-07	7.190392	8.2271E-05	2.73E-09	1.28E-12	2.88E-07	1.18E-08	0.02000001	5.59E-08	9.65E-07	0.002999128	0	0.007249972	0	9.79E-11	3.25E-08	7.200005	9.74E-13	2.74E-09	1.27E-12																					
35	0.003373564	5.29278E-05	0.01997371	1.17E-06	5.20E-07	0.00328503	0	0.007246565	0	1.79E-06	3.05E-06	7.198749	2.59918E-05	2.74E-09	1.27E-12	0.008715529	0.000196089	0.01990253	3.01E-06	8.53E-11	0.003027628	5.51E-07	0.007249401	0	3.22E-07	2.98E-07	7.187244	9.41328E-05	2.73E-09	1.28E-12	2.88E-07	1.21E-08	0.02000001	5.58E-08	9.64E-07	0.002999103	0	0.007249972	0	9.79E-11	3.32E-08	7.200005	1.77E-11	2.74E-09	1.27E-12																					
36	0.002889219	4.8804E-05	0.01997576	1.11E-06	5.48E-07	0.003287763	0	0.007246512	0	1.83E-06	3.09E-06	7.19885	2.39499E-05	2.74E-09	1.27E-12	0.009930626	0.000221747	0.01988975	3.07491E-06	5.49E-10	0.003033377	8.46E-07	0.00724924	0	4.20E-07	2.97E-07	7.189331	0.000105941	2.73E-09	1.28E-12	2.88E-07	1.24E-08	0.02000001	5.59E-08	9.63E-07	0.002999077	0	0.007249972	0	9.79E-11	3.39E-08	7.200005	9.38E-12	2.74E-09	1.27E-12																					
37	0.002470498	4.48105E-05	0.01997775	1.05765E-06	5.76E-07	0.003290152	0	0.007246462	0	1.87E-06	3.12E-06	7.198955	2.19717E-05	2.74E-09	1.27E-12	0.01122274	0.000247353	0.01987699	3.13E-06	9.22E-10	0.003039677	1.16E-06	0.007249047	0	5.45E-07	2.96E-07	7.185959	0.000117621	2.73E-09	1.28E-12	2.87E-07	1.28E-08	0.02000001	5.59E-08	9.63E-07	0.002999051	0	0.007249972	0	9.79E-11	3.46E-08	7.200005	9.70E-13	2.74E-09	1.27E-12																					
38	0.002109401	4.09769E-05	0.01997965	1.00E-06	6.03E-07	0.00329223	0	0.007246416	0	1.91E-06	3.15E-06	7.199066	2.00719E-05	2.74E-09	1.27E-12	0.01253421	0.000272724	0.01986435	3.18E-06	2.65E-09	0.003046523	1.54897E-06	0.007248812	0	7.09E-07	2.94E-07	7.178895	0.000129013	2.73E-09	1.28E-12	2.87E-07	1.31E-08	0.02000001	5.59E-08	9.62E-07	0.002999026	0	0.007249972	0	9.79E-11	3.52E-08	7.200005	1.04E-12	2.74E-09	1.27E-12																					
39	0.001798795	3.73265E-05	0.01998147	9.47E-07	6.28E-07	0.003294032	0	0.007246371	0	1.94E-06	3.18E-06	7.19918	1.8262E-05	2.74E-09	1.27E-12	0.01376354	0.000297588	0.01985196	3.08E-06	1.41E-11	0.003053866	2.17E-06	0.007248528	0	9.20E-07	2.97E-07	7.173982	0.000139869	2.73E-09	1.29E-12	2.87E-07	1.35E-08	0.02000001	5.59E-08	9.61E-07	0.002999	0	0.007249972	0	9.79E-11	3.59E-08	7.200005	9.27E-12	2.74E-09	1.27E-12																					
40	0.001532307	3.38774E-05	0.01998318	8.94E-07	6.52E-07	0.003295587	0	0.00724633	0	1.97E-06	3.21E-06	7.199291	1.65509E-05	2.74E-09	1.27E-12	0.01490285	0.000321678	0.01983995	3.01E-06	2.62E-09	0.003061651	2.88E-06	0.007248189	0	1.18231E-06	2.94E-07	7.170932	0.000150212	2.73E-09	1.29E-12	2.86E-07	1.38E-08	0.02000001	5.58E-08	9.61E-07	0.002998974	0	0.007249972	0	9.79E-11	3.66E-08	7.200005	1.76E-11	2.74E-09	1.27E-12																					
41	0.001304257	3.06422E-05	0.01998479	8.42E-07	6.75E-07	0.003296925	0	0.007246291	0	2.00E-06	3.23E-06	7.199396	1.49449E-05	2.74E-09	1.27E-12	0.01594379	0.000344751	0.01982845	2.94E-06	9.15E-11	0.003069825	3.70E-06	0.007247796	0	1.50E-06	2.97E-07	7.169405	0.000159934	2.73E-09	1.29E-12	2.86E-07	1.41E-08	0.02000001	5.60E-08	9.60E-07	0.002998949	0	0.007249972	0	9.79E-11	3.72E-08	7.200005	8.46E-13	2.74E-09	1.27E-12																					
42	0.001109589	2.76289E-05	0.01998629	7.92E-07	6.96E-07	0.003298072	0	0.007246254	0	2.04E-06	3.26E-06	7.199494	1.34477E-05	2.74E-09	1.27E-12	0.01687615	0.000366629	0.01981755	2.88E-06	2.15E-11	0.003078341	4.63E-06	0.007247349	0	1.86E-06	2.97E-07	7.169314	0.000168944	2.73E-09	1.29E-12	2.86E-07	1.45E-08	0.02000001	5.60E-08	9.59E-07	0.002998923	0	0.007249972	0	9.79E-11	3.79E-08	7.200005	9.24E-13	2.74E-09	1.27E-12																					
43	0.000943822	2.48408E-05	0.01998768	7.44E-07	7.16E-07	0.003299054	0	0.007246219	0	2.07E-06	3.28E-06	7.199587	1.20612E-05	2.74E-09	1.27E-12	0.01769139	0.000387321	0.01980724	2.83E-06	2.51E-10	0.003087148	5.65E-06	0.007246845	0	2.29E-06	2.97E-07	7.171351	0.000177219	2.73E-09	1.29E-12	2.85E-07	1.48E-08	0.02000001	5.59E-08	9.59E-07	0.002998898	0	0.007249972	0	9.79E-11	3.86E-08	7.200005	9.34E-12	2.74E-09	1.27E-12																					
44	0.000802993	2.22777E-05	0.01998895	6.99E-07	7.35E-07	0.003299891	0	0.007246186	0	2.09E-06	3.30E-06	7.19967	1.0785E-05	2.74E-09	1.27E-12	0.01838652	0.000406897	0.01979748	2.79E-06	2.55E-11	0.003096206	6.77E-06	0.007246294	0	2.75E-06	2.97E-07	7.17608	0.000184821	2.73E-09	1.28E-12	2.85E-07	1.51E-08	0.02000001	5.59E-08	9.58E-07	0.002998872	0	0.007249972	0	9.79E-11	3.92E-08	7.200005	1.76E-11	2.74E-09	1.27E-12																					
45	0.000683605	1.99356E-05	0.01999011	6.55E-07	7.52E-07	0.003300604	0	0.007246153	0	2.12E-06	3.32E-06	7.199743	9.61707E-06	2.74E-09	1.27E-12	0.0189708	0.000425346	0.01978828	2.74E-06	2.89E-11	0.003105476	7.98E-06	0.007245702	0	3.26E-06	2.97E-07	7.183372	0.00019182	2.73E-09	1.28E-12	2.85E-07	1.55E-08	0.02000001	5.60E-08	9.57E-07	0.002998846	0	0.007249972	0	9.79E-11	3.99E-08	7.200005	1.01E-12	2.74E-09	1.27E-12																					
46	0.000582583	1.78078E-05	0.01999117	6.13E-07	7.68E-07	0.003301212	0	0.007246121	0	2.15E-06	3.33806E-06	7.199805	8.55E-06	2.74E-09	1.27E-12	0.01945574	0.000442209	0.01977988	2.70E-06	3.11E-11	0.00311492	9.26E-06	0.007245072	0	3.81E-06	2.98E-07	7.191179	0.000198243	2.73E-09	1.28E-12	2.84E-07	1.58E-08	0.02000001	5.60E-08	9.57E-07	0.002998821	0	0.007249972	0	9.79E-11	4.06E-08	7.200005	1.05E-12	2.74E-09	1.27E-12																					
47	0.000497232	1.58852E-05	0.01999213	5.81E-07	7.83E-07	0.003301728	0	0.007246091	0	2.18E-06	3.36E-06	7.199858	7.59E-06	2.74E-09	1.27E-12	0.01984523	0.000457335	0.01977234	2.67E-06	3.22E-11	0.003124505	1.06051E-05	0.007244403	0	4.39E-06	2.98E-07	7.197473	0.000203914	2.72E-09	1.27E-12	2.84E-07	1.61E-08	0.02000001	5.60E-08	9.56E-07	0.002998795	0	0.007249972	0	9.79E-11	4.12E-08	7.200005	9.84E-13	2.74E-09	1.27E-12																					
48	0.000427272	1.41579E-05	0.01999299	5.52E-07	7.96E-07	0.003302168	0	0.007246062	0	2.20E-06	3.37E-06	7.199766	6.72E-06	2.74E-09	1.27E-12	0.02011378	0.000470374	0.01976584	2.64E-06	3.72E-11	0.003134203	1.20195E-05	0.0072437	0	5.00E-06	2.98E-07	7.203598	0.000208793	2.72E-09	1.27E-12	2.84E-07	1.65E-08	0.02000001	5.60E-08	9.55E-07	0.002998769	0	0.007249972	0	9.79E-11	4.19E-08	7.200005	8.26E-13	2.74E-09	1.27E-12																					
49	0.000367572	1.26141E-05	0.01999375	5.25E-07	8.08E-07	0.003302543	0	0.007246036	0	2.23E-06	3.39E-06	7.199752	5.95E-06	2.74E-09	1.27E-12	0.02025965	0.000479531	0.01976128	2.62E-06	3.42E-09	0.003143981	1.34864E-05	0.007242966	0	5.65E-06	2.94E-07	7.206388	0.000212502	2.72E-09	1.27E-12	2.83E-07	1.68E-08	0.02000001	5.60E-08	9.55E-07	0.002998744	0	0.007249972	0	9.79E-11	4.26E-08	7.200005	8.17E-13	2.74E-09	1.27E-12																					
50	0.000316265	1.12386E-05	0.01999444	4.99E-07	8.19E-07	0.003302864	0	0.00724601	0	2.25E-06	3.41E-06	7.199794	5.27E-06	2.74E-09	1.27E-12	0.02028546	0.000487445	0.01975734	2.61E-06	8.62E-10	0.003153809	1.50015E-05	0.007242209	0	6.32E-06	2.97E-07	7.209229	0.000215061	2.72E-09	1.27E-12	2.83E-07	1.71E-08	0.02000001	5.60E-08	9.54E-07	0.002998718	0	0.007249972	0	9.79E-11	4.32E-08	7.200004	9.58E-13	2.74E-09	1.27E-12																					
51	0.000272745	1.00165E-05	0.01999505	4.74E-07	8.29E-07	0.003303136	0	0.007245986	0	2.27E-06	3.42E-06	7.199828	4.68E-06	2.74E-09	1.27E-12	0.02008018	0.000493866	0.01975414	2.58E-06	1.72E-09	0.003163644	1.65311E-05	0.007241454	0	6.99E-06	2.96E-07	7.219312	0.0002171	2.72E-09	1.26E-12	2.83E-07	1.75E-08	0.02000001	5.60E-08	9.53E-07	0.002998692	0	0.007249972	0	9.79E-11	4.39E-08	7.200004	9.25E-12	2.74E-09	1.27E-12																					
52	0.000235926	8.93E-06	0.01999558	4.51E-07	8.38E-07	0.003303368	0	0.007245964	0	2.29E-06	3.44E-06	7.199855	4.16E-06	2.74E-09	1.27E-12	0.01979906	0.000498558	0.0197518	2.56E-06	4.50E-11	0.003173449	1.80267E-05	0.007240714	0	7.64225E-06	2.98E-07	7.226738	0.000218573	2.72E-09	1.26E-12	2.82E-07	1.78E-08	0.02000001	5.61E-08	9.53E-07	0.002998667	0	0.007249972	0	9.79E-11	4.45E-08	7.200004	9.10E-13	2.74E-09	1.27E-12																					
53	0.000204705	7.98E-06	0.01999606	4.30E-07	8.46E-07	0.003303566	0	0.007245942	0	2.31E-06	3.46E-06	7.199878	3.69E-06	2.74E-09	1.27E-12	0.01943771	0.000501337	0.01975041	2.55E-06	4.49E-11	0.003183202	1.94979E-05	0.007239985	0	8.28E-06	2.98E-07	7.231739	0.000219367	2.72E-09	1.26E-12	2.82E-07	1.81E-08	0.02000001	5.61E-08	9.52E-07	0.002998641	0	0.007249972	0	9.79E-11	4.519E-08	7.200004	9.58E-13	2.74E-09	1.27E-12																					
54	0.000178149	7.13E-06	0.01999648	4.09E-07	8.53E-07	0.003303734	0	0.007245921	0	2.33E-06	3.47E-06	7.199896	3.27716E-06	2.74E-09	1.27E-12	0.01899192	0.00050211	0.01975003	2.54E-06	4.40E-11	0.003192879	2.09478E-05	0.007239266	0	8.92E-06	2.98E-07	7.234813	0.000219383	2.72E-09	1.26E-12	2.82E-07	1.85E-08	0.02000001	5.61E-08	9.51E-07	0.002998615	0	0.007249972	0	9.79E-11	4.58E-08	7.200004	9.22E-13	2.74E-09	1.27E-12																					
55	0.000155442	6.38E-06	0.01999685	3.90E-07	8.60E-07	0.003303878	0	0.007245901	0	2.35E-06	3.49E-06	7.199914	2.91E-06	2.74E-09	1.27E-12	0.01846295	0.000500817	0.01975067	2.55E-06	3.93E-09	0.00320245	2.23723E-05	0.007238559	0	9.54E-06	2.94E-07	7.236314	0.000218571	2.72E-09	1.26E-12	2.81E-07	1.88E-08	0.02000001	5.61E-08	9.51E-07	0.00299859	0	0.007249972	0	9.79E-11	4.65E-08	7.200004	9.51E-13	2.74E-09	1.27E-12																					
56	0.00013563	5.72E-06	0.01999718	3.72E-07	8.66E-07	0.003303999	0	0.007245881	0	2.36E-06	3.50E-06	7.199937	2.59239E-06	2.74E-09	1.27E-12	0.01785607	0.000497259	0.01975245	2.55E-06	2.54E-09	0.003211887	2.37651E-05	0.007237866	0	1.01446E-05	2.95E-07	7.235717	0.000216916	2.72E-09	1.26E-12	2.81E-07	1.91E-08	0.02000001	5.61E-08	9.50E-07	0.002998564	0	0.007249972	0	9.79E-11	4.72E-08	7.200004	9.33E-13	2.74E-09	1.27E-12																					
57	0.000118315	5.13E-06	0.01999747	3.55E-07	8.71E-07	0.003304102	0	0.007245862	0	2.38E-06	3.51E-06	7.199955	2.31E-06	2.74E-09	1.27E-12	0.01717669	0.000491132	0.01975551	2.57E-06	3.32E-10	0.003221159	2.51262E-05	0.007237185	0	1.07412E-05	2.98E-07	7.23212	0.000214394	2.72E-09	1.26E-12	2.81E-07	1.95E-08	0.02000001	5.60E-08	9.47E-07	0.002998539	0	0.007249972	0	9.79E-11	4.78E-08	7.200004	1.74E-11	2.74E-09	1.27E-12																					
58	0.000103188	4.61E-06	0.01999773	3.40E-07	8.76E-07	0.003304188	0	0.007245845	0	2.39E-06	3.53E-06	7.199968	2.06E-06	2.74E-09	1.27E-12	0.01641744	0.000482293	0.01975991	2.60E-06	4.46E-11	0.003230232	2.64606E-05	0.007236514	0	1.13285E-05	2.98E-07	7.226367	0.000210916	2.72E-09	1.26E-12	2.80E-07	1.98E-08	0.02000001	5.62E-08	9.41E-07	0.002998513	0	0.007249972	0	9.79E-11	4.84E-08	7.200004	9.09E-13	2.74E-09	1.27E-12																					
59	8.99752E-05	4.15E-06	0.01999797	3.28E-07	8.81E-07	0.003304259	0	0.007245827	0	2.41E-06	3.54E-06	7.199978	1.84E-06	2.74E-09	1.27E-12	0.01557451	0.000470629	0.01976572	2.63E-06	4.75E-11	0.003239066	2.77679E-05	0.007235855	0	1.19058E-05	2.98E-07	7.219477	0.000206406	2.73E-09	1.26E-12	2.80E-07	2.01E-08	0.02000001	5.62E-08	9.31E-07	0.002998487	0	0.007249972	0	9.79E-11	4.91E-08	7.200004	9.05E-12	2.74E-09	1.27E-12																					
60	7.84315E-05	3.72E-06	0.01999818	3.16E-07	8.85E-07	0.003304318	0	0.007245811	0	2.42E-06	3.55E-06	7.199986	1.65E-06	2.74E-09	1.27E-12	0.01465178	0.000456367	0.01977284	2.66E-06	5.98E-10	0.003247621	2.90378E-05	0.007235214	0	1.24664E-05	2.97E-07	7.213685	0.000200813	2.73E-09	1.27E-12	2.7956E-07	2.04E-08	0.02000001	5.63E-08	9.16E-07	0.002998461	0	0.007249972	0	9.79E-11	4.97E-08	7.200004	1.73E-11	2.74E-09	1.27E-12																					
61	6.82672E-05	3.34E-06	0.01999837	3.05E-07	8.89E-07	0.003304365	0	0.007245796	0	2.43E-06	3.56E-06	7.199992	1.46714E-06	2.74E-09	1.27E-12	0.0136643	0.000439948	0.01978102	2.70387E-06	3.91E-11	0.003255852	3.02475E-05	0.007234604	0	1.29979E-05	2.97E-07	7.209306	0.000194109	2.73E-09	1.27E-12	2.79E-07	2.08E-08	0.02000001	5.66E-08	8.95E-07	0.002998436	0	0.007249972	0	9.79E-11	5.02E-08	7.200003	9.12E-12	2.74E-09	1.27E-12																					
62	5.92445E-05	2.99E-06	0.01999854	2.94E-07	8.93E-07	0.003304402	0	0.007245781	0	2.44008E-06	3.57E-06	7.199997	1.31E-06	2.74E-09	1.27E-12	0.01263885	0.000421508	0.01979021	2.75E-06	4.01E-11	0.00326372	3.1378E-05	0.007234034	0	1.34921E-05	2.97E-07	7.205219	0.000186443	2.73E-09	1.27E-12	2.79E-07	2.11E-08	0.02000001	5.83E-08	8.69E-07	0.00299841	0	0.007249972	0	9.79E-11	5.10E-08	7.200003	9.09E-12	2.74E-09	1.27E-12																					
63	5.13187E-05	2.68E-06	0.0199987	2.83E-07	8.96E-07	0.003304431	0	0.007245767	0	2.45E-06	3.59E-06	7.200001	1.16E-06	2.74E-09	1.27E-12	0.01158967	0.000401214	0.01980033	2.80629E-06	3.56E-11	0.003271186	3.24218E-05	0.007233504	0	1.39475E-05	2.97E-07	7.200022	0.000178045	2.73E-09	1.27E-12	2.79E-07	2.14E-08	0.02000001	6.58E-08	8.34E-07	0.002998385	0	0.007249974	0	9.79E-11	5.37E-08	7.200003	8.37E-13	2.74E-09	1.27E-12																					
64	4.43721E-05	2.38E-06	0.01999884	2.73E-07	9.00E-07	0.003304452	0	0.007245754	0	2.46E-06	3.60E-06	7.200004	1.03E-06	2.74E-09	1.27E-12	0.01053291	0.000379278	0.01981127	2.87E-06	1.04E-09	0.003278215	3.33909E-05	0.007233018	0	1.43622E-05	2.96E-07	7.195663	0.000168995	2.73E-09	1.28E-12	2.78E-07	2.18E-08	0.02000001	8.08E-08	7.90E-07	0.002998359	0	0.007249978	0	9.79E-11	5.90E-08	7.200004	9.08E-13	2.74E-09	1.27E-12																					
65	3.82902E-05	2.12E-06	0.01999897	2.62E-07	9.04E-07	0.003304467	0	0.007245741	0	2.46E-06	3.61E-06	7.200006	9.15E-07	2.74E-09	1.27E-12	0.009483846	0.000355797	0.01982297	2.95E-06	5.87E-10	0.003284776	3.43084E-05	0.007232579	0	1.47325E-05	2.96E-07	7.192237	0.000159387	2.73E-09	1.28E-12	2.78E-07	2.21E-08	0.02000001	1.09E-07	7.37E-07	0.002998333	0	0.007249985	0	9.79E-11	6.61E-08	7.200006	8.95E-13	2.74E-09	1.27E-12																					
66	3.2972E-05	1.88E-06	0.01999909	2.53E-07	9.08E-07	0.003304475	0	0.007245729	0	2.47E-06	3.61E-06	7.200008	8.10E-07	2.74E-09	1.27E-12	0.008456919	0.000331051	0.01983531	3.04E-06	4.10E-09	0.003290843	3.51744E-05	0.007232189	0	1.50559E-05	2.93E-07	7.189718	0.000149336	2.73E-09	1.28E-12	2.78E-07	2.24E-08	0.02000001	1.62E-07	6.78E-07	0.002998308	0	0.00724999	0	9.79E-11	7.42E-08	7.200011	1.79E-08	2.74E-09	1.27E-12																					
67	2.83277E-05	1.65871E-06	0.0199992	2.43E-07	9.12E-07	0.003304478	0	0.007245717	0	2.47E-06	3.62281E-06	7.200009	7.17E-07	2.74E-09	1.27E-12	0.00746518	0.000305436	0.01984808	3.14E-06	1.46E-10	0.0032964	3.6018E-05	0.00723185	0	1.53322E-05	2.97E-07	7.188001	0.000138939	2.74E-09	1.28E-12	2.77E-07	1.63E-07	0.01999995	2.44E-07	6.14E-07	0.002998282	0	0.00724999	0	9.79E-11	8.27E-08	7.200005	2.68E-07	2.74E-09	1.27E-12																					
68	2.42784E-05	1.46E-06	0.0199993	2.35E-07	9.16E-07	0.003304477	0	0.007245705	0	2.48E-06	3.63E-06	7.20001	6.33E-07	2.74E-09	1.27E-12	0.006481849	0.000279315	0.0198611	3.27E-06	2.56E-11	0.003301425	3.68788E-05	0.007231559	0	1.55625E-05	2.97E-07	7.187246	0.000128286	2.74E-09	1.28E-12	2.77E-07	9.99E-07	0.01999955	3.50E-07	5.43E-07	0.002998256	0	0.00724999	0	9.79E-11	9.17E-08	7.199945	8.91E-07	2.74E-09	1.27E-12																					
69	2.07565E-05	1.28E-06	0.01999939	2.27E-07	9.20E-07	0.003304472	0	0.007245693	0	2.48E-06	3.63758E-06	7.200011	5.59E-07	2.74E-09	1.27E-12	0.005534324	0.000253002	0.01987421	3.43E-06	2.51E-10	0.003305877	3.7698E-05	0.007231315	0	1.57498E-05	2.96E-07	7.186643	0.000117548	2.74E-09	1.28E-12	1.01E-06	2.80E-06	0.01999867	4.78E-07	4.69E-07	0.002998231	0	0.007249994	0	9.79E-11	1.03E-07	7.200053	1.99E-06	2.74E-09	1.27E-12																					
70	1.77039E-05	1.12E-06	0.01999947	2.19E-07	9.24E-07	0.003304463	0	0.007245682	0	2.48E-06	3.64E-06	7.200011	4.91E-07	2.74E-09	1.27E-12	0.004669874	0.00022685	0.01988724	3.63E-06	4.92E-10	0.00330977	3.84763E-05	0.007231114	0	1.5898E-05	2.96E-07	7.186492	0.000106862	2.74E-09	1.28E-12	1.59273E-05	5.82E-06	0.01999718	6.24E-07	3.96E-07	0.002998212	0	0.007249999	0	9.79E-11	1.16E-07	7.200085	3.66E-06	2.74E-09	1.27E-12																					
71	1.5067E-05	9.81E-07	0.01999954	2.12E-07	9.28E-07	0.003304451	0	0.007245671	0	2.48E-06	3.65E-06	7.200012	4.30E-07	2.74E-09	1.27E-12	0.003890058	0.000199459	0.01990092	3.88E-06	4.06E-10	0.003313128	3.92065E-05	0.007230954	0	1.60117E-05	2.97E-07	7.186832	9.63632E-05	2.74E-09	1.28E-12	5.42751E-05	1.03617E-05	0.01999494	8.22E-07	3.25E-07	0.002998219	0	0.007250006	0	9.79E-11	1.32E-07	7.200003	6.05E-06	2.74E-09	1.27E-12																					
72	1.27962E-05	8.53E-07	0.0199996	2.05E-07	9.33E-07	0.003304437	0	0.007245661	0	2.48E-06	3.65E-06	7.200012	3.76E-07	2.74E-09	1.27E-12	0.003194418	0.000172994	0.0199141	4.19E-06	1.28E-10	0.003315985	3.98731E-05	0.00723083	0	1.60958E-05	3.01E-07	7.1875	8.61833E-05	2.74E-09	1.28E-12	0.000121602	1.67314E-05	0.01999179	1.04E-06	2.57E-07	0.002998276	0	0.007250012	0	9.82E-11	1.49E-07	7.199825	9.26E-06	2.74E-09	1.27E-12																					
73	1.08467E-05	7.40E-07	0.01999966	1.99E-07	9.38E-07	0.003304421	0	0.007245651	0	2.48E-06	3.66E-06	7.200013	3.28E-07	2.74E-09	1.27E-12	0.002580927	0.000148263	0.01992641	4.60E-06	1.56E-10	0.003318376	4.04543E-05	0.007230737	0	1.61555E-05	3.06E-07	7.188378	7.64479E-05	2.74E-09	1.28E-12	0.000223717	2.52682E-05	0.01998757	1.28063E-06	1.93E-07	0.002998412	0	0.007250011	0	8.38E-10	1.67E-07	7.199552	1.3413E-05	2.74E-09	1.27E-12																					
74	9.18E-06	6.41E-07	0.01999971	1.93E-07	9.43E-07	0.003304403	0	0.00724564	0	2.48E-06	3.66E-06	7.200013	2.85E-07	2.74E-09	1.27E-12	0.002046321	0.000125417	0.01993778	5.12E-06	2.06E-10	0.003320339	4.09305E-05	0.007230669	0	1.61952E-05	3.14E-07	7.189407	6.72579E-05	2.74E-09	1.28E-12	0.000366871	3.6308E-05	0.0199821	1.54891E-06	1.47E-07	0.002998659	0	0.007249996	0	3.15E-09	1.73E-07	7.199152	1.86111E-05	2.74E-09	1.27E-12																					
75	7.76E-06	5.53E-07	0.01999975	1.87E-07	9.47E-07	0.003304383	0	0.00724563	0	2.48E-06	3.66472E-06	7.200013	2.48E-07	2.74E-09	1.27E-12	0.001586048	0.000104552	0.01994816	5.76E-06	1.66E-09	0.003321917	4.12783E-05	0.007230621	0	1.62194E-05	3.22E-07	7.190538	5.87271E-05	2.74E-09	1.28E-12	0.00055744	5.01629E-05	0.01997522	1.80E-06	1.08E-07	0.002999053	0	0.007249977	0	7.62E-09	1.79E-07	7.198585	2.4932E-05	2.74E-09	1.27E-12																					
76	6.55E-06	4.76E-07	0.01999979	1.82E-07	9.52E-07	0.003304362	0	0.00724562	0	2.4772E-06	3.67E-06	7.200013	2.15E-07	2.74E-09	1.27E-12	0.001202887	8.57421E-05	0.01995752	6.52E-06	5.35E-09	0.003323165	4.14918E-05	0.007230585	0	1.62318E-05	3.31E-07	7.191733	5.09591E-05	2.74E-09	1.28E-12	0.000801527	6.71254E-05	0.01996681	2.05E-06	7.39E-08	0.002999633	0	0.007249952	0	1.54E-08	1.86E-07	7.197762	3.24539E-05	2.74E-09	1.28E-12																					
77	5.52537E-06	4.09E-07	0.01999982	1.78E-07	9.57E-07	0.00330434	0	0.00724561	0	2.47E-06	3.67E-06	7.200013	1.86E-07	2.74E-09	1.27E-12	0.000889979	6.89648E-05	0.01996587	7.34E-06	1.14E-08	0.003324124	4.16052E-05	0.007230563	0	1.62356E-05	3.40E-07	7.19294	4.39802E-05	2.74E-09	1.28E-12	0.001104289	8.74401E-05	0.01995672	2.28E-06	4.58E-08	0.003000437	0	0.00724992	0	2.80E-08	1.92E-07	7.196681	4.12375E-05	2.74E-09	1.28E-12																					
78	4.67E-06	3.51E-07	0.01999985	1.73E-07	9.62E-07	0.003304316	0	0.0072456	0	2.47E-06	3.67E-06	7.200013	1.61E-07	2.74E-09	1.27E-12	0.000638303	5.43061E-05	0.01997316	8.18E-06	1.95E-08	0.003324833	4.1669E-05	0.00723055	0	1.62334E-05	3.49E-07	7.194118	3.7777E-05	2.74E-09	1.28E-12	0.001469551	0.000111354	0.01994484	2.52E-06	2.16E-08	0.003001506	0	0.007249879	0	4.74E-08	2.01E-07	7.195419	5.13235E-05	2.74E-09	1.28E-12																					
79	4.02E-06	3.02E-07	0.01999988	1.69E-07	9.67E-07	0.003304292	0	0.00724559	0	2.46E-06	3.67E-06	7.200013	1.40E-07	2.74E-09	1.27E-12	0.000439407	4.19439E-05	0.0199793	9.00E-06	3.01E-08	0.003325335	4.17179E-05	0.007230544	0	1.62272E-05	3.58E-07	7.195228	0.000032297	2.74E-09	1.28E-12	0.001900913	0.000139127	0.01993103	2.75245E-06	1.49E-09	0.003002881	0	0.007249827	0	7.53E-08	2.10E-07	7.193992	6.25626E-05	2.74E-09	1.28E-12																					
80	3.46E-06	2.63E-07	0.0199999	1.66E-07	9.72E-07	0.003304268	0	0.007245579	0	2.46E-06	3.67E-06	7.200013	1.22E-07	2.74E-09	1.27E-12	0.000285487	3.16679E-05	0.01998441	9.81E-06	4.33E-08	0.003325667	4.17514E-05	0.007230541	0	1.62185E-05	3.67E-07	7.196256	2.74959E-05	2.74E-09	1.28E-12	0.002402869	0.000170561	0.01991539	2.84E-06	1.35E-09	0.003004601	1.77E-07	0.007249748	0	1.18E-07	2.07E-07	7.192294	7.46025E-05	2.74E-09	1.28E-12																					
81	2.97E-06	2.31E-07	0.01999991	1.6288E-07	9.77E-07	0.003304243	0	0.00724557	0	2.45E-06	3.67E-06	7.200013	1.06E-07	2.74E-09	1.27E-12	0.00016943	2.3265E-05	0.01998859	1.02761E-05	5.90E-08	0.003325866	4.20743E-05	0.007230543	0	1.62081E-05	3.77E-07	7.19716	2.31319E-05	2.74E-09	1.28E-12	0.002978073	0.000205281	0.01989811	2.90E-06	5.46E-10	0.003006704	4.07E-07	0.007249638	0	1.87E-07	2.05E-07	7.190235	8.74332E-05	2.74E-09	1.28E-12																					
82	2.56E-06	2.02E-07	0.01999993	1.60E-07	9.82E-07	0.003304217	0	0.00724556	0	2.44E-06	3.67E-06	7.200014	9.31E-08	2.74E-09	1.27E-12	0.00011328	1.65338E-05	0.01999193	1.09646E-05	7.57E-08	0.003325971	4.21034E-05	0.007230547	0	1.61969E-05	3.87E-07	7.198537	1.97878E-05	2.74E-09	1.28E-12	0.003622992	0.000243089	0.01987929	2.96E-06	1.46E-09	0.003009225	6.94E-07	0.007249488	0	2.91E-07	2.00E-07	7.187593	0.00010092	2.74E-09	1.28E-12																					
83	2.20143E-06	1.77E-07	0.01999994	1.58E-07	9.86E-07	0.003304191	0	0.00724555	0	2.44E-06	3.66E-06	7.200014	8.22E-08	2.74E-09	1.27E-12	0.000113132	1.13312E-05	0.01999451	1.17312E-05	9.29E-08	0.003326061	4.19484E-05	0.007230555	0	1.61853E-05	4.00E-07	7.199238	1.72526E-05	2.74E-09	1.27E-12	0.004323923	0.000283699	0.01985907	2.99E-06	7.00E-10	0.003012188	1.05E-06	0.007249292	0	4.40E-07	2.00E-07	7.185254	0.00011489	2.73E-09	1.28E-12																					
84	1.89E-06	1.55E-07	0.01999995	1.55E-07	9.90E-07	0.003304164	0	0.00724554	0	2.43E-06	3.66E-06	7.200014	7.53E-08	2.74E-09	1.27E-12	0.000112984	7.45E-06	0.01999644	1.24914E-05	1.10E-07	0.003326151	4.15907E-05	0.007230564	0	1.61734E-05	4.14E-07	7.19983	1.54264E-05	2.74E-09	1.27E-12	0.005073838	0.000326972	0.01983751	3.01626E-06	1.35E-10	0.003015603	1.50E-06	0.007249036	0	6.44E-07	1.99E-07	7.183067	0.000129153	2.73E-09	1.28E-12																					
85	1.64E-06	1.36E-07	0.01999996	1.54E-07	9.94E-07	0.003304138	0	0.007245531	0	2.42E-06	3.66E-06	7.200014	6.95E-08	2.74E-09	1.27E-12	0.0001127	7.43E-06	0.01999642	1.32228E-05	1.28E-07	0.00332624	4.10517E-05	0.007230575	0	1.61615E-05	4.31E-07	7.200167	1.41734E-05	2.74E-09	1.27E-12	0.005870625	0.000372663	0.01981475	3.06E-06	1.09E-09	0.003019478	2.05E-06	0.007248714	0	9.13E-07	1.98E-07	7.180538	0.000143511	2.73E-09	1.28E-12																					
86	1.42E-06	1.19E-07	0.01999997	1.52E-07	9.98E-07	0.003304111	0	0.007245521	0	2.41E-06	3.65727E-06	7.200014	6.46E-08	2.74E-09	1.27E-12	0.000111829	7.58134E-06	0.01999635	1.38642E-05	1.45E-07	0.003326329	4.0405E-05	0.007230588	0	1.61495E-05	4.48E-07	7.200428	1.33518E-05	2.74E-09	1.27E-12	0.006709085	0.00042014	0.0197911	2.99E-06	1.11E-09	0.003023813	2.88E-06	0.007248311	0	1.26E-06	1.98E-07	7.177398	0.000157616	2.73E-09	1.28E-12																					
87	1.24E-06	1.05E-07	0.01999998	1.51E-07	1.00E-06	0.003304084	0	0.007245511	0	2.41E-06	3.65E-06	7.200014	6.05E-08	2.74E-09	1.27E-12	0.000110334	7.72E-06	0.01999629	1.43696E-05	1.65E-07	0.003326417	3.97162E-05	0.007230601	0	1.61375E-05	4.66E-07	7.200642	1.28389E-05	2.74E-09	1.27E-12	0.007574781	0.000468784	0.01976686	2.90E-06	3.34E-11	0.003028605	3.93045E-06	0.007247811	0	1.70E-06	1.99E-07	7.174	0.000171363	2.73E-09	1.29E-12																					
88	1.08E-06	9.25E-08	0.01999998	1.50E-07	1.00E-06	0.003304056	0	0.007245501	0	2.40E-06	3.65E-06	7.200014	5.70E-08	2.74E-09	1.27E-12	0.000108241	7.81E-06	0.01999624	1.42849E-05	1.85E-07	0.003326503	3.92863E-05	0.007230614	0	1.61255E-05	4.84E-07	7.20074	1.29105E-05	2.74E-09	1.27E-12	0.008453592	0.000518003	0.01974233	2.83E-06	3.24E-09	0.00303384	5.19E-06	0.007247202	0	2.25E-06	1.96E-07	7.170684	0.000184656	2.73E-09	1.29E-12																					
89	9.41E-07	8.21E-08	0.01999999	1.49E-07	1.01E-06	0.003304029	0	0.007245491	0	2.39E-06	3.65E-06	7.200014	5.40E-08	2.74E-09	1.27E-12	0.000106014	7.85E-06	0.01999623	1.41419E-05	2.07E-07	0.003326586	3.88268E-05	0.007230627	0	1.61135E-05	5.02E-07	7.200831	1.30371E-05	2.74E-09	1.27E-12	0.009332503	0.000567245	0.01971779	2.77E-06	4.53E-10	0.0030395	6.67E-06	0.007246478	0	2.91E-06	1.99E-07	7.170029	0.00019736	2.73E-09	1.29E-12																					
90	8.21E-07	7.28E-08	0.01999999	1.48E-07	1.00972E-06	0.003304001	0	0.007245481	0	2.38E-06	3.64E-06	7.200014	5.15E-08	2.74E-09	1.27E-12	0.000104138	7.84E-06	0.01999624	1.40012E-05	2.29E-07	0.003326668	3.83106E-05	0.00723064	0	1.61016E-05	5.20E-07	7.200899	1.31659E-05	2.74E-09	1.27E-12	0.01019991	0.000616243	0.01969338	2.72E-06	6.59E-11	0.003045563	8.35632E-06	0.007245643	0	3.67E-06	1.99E-07	7.170126	0.000209369	2.73E-09	1.29E-12																					
91	7.16E-07	6.45E-08	0.02	1.48E-07	1.01E-06	0.003303973	0	0.007245472	0	2.37121E-06	3.64E-06	7.200014	4.94E-08	2.74E-09	1.27E-12	0.000101746	7.79E-06	0.01999627	1.3865E-05	2.53E-07	0.003326747	3.77438E-05	0.007230653	0	1.60896E-05	5.38E-07	7.200952	1.32941E-05	2.74E-09	1.27E-12	0.0110641	0.000667326	0.01966791	2.68E-06	6.94E-11	0.003052004	1.0271E-05	0.007244689	0	4.56E-06	1.99E-07	7.168672	0.000220568	2.73E-09	1.29E-12																					
92	6.24E-07	5.72E-08	0.02	1.47E-07	1.01E-06	0.003303946	0	0.007245462	0	2.36E-06	3.64E-06	7.200014	4.76E-08	2.74E-09	1.27E-12	9.88201E-05	7.78E-06	0.01999627	1.36157E-05	2.78E-07	0.003326823	3.70077E-05	0.007230666	0	1.60776E-05	5.56E-07	7.200965	1.35444E-05	2.74E-09	1.27E-12	0.01194926	0.000715902	0.0196437	2.65E-06	1.19E-09	0.003058813	1.24588E-05	0.007243591	0	5.59E-06	1.98E-07	7.163925	0.000230842	2.73E-09	1.29E-12																					
93	5.44E-07	5.06E-08	0.02	1.47E-07	1.02E-06	0.003303918	0	0.007245452	0	2.35E-06	3.63E-06	7.200014	4.61E-08	2.74E-09	1.27E-12	9.53712E-05	7.73E-06	0.01999631	1.33774E-05	3.04E-07	0.003326897	3.62132E-05	0.00723068	0	1.60656E-05	5.74E-07	7.200967	1.37962E-05	2.74E-09	1.27E-12	0.01276781	0.000761756	0.01962084	2.63E-06	1.74E-09	0.003065963	1.49333E-05	0.00724235	0	6.76E-06	1.98E-07	7.161318	0.000240166	2.73E-09	1.29E-12																					
94	4.74E-07	4.48E-08	0.02000001	1.46E-07	1.02E-06	0.003303889	0	0.007245442	0	2.34E-06	3.63E-06	7.200013	4.48E-08	2.74E-09	1.27E-12	9.1451E-05	7.62E-06	0.01999636	1.33019E-05	3.29E-07	0.003326966	3.5257E-05	0.007230693	0	1.60536E-05	5.92E-07	7.200986	1.38694E-05	2.74E-09	1.27E-12	0.01351678	0.000804737	0.01959941	2.61E-06	1.81E-09	0.003073417	1.76639E-05	0.007240981	0	8.05E-06	1.98E-07	7.160716	0.000248577	2.73E-09	1.29E-12																					
95	4.12E-07	3.97E-08	0.02000001	1.46E-07	1.02E-06	0.003303861	0	0.007245432	0	2.33E-06	3.63E-06	7.200013	4.37E-08	2.74E-09	1.27E-12	8.7095E-05	7.47E-06	0.01999644	1.32324E-05	3.53E-07	0.003327031	3.42981E-05	0.007230706	0	1.60417E-05	6.10E-07	7.200998	1.39372E-05	2.74E-09	1.27E-12	0.01419475	0.000844755	0.01957946	2.59E-06	1.19E-09	0.00308114	2.06255E-05	0.007239497	0	9.46E-06	1.99E-07	7.161798	0.000256551	2.73E-09	1.29E-12																					
96	3.57E-07	3.50E-08	0.02000001	1.46E-07	1.02E-06	0.003303833	0	0.007245422	0	2.33E-06	3.62E-06	7.200013	4.28E-08	2.74E-09	1.27E-12	8.2328E-05	7.26E-06	0.01999655	1.31691E-05	3.77E-07	0.003327091	3.33379E-05	0.007230719	0	1.60297E-05	6.28E-07	7.201003	1.39998E-05	2.74E-09	1.27E-12	0.01479997	0.000881687	0.01956104	2.57E-06	1.46E-09	0.003089101	2.38013E-05	0.007237907	0	1.09709E-05	1.98E-07	7.164459	0.000263546	2.73E-09	1.29E-12																					
97	3.09E-07	3.08E-08	0.02000001	1.46E-07	1.02099E-06	0.003303805	0	0.007245413	0	2.32E-06	3.62E-06	7.200013	4.20E-08	2.74E-09	1.27E-12	7.71408E-05	7.00E-06	0.01999668	1.31168E-05	4.00E-07	0.003327145	3.23759E-05	0.007230733	0	1.60177E-05	6.46E-07	7.200999	1.40523E-05	2.74E-09	1.27E-12	0.01532977	0.000915393	0.01954424	2.54E-06	9.36E-10	0.003097268	2.71453E-05	0.007236233	0	1.25659E-05	1.99E-07	7.169003	0.000269665	2.73E-09	1.29E-12																					
98	2.67E-07	2.71E-08	0.02000001	1.45E-07	1.02E-06	0.003303777	0	0.007245403	0	2.31E-06	3.61453E-06	7.200013	4.14E-08	2.74E-09	1.27E-12	7.15318E-05	6.70E-06	0.01999684	1.30763E-05	4.23E-07	0.003327195	3.14112E-05	0.007230746	0	1.60058E-05	6.63E-07	7.200982	1.40938E-05	2.74E-09	1.27E-12	0.01578232	0.000945754	0.0195291	2.52E-06	1.79E-09	0.003105614	3.05929E-05	0.007234509	0	1.42106E-05	1.98E-07	7.175879	0.000275056	2.73E-09	1.28E-12																					
99	2.30E-07	2.37E-08	0.02000002	1.45E-07	1.02E-06	0.003303749	0	0.007245393	0	2.30E-06	3.61E-06	7.200013	4.10E-08	2.74E-09	1.27E-12	6.55612E-05	6.35E-06	0.01999702	0.000013047	4.44E-07	0.003327237	3.04438E-05	0.007230759	0	1.59938E-05	6.81E-07	7.200961	1.41244E-05	2.74E-09	1.27E-12	0.01616006	0.000972997	0.01951551	2.50E-06	7.39E-10	0.003114113	3.40763E-05	0.007232767	0	1.58717E-05	1.99E-07	7.185206	0.000279849	2.73E-09	1.28E-12																					
100	1.98E-07	2.07E-08	0.02000002	1.45E-07	1.02E-06	0.00330372	0	0.007245383	0	2.29E-06	3.61E-06	7.200013	4.07E-08	2.74E-09	1.27E-12	5.94472E-05	5.95E-06	0.01999722	1.3028E-05	4.64E-07	0.003327274	2.94738E-05	0.007230773	0	1.59819E-05	6.99E-07	7.200944	1.41445E-05	2.74E-09	1.27E-12	0.01647075	0.00099746	0.01950331	2.48E-06	2.01E-10	0.003122739	3.75631E-05	0.007231024	0	1.75331E-05	2.00E-07	7.195645	0.000284089	2.73E-09	1.28E-12																					
101	1.70E-07	1.81E-08	0.02000002	1.45E-07	1.02426E-06	0.003303692	0	0.007245374	0	2.27882E-06	3.60E-06	7.200013	4.05E-08	2.74E-09	1.27E-12	5.33629E-05	5.50E-06	0.01999744	1.30185E-05	4.83E-07	0.003327304	2.85011E-05	0.007230786	0	1.59699E-05	7.17E-07	7.200931	1.41547E-05	2.74E-09	1.27E-12	0.01672249	0.001019468	0.01949234	2.46E-06	2.10E-10	0.00313147	4.10409E-05	0.007229286	0	1.91895E-05	2.00E-07	7.205478	0.000287775	2.73E-09	1.27E-12																					
102	1.45E-07	1.57E-08	0.02000002	1.45E-07	1.02E-06	0.003303663	0	0.007245364	0	2.27E-06	3.59866E-06	7.200013	4.03E-08	2.74E-09	1.27E-12	4.7126E-05	5.03003E-06	0.01999767	1.30232E-05	5.01E-07	0.003327328	2.75259E-05	0.007230799	0	1.59579E-05	7.34E-07	7.200927	1.41495E-05	2.74E-09	1.27E-12	0.01691667	0.001038868	0.01948267	2.44E-06	2.15E-10	0.003140289	0.00004451	0.007227551	0	2.08423E-05	2.00E-07	7.213197	0.000290946	2.72E-09	1.27E-12																					
103	1.24E-07	1.36E-08	0.02000002	1.45E-07	1.03E-06	0.003303635	0	0.007245354	0	2.25999E-06	3.59E-06	7.200013	4.03E-08	2.74E-09	1.27E-12	4.08793E-05	4.53123E-06	0.01999794	1.30342E-05	5.18E-07	0.003327345	2.6548E-05	0.007230813	0	1.5946E-05	7.52E-07	7.200914	1.4138E-05	2.74E-09	1.27E-12	0.01703972	0.001055086	0.01947458	2.43E-06	1.52E-09	0.003149177	4.79992E-05	0.007225804	0	2.25064E-05	1.99E-07	7.218744	0.000293706	2.72E-09	1.27E-12																					
104	1.06E-07	1.18E-08	0.02000002	1.45E-07	1.03E-06	0.003303607	0	0.007245344	0	2.25E-06	3.59E-06	7.200013	4.02E-08	2.74E-09	1.27E-12	3.50517E-05	4.00E-06	0.0199982	1.30492E-05	5.34E-07	0.003327356	2.55677E-05	0.007230826	0	1.5934E-05	7.69E-07	7.200909	1.4122E-05	2.74E-09	1.27E-12	0.01709124	0.001066833	0.01946873	2.42E-06	9.79E-10	0.003158114	5.14985E-05	0.007224053	0	2.41743E-05	1.99E-07	7.224788	0.000296146	2.72E-09	1.26E-12																					
105	8.98E-08	1.02E-08	0.02000002	1.45E-07	1.03E-06	0.003303578	0	0.007245335	0	2.24E-06	3.59E-06	7.200013	4.02E-08	2.74E-09	1.27E-12	2.968E-05	3.49E-06	0.01999845	1.30677E-05	5.48E-07	0.003327361	2.4585E-05	0.00723084	0	1.5922E-05	7.87E-07	7.200905	1.41025E-05	2.74E-09	1.27E-12	0.0170194	0.001073264	0.01946553	2.40E-06	2.19E-09	0.003167073	5.49571E-05	0.007222327	0	2.58174E-05	1.98E-07	7.234721	0.000298336	2.72E-09	1.26E-12																					
106	7.61E-08	8.76E-09	0.02000002	1.45E-07	1.03E-06	0.00330355	0	0.007245325	0	2.23E-06	3.58E-06	7.200013	4.02E-08	2.74E-09	1.27E-12	2.47894E-05	3.00E-06	0.01999868	1.30889E-05	5.62E-07	0.003327361	2.36001E-05	0.007230853	0	1.59101E-05	8.04E-07	7.200903	1.40799E-05	2.74E-09	1.27E-12	0.01687641	0.001077399	0.01946347	2.38E-06	3.95E-09	0.003176024	5.83155E-05	0.007220651	0	2.74101E-05	1.96E-07	7.243577	0.000300058	2.72E-09	1.25E-12																					
107	6.44E-08	7.52E-09	0.02000003	1.45E-07	1.03E-06	0.003303521	0	0.007245315	0	2.22E-06	3.58E-06	7.200013	4.03E-08	2.74E-09	1.27E-12	2.03933E-05	2.55E-06	0.0199989	1.23704E-05	5.74E-07	0.003327356	2.33554E-05	0.007230867	0	1.58981E-05	8.22E-07	7.200854	1.33123E-05	2.74E-09	1.27E-12	0.01668361	0.001078872	0.01946274	2.37E-06	2.69E-10	0.003184951	6.15985E-05	0.007219012	0	2.89663E-05	2.00E-07	7.249791	0.000301159	2.72E-09	1.25E-12																					
108	5.44E-08	6.44E-09	0.02000003	1.45E-07	1.03E-06	0.003303493	0	0.007245305	0	2.21284E-06	3.57E-06	7.200013	4.03E-08	2.74E-09	1.27E-12	1.64894E-05	2.13E-06	0.01999911	1.14191E-05	5.86E-07	0.003327346	2.33447E-05	0.00723088	0	1.58862E-05	8.39E-07	7.200789	0.000012304	2.74E-09	1.27E-12	0.01643563	0.001077306	0.01946352	2.37E-06	2.50E-09	0.003193839	6.48284E-05	0.007217399	0	3.04968E-05	1.98E-07	7.253703	0.000301545	2.72E-09	1.25E-12																					
109	4.59E-08	5.50E-09	0.02000003	1.4484E-07	1.02703E-06	0.003303464	0	0.007245296	0	2.20E-06	3.57E-06	7.200013	4.03E-08	2.74E-09	1.27E-12	1.30621E-05	1.75E-06	0.01999929	1.05597E-05	5.96E-07	0.003327333	2.32412E-05	0.007230894	0	1.58742E-05	8.56E-07	7.20073	1.13822E-05	2.74E-09	1.27E-12	0.01612804	0.001072349	0.01946599	2.37E-06	5.55E-09	0.003202667	6.8013E-05	0.007215809	0	3.20039E-05	1.95E-07	7.255554	0.000300745	2.72E-09	1.25E-12																					
110	3.87E-08	4.70E-09	0.02000003	1.45E-07	1.03E-06	0.003303436	0	0.007245285	0	2.19E-06	3.57E-06	7.200013	4.04E-08	2.74E-09	1.27E-12	1.01178E-05	1.41E-06	0.01999946	9.81E-06	6.06E-07	0.003327316	2.30297E-05	0.007230907	0	1.58623E-05	8.74E-07	7.200677	1.05628E-05	2.74E-09	1.27E-12	0.01576006	0.001063805	0.01947026	2.37E-06	2.11E-09	0.003211414	7.11521E-05	0.007214242	0	3.34898E-05	1.98E-07	7.254902	0.000299201	2.72E-09	1.25E-12																					
