0	3.03E-08	1.00E-23	0.02	1.00E-23	0.000001	0.003	0	0.00725	0	0	0	0.000006	0	5.48716E-05	0	0	0	0.0000003	1.00E-23	0.02	1.00E-23	0.000001	0.003	0	0.00725	0	0	0	0.000006	0	5.48716E-05	0	0	0	0.0000003	1.00E-23	0.02	1.00E-23	0.000001	0.003	0	0.00725	0	0	0	0.000006	0	5.48716E-05	0	0	0	0.0000003	1.00E-23	1.00E-23	1.00E-23	0.000001						
1	0.003752134	1.94E-06	0.01999904	1.39E-07	9.86E-07	0.003001601	0	0.007249926	0	5.16E-08	1.15E-08	6.0032E-06	0	5.48711E-05	0	1.99821E-10	7.06145E-11	3.00E-07	3.53E-10	0.02	3.32E-08	9.99E-07	0.002999974	0	0.007249983	0	2.03E-09	0	5.99995E-06	0	5.48715E-05	0	7.87906E-12	0	3.00E-07	3.53E-10	0.02	3.32E-08	9.99E-07	0.002999974	0	0.007249983	0	2.03E-09	0	5.99995E-06	0	5.48715E-05	0	7.87906E-12	0	3.00E-07	3.53E-10	3.53E-10	3.47E-08	1.00E-06						
2	0.007045325	6.37E-06	0.01999684	2.66E-07	9.45E-07	0.003005538	0	0.007249849	0	1.03E-07	5.59E-08	6.01108E-06	0	5.48705E-05	0	3.97954E-10	3.44417E-10	2.99E-07	7.05E-10	0.02000001	5.72E-08	9.97E-07	0.002999949	0	0.007249971	0	9.79E-11	0	5.9999E-06	0	5.48714E-05	0	3.79096E-13	0	2.99E-07	7.05E-10	0.02000001	5.72E-08	9.97E-07	0.002999949	0	0.007249971	0	9.79E-11	0	5.9999E-06	0	5.48714E-05	0	3.79096E-13	0	2.99E-07	7.05E-10	7.05E-10	6.22E-08	1.00E-06						
3	0.009942743	1.21138E-05	0.01999399	3.8891E-07	8.93E-07	0.003011053	0	0.007249767	0	1.54E-07	1.18E-07	6.02211E-06	0	5.48699E-05	0	5.94976E-10	7.28011E-10	2.99E-07	1.06E-09	0.02000001	6.74E-08	9.92E-07	0.002999923	0	0.007249966	0	9.79E-11	5.37E-09	5.99985E-06	0	5.48714E-05	0	3.79096E-13	3.30946E-11	2.99E-07	1.06E-09	0.02000001	6.74E-08	9.92E-07	0.002999923	0	0.007249966	0	9.79E-11	5.37E-09	5.99985E-06	0	5.48714E-05	0	3.79096E-13	3.30849E-11	2.99E-07	1.06E-09	1.06E-09	8.41E-08	1.00E-06						
4	0.01248959	1.85048E-05	0.01999081	5.06E-07	8.35E-07	0.00301772	0	0.007249679	0	2.04E-07	1.93E-07	6.03544E-06	0	5.48692E-05	0	7.89959E-10	1.19031E-09	2.99E-07	1.41E-09	0.02000001	6.00E-08	9.87E-07	0.002999897	0	0.00724997	0	9.79E-11	9.79E-09	5.99979E-06	0	5.48714E-05	0	3.79096E-13	6.02926E-11	2.99E-07	1.41E-09	0.02000001	6.00E-08	9.87E-07	0.002999897	0	0.00724997	0	9.79E-11	9.79E-09	5.99979E-06	0	5.48714E-05	0	3.79096E-13	6.02907E-11	2.99E-07	1.41E-09	1.41E-09	8.55E-08	1.00E-06						
5	0.01472687	2.51469E-05	0.01998751	6.17E-07	7.75E-07	0.003025265	0	0.007249587	0	2.54E-07	2.78E-07	6.05053E-06	0	5.48685E-05	0	9.84469E-10	1.71391E-09	2.98E-07	1.76E-09	0.02000001	5.71E-08	9.85E-07	0.002999872	0	0.007249971	0	9.79E-11	1.19E-08	5.99974E-06	0	5.48714E-05	0	3.79096E-13	7.36072E-11	2.98E-07	1.76E-09	0.02000001	5.71E-08	9.85E-07	0.002999872	0	0.007249971	0	9.79E-11	1.19E-08	5.99974E-06	0	5.48714E-05	0	3.79096E-13	7.36071E-11	2.98E-07	1.76E-09	1.76E-09	8.69E-08	1.00E-06						
6	0.0166915	3.17865E-05	0.01998422	7.21E-07	7.15E-07	0.003033502	0	0.007249491	0	3.05E-07	3.71E-07	6.067E-06	0	5.48678E-05	0	1.17983E-09	2.28673E-09	2.9789E-07	2.11E-09	0.02000001	5.61E-08	9.84E-07	0.002999846	0	0.007249972	0	9.79E-11	1.31E-08	5.99969E-06	0	5.48714E-05	0	3.79096E-13	8.09003E-11	2.9789E-07	2.11E-09	0.02000001	5.61E-08	9.84E-07	0.002999846	0	0.007249972	0	9.79E-11	1.31E-08	5.99969E-06	0	5.48714E-05	0	3.79096E-13	8.09035E-11	2.9789E-07	2.11E-09	2.11E-09	8.83E-08	1.00E-06						
7	0.0184157	3.82594E-05	0.019981	8.18E-07	6.56E-07	0.003042294	0	0.007249392	0	3.56E-07	4.71E-07	6.08459E-06	0	5.4867E-05	0	1.37706E-09	2.89973E-09	2.98E-07	2.46E-09	0.02000001	5.58E-08	9.83E-07	0.002999821	0	0.007249972	0	9.79E-11	1.40E-08	5.99964E-06	0	5.48714E-05	0	3.79096E-13	8.61165E-11	2.98E-07	2.46E-09	0.02000001	5.58E-08	9.83E-07	0.002999821	0	0.007249972	0	9.79E-11	1.40E-08	5.99964E-06	0	5.48714E-05	0	3.79096E-13	8.61215E-11	2.98E-07	2.46E-09	2.46E-09	8.97E-08	1.00E-06						
8	0.01992761	4.44422E-05	0.01997793	9.08E-07	5.99E-07	0.003051541	0	0.00724929	0	4.07E-07	5.76E-07	6.10308E-06	0	5.48663E-05	0	1.57703E-09	3.54586E-09	2.97E-07	2.81E-09	0.02000001	5.57E-08	9.83E-07	0.002999795	0	0.007249972	0	9.79E-11	1.47E-08	5.99959E-06	0	5.48714E-05	0	3.79096E-13	9.06779E-11	2.9719E-07	2.81E-09	0.02000001	5.57E-08	9.83E-07	0.002999795	0	0.007249972	0	9.79E-11	1.47E-08	5.99959E-06	0	5.48714E-05	0	3.79096E-13	9.06863E-11	2.9719E-07	2.81E-09	2.81E-09	9.11E-08	1.00E-06						
9	0.02125196	5.01746E-05	0.01997508	9.91E-07	5.47E-07	0.003061165	0	0.007249185	0	4.59E-07	6.85E-07	6.12233E-06	0	5.48655E-05	0	1.77918E-09	4.21953E-09	2.97E-07	3.16E-09	0.02000001	5.57E-08	9.82E-07	0.002999769	0	0.007249972	0	9.79E-11	1.54E-08	5.99954E-06	0	5.48714E-05	0	3.79096E-13	9.50373E-11	2.97E-07	3.16E-09	0.02000001	5.57E-08	9.82E-07	0.002999769	0	0.007249972	0	9.79E-11	1.54E-08	5.99954E-06	0	5.48714E-05	0	3.79096E-13	9.50493E-11	2.97E-07	3.16E-09	3.16E-09	9.25E-08	1.00E-06						
10	0.02241073	5.55547E-05	0.01997241	1.07E-06	4.97E-07	0.003071106	0	0.007249077	0	5.12E-07	7.98E-07	6.14221E-06	0	5.48646E-05	0	1.98334E-09	4.9162E-09	2.96E-07	3.51E-09	0.02000001	5.57E-08	9.81E-07	0.002999744	0	0.007249972	0	9.79E-11	1.61E-08	5.99949E-06	0	5.48714E-05	0	3.79096E-13	9.93333E-11	2.96E-07	3.51E-09	0.02000001	5.57E-08	9.81E-07	0.002999744	0	0.007249972	0	9.79E-11	1.61E-08	5.99949E-06	0	5.48714E-05	0	3.79096E-13	9.93479E-11	2.96E-07	3.51E-09	3.51E-09	9.39E-08	1.00E-06						
11	0.02342333	6.05701E-05	0.01996992	1.14E-06	4.51E-07	0.003081315	0	0.007248968	0	5.65E-07	9.14E-07	6.16263E-06	0	5.48638E-05	0	2.18956E-09	5.63213E-09	2.96E-07	3.86E-09	0.02000001	5.57E-08	9.80E-07	0.002999718	0	0.007249972	0	9.79E-11	1.68E-08	5.99944E-06	0	5.48714E-05	0	3.79096E-13	1.03608E-10	2.96E-07	3.86E-09	0.02000001	5.57E-08	9.80E-07	0.002999718	0	0.007249972	0	9.79E-11	1.68E-08	5.99944E-06	0	5.48714E-05	0	3.79096E-13	1.03624E-10	2.96E-07	3.86E-09	3.86E-09	9.53E-08	1.00E-06						
12	0.02430695	6.52215E-05	0.01996761	1.21E-06	4.08E-07	0.003091755	0	0.007248857	0	6.19E-07	1.03E-06	6.18351E-06	0	5.4863E-05	0	2.39781E-09	6.36423E-09	2.96E-07	4.20E-09	0.02000001	5.57E-08	9.80E-07	0.002999692	0	0.007249972	0	9.79E-11	1.75E-08	5.99938E-06	0	5.48714E-05	0	3.79096E-13	1.07872E-10	2.96E-07	4.20E-09	0.02000001	5.57E-08	9.80E-07	0.002999692	0	0.007249972	0	9.79E-11	1.75E-08	5.99938E-06	0	5.48714E-05	0	3.79096E-13	1.07889E-10	2.96E-07	4.20E-09	4.20E-09	9.66E-08	1.00E-06						
13	0.02507683	6.95179E-05	0.01996548	1.27E-06	3.68E-07	0.003102396	0	0.007248744	0	6.73E-07	1.15E-06	6.20479E-06	0	5.48621E-05	0	2.60795E-09	7.10988E-09	2.95E-07	4.55E-09	0.02000001	5.57E-08	9.79E-07	0.002999667	0	0.007249972	0	9.79E-11	1.82E-08	5.99933E-06	0	5.48714E-05	0	3.79096E-13	1.12126E-10	2.95E-07	4.55E-09	0.02000001	5.57E-08	9.79E-07	0.002999667	0	0.007249972	0	9.79E-11	1.82E-08	5.99933E-06	0	5.48714E-05	0	3.79096E-13	1.12148E-10	2.95E-07	4.55E-09	4.55E-09	9.80E-08	1.00E-06						
14	0.02574649	7.34742E-05	0.01996351	1.32162E-06	3.32E-07	0.00311321	0	0.00724863	0	7.28E-07	1.28E-06	6.22642E-06	0	5.48613E-05	0	2.81984E-09	7.86684E-09	2.95E-07	4.90E-09	0.02000001	5.58E-08	9.76E-07	0.002999641	0	0.007249972	0	9.79E-11	1.89E-08	5.99928E-06	0	5.48714E-05	0	3.79096E-13	1.16363E-10	2.951E-07	4.90E-09	0.02000001	5.57E-08	9.78E-07	0.002999641	0	0.007249972	0	9.79E-11	1.89E-08	5.99928E-06	0	5.48714E-05	0	3.79096E-13	1.16401E-10	2.951E-07	4.90E-09	4.90E-09	9.94E-08	1.00E-06						
15	0.02632793	7.71089E-05	0.01996171	1.37E-06	2.99E-07	0.003124179	0	0.007248514	0	7.83E-07	1.40E-06	6.24836E-06	0	5.48604E-05	0	3.03332E-09	8.63277E-09	2.95E-07	5.25E-09	0.02000001	5.77E-08	9.71E-07	0.002999615	0	0.007249973	0	9.79E-11	2.00E-08	5.99923E-06	0	5.48714E-05	0	3.79096E-13	1.23432E-10	2.95E-07	5.25E-09	0.02000001	5.57E-08	9.78E-07	0.002999615	0	0.007249972	0	9.79E-11	1.96E-08	5.99923E-06	0	5.48714E-05	0	3.79096E-13	1.20649E-10	2.95E-07	5.25E-09	5.25E-09	1.01E-07	1.00E-06						
16	0.02683185	8.04422E-05	0.01996005	1.42E-06	2.73E-07	0.003135285	0	0.007248395	0	8.39E-07	1.52E-06	6.27057E-06	0	5.48595E-05	0	3.24797E-09	9.38146E-09	2.94E-07	5.59E-09	0.02000001	6.17E-08	9.63E-07	0.00299959	0	0.007249975	0	9.79E-11	2.26E-08	5.99918E-06	0	5.48714E-05	0	3.79096E-13	1.38992E-10	2.94E-07	5.59E-09	0.02000001	5.58E-08	9.77E-07	0.00299959	0	0.007249972	0	9.79E-11	2.03E-08	5.99918E-06	0	5.48714E-05	0	3.79096E-13	1.24892E-10	2.94E-07	5.59E-09	5.59E-09	1.02E-07	1.00E-06						
17	0.02726773	8.34875E-05	0.01995854	1.47022E-06	2.52E-07	0.003146512	0	0.007248274	0	8.94E-07	1.64E-06	6.29302E-06	0	5.48586E-05	0	3.46304E-09	1.01154E-08	2.94E-07	8.11E-09	0.02000001	6.89E-08	9.49E-07	0.002999564	0	0.007249978	0	9.79E-11	2.68E-08	5.99913E-06	0	5.48715E-05	0	3.79096E-13	1.64864E-10	2.94E-07	5.94E-09	0.02000001	5.58E-08	9.76E-07	0.002999564	0	0.007249972	0	9.79E-11	2.10E-08	5.99913E-06	0	5.48714E-05	0	3.79096E-13	1.2913E-10	2.94E-07	5.94E-09	5.94E-09	1.04E-07	1.00E-06						
18	0.027644	8.62258E-05	0.01995718	1.51E-06	2.33E-07	0.003157851	0	0.007248152	0	9.4992E-07	1.76E-06	6.3157E-06	0	5.48576E-05	0	3.6788E-09	1.08517E-08	2.94E-07	1.79E-07	0.01999993	9.41E-08	9.29E-07	0.002999539	0	0.007249977	0	9.79E-11	3.33E-08	5.99908E-06	0	5.48715E-05	0	3.79096E-13	2.05E-10	2.94E-07	6.29E-09	0.02000001	5.58E-08	9.76E-07	0.002999539	0	0.007249972	0	9.79E-11	2.16E-08	5.99908E-06	0	5.48714E-05	0	3.79096E-13	1.33363E-10	2.94E-07	6.29E-09	6.29E-09	1.05E-07	1.00E-06						
19	0.02796814	8.86598E-05	0.01995597	1.54714E-06	2.17E-07	0.00316929	0	0.007248029	0	1.01E-06	1.88E-06	6.33858E-06	0	5.48567E-05	0	3.89536E-09	1.15901E-08	2.93E-07	7.28E-07	0.01999966	1.31E-07	9.03E-07	0.002999513	0	0.007249974	0	2.41E-09	4.12E-08	5.99903E-06	0	5.48714E-05	0	9.34176E-12	2.53584E-10	2.93E-07	6.63E-09	0.02000001	5.58E-08	9.75E-07	0.002999513	0	0.007249972	0	9.79E-11	2.23E-08	5.99903E-06	0	5.48714E-05	0	3.79096E-13	1.37591E-10	2.93E-07	6.63E-09	6.63E-09	1.06E-07	1.00E-06						
20	0.02824682	9.08323E-05	0.01995489	1.58E-06	2.02E-07	0.003180822	0	0.007247906	0	1.06E-06	2.00E-06	6.36164E-06	0	5.48558E-05	0	4.11262E-09	1.23299E-08	6.90221E-06	1.80E-06	0.01999913	1.86E-07	8.70E-07	0.002999489	0	0.007249969	0	7.64E-09	4.96E-08	5.99898E-06	0	5.48714E-05	0	2.95966E-11	3.05373E-10	2.93E-07	6.98E-09	0.02000001	5.58E-08	9.74E-07	0.002999487	0	0.007249972	0	9.79E-11	2.30E-08	5.99897E-06	0	5.48714E-05	0	3.79096E-13	1.41813E-10	2.93E-07	6.98E-09	6.98E-09	1.08E-07	1.00E-06						
21	0.02471294	9.23845E-05	0.01995412	1.60E-06	1.93E-07	0.0031921	0	0.007247784	0	1.12E-06	2.11719E-06	6.3842E-06	0	5.48549E-05	0	4.32992E-09	1.30419E-08	4.54348E-05	3.59E-06	0.01999825	2.55E-07	8.27E-07	0.002999485	0	0.007249963	0	1.37E-08	5.88E-08	5.99897E-06	0	5.48713E-05	0	5.30856E-11	3.62512E-10	2.93E-07	7.32E-09	0.02000001	5.58E-08	9.74E-07	0.002999461	0	0.007249972	0	9.79E-11	2.37E-08	5.99892E-06	0	5.48714E-05	0	3.79096E-13	1.46031E-10	2.93E-07	7.32E-09	7.32E-09	1.09E-07	1.00E-06						
22	0.02160817	9.29853E-05	0.01995382	1.62E-06	1.94E-07	0.003202769	0	0.007247666	0	1.17E-06	2.22E-06	6.40554E-06	0	5.4854E-05	0	4.54528E-09	1.36997E-08	0.000125679	6.28E-06	0.01999692	3.39E-07	7.74E-07	0.002999536	0	0.007249959	0	2.03E-08	7.02E-08	5.99907E-06	0	5.48713E-05	0	7.84939E-11	4.32217E-10	2.92E-07	7.66E-09	0.02000001	5.58E-08	9.73E-07	0.002999436	0	0.007249972	0	9.79E-11	2.44E-08	5.99887E-06	0	5.48714E-05	0	3.79096E-13	1.50244E-10	2.92E-07	7.66E-09	7.66E-09	1.10E-07	1.00E-06						
23	0.01888867	9.27214E-05	0.01995394	1.62E-06	2.03E-07	0.003212804	0	0.007247552	0	1.23E-06	2.32E-06	6.42561E-06	0	5.48531E-05	0	4.75778E-09	1.43065E-08	0.000256627	1.00903E-05	0.01999504	4.43E-07	7.11E-07	0.002999683	0	0.007249954	0	2.73E-08	8.41E-08	5.99937E-06	0	5.48713E-05	0	1.05803E-10	5.1801E-10	2.92E-07	8.01E-09	0.02000001	5.58E-08	9.72E-07	0.00299941	0	0.007249972	0	9.79E-11	2.51E-08	5.99882E-06	0	5.48714E-05	0	3.79096E-13	1.54452E-10	2.92E-07	8.01E-09	8.01E-09	1.12E-07	1.00E-06						
24	0.01650728	9.16812E-05	0.01995446	1.61E-06	2.17E-07	0.003222188	0	0.007247443	0	1.28E-06	2.41E-06	6.44438E-06	0	5.48523E-05	0	4.96691E-09	1.48659E-08	0.000448082	1.52194E-05	0.0199925	5.82E-07	6.38E-07	0.002999974	0	0.007249945	0	3.49E-08	1.01E-07	5.99995E-06	0	5.48712E-05	0	1.35172E-10	6.2489E-10	2.92E-07	8.35E-09	0.02000001	5.58E-08	9.72E-07	0.002999385	0	0.007249972	0	9.79E-11	2.58E-08	5.99877E-06	0	5.48714E-05	0	3.79096E-13	1.58654E-10	2.92E-07	8.35E-09	8.35E-09	1.13E-07	1.00E-06						
25	0.0144111	8.99533E-05	0.01995532	1.60E-06	2.37E-07	0.003230916	0	0.007247338	0	1.34E-06	2.50E-06	6.46183E-06	0	5.48515E-05	0	5.17297E-09	1.53814E-08	0.000708593	2.18635E-05	0.0199892	7.57E-07	5.52E-07	0.003000459	0	0.007249931	0	4.60E-08	1.21E-07	6.00092E-06	0	5.48711E-05	0	1.77958E-10	7.48003E-10	2.91E-07	8.69E-09	0.02000001	5.58E-08	9.71E-07	0.002999359	0	0.007249972	0	9.79E-11	2.64E-08	5.99872E-06	0	5.48714E-05	0	3.79096E-13	1.62852E-10	2.91E-07	8.69E-09	8.69E-09	1.15E-07	1.00E-06						
26	0.01255708	8.76229E-05	0.01995647	1.58E-06	2.60E-07	0.003238984	0	0.007247238	0	1.39E-06	2.57E-06	6.47797E-06	0	5.48507E-05	0	5.37516E-09	1.58564E-08	0.00105031	3.0275E-05	0.01998503	9.66E-07	4.66E-07	0.003001191	0	0.007249915	0	5.93E-08	1.44E-07	6.00238E-06	0	5.4871E-05	0	2.29631E-10	8.8552E-10	2.91E-07	9.04E-09	0.02000001	5.58E-08	9.70E-07	0.002999333	0	0.007249972	0	9.79E-11	2.71E-08	5.99867E-06	0	5.48714E-05	0	3.79096E-13	1.67044E-10	2.91E-07	9.04E-09	9.04E-09	1.16E-07	1.00E-06						
27	0.01092626	8.47769E-05	0.01995789	1.55E-06	2.86E-07	0.003246402	0	0.007247144	0	1.44E-06	2.65E-06	6.4928E-06	0	5.485E-05	0	5.57232E-09	1.62946E-08	0.001484771	4.07492E-05	0.01997983	1.22344E-06	3.81E-07	0.003002224	0	0.007249896	0	7.33E-08	1.69E-07	6.00445E-06	0	5.48708E-05	0	2.83705E-10	1.03876E-09	2.91E-07	9.38E-09	0.02000001	5.58E-08	9.69E-07	0.002999308	0	0.007249972	0	9.79E-11	2.78E-08	5.99862E-06	0	5.48714E-05	0	3.79096E-13	1.71232E-10	2.91E-07	9.38E-09	9.38E-09	1.17E-07	1.00E-06						
28	0.009493913	8.15035E-05	0.01995951	1.52E-06	3.14E-07	0.003253184	0	0.007247054	0	1.49E-06	2.71094E-06	6.50637E-06	0	5.48493E-05	0	5.76409E-09	1.66994E-08	0.002020221	5.33699E-05	0.01997356	1.51E-06	2.98E-07	0.003003615	0	0.007249875	0	8.74E-08	1.96E-07	6.00723E-06	0	5.48707E-05	0	3.38366E-10	1.21016E-09	2.90E-07	9.72E-09	0.02000001	5.59E-08	9.69E-07	0.002999282	0	0.007249972	0	9.79E-11	2.85E-08	5.99856E-06	0	5.48714E-05	0	3.79096E-13	1.75415E-10	2.90E-07	9.72E-09	9.72E-09	1.19E-07	1.00E-06						
29	0.008236736	7.78884E-05	0.01996131	1.48E-06	3.43E-07	0.003259351	0	0.007246969	0	1.54E-06	2.77E-06	6.5187E-06	0	5.48487E-05	0	5.9502E-09	1.7074E-08	0.002662208	6.81984E-05	0.01996619	1.79E-06	2.17E-07	0.003005422	0	0.00724985	0	1.03E-07	2.27E-07	6.01084E-06	0	5.48705E-05	0	3.9829E-10	1.39909E-09	2.90E-07	1.01E-08	0.02000001	5.59E-08	9.68E-07	0.002999256	0	0.007249972	0	9.79E-11	2.92E-08	5.99851E-06	0	5.48714E-05	0	3.79096E-13	1.79593E-10	2.90E-07	1.01E-08	1.01E-08	1.20E-07	1.00E-06						
30	0.007134187	7.4013E-05	0.01996323	1.44E-06	3.72E-07	0.003264932	0	0.007246889	0	1.58E-06	2.83E-06	6.52986E-06	0	5.48481E-05	0	6.13051E-09	1.74211E-08	0.003413798	8.50462E-05	0.01995781	2.08E-06	1.63E-07	0.003007695	0	0.007249805	0	1.21E-07	2.38E-07	6.01539E-06	0	5.48701E-05	0	4.67422E-10	1.46505E-09	2.90E-07	1.04E-08	0.02000001	5.59E-08	9.67E-07	0.002999231	0	0.007249972	0	9.79E-11	2.98E-08	5.99846E-06	0	5.48714E-05	0	3.79096E-13	1.83765E-10	2.90E-07	1.04E-08	1.04E-08	1.21E-07	1.00E-06						
31	0.00616385	6.99089E-05	0.01996527	1.39E-06	4.02E-07	0.00326993	0	0.007246815	0	1.63E-06	2.88E-06	6.53986E-06	0	5.48475E-05	0	6.3061E-09	1.77437E-08	0.004288077	0.000103724	0.01994852	2.37E-06	1.17E-07	0.003010509	0	0.007249752	0	1.42E-07	2.49E-07	6.02102E-06	0	5.48697E-05	0	5.49316E-10	1.53127E-09	2.89E-07	1.07E-08	0.02000001	5.59E-08	9.67E-07	0.002999205	0	0.007249972	0	9.79E-11	3.05E-08	5.99841E-06	0	5.48714E-05	0	3.79096E-13	1.87931E-10	2.89E-07	1.07E-08	1.07E-08	1.23E-07	1.00E-06						
32	0.005315788	6.56893E-05	0.01996737	1.34E-06	4.32E-07	0.003274404	0	0.007246745	0	1.67E-06	2.93E-06	6.54881E-06	0	5.4847E-05	0	6.47585E-09	1.8042E-08	0.005285088	0.000124089	0.01993838	2.65E-06	7.58E-08	0.003013891	0	0.007249692	0	1.68E-07	2.62E-07	6.02778E-06	0	5.48693E-05	0	6.49139E-10	1.61322E-09	2.89E-07	1.11E-08	0.02000001	5.58E-08	9.66E-07	0.00299918	0	0.007249972	0	9.79E-11	3.12E-08	5.99836E-06	0	5.48714E-05	0	3.79096E-13	1.92094E-10	2.89E-07	1.11E-08	1.11E-08	1.24E-07	1.00E-06						
33	0.004576148	6.14164E-05	0.0199695	1.29E-06	4.61E-07	0.003278387	0	0.007246681	0	1.71E-06	2.97E-06	6.55677E-06	0	5.48465E-05	0	6.6399E-09	1.83184E-08	0.006371718	0.000145948	0.0199275	2.84E-06	3.94E-08	0.003017871	9.81E-08	0.007249622	0	2.01E-07	2.77E-07	6.03574E-06	3.80046E-10	5.48688E-05	0	7.77304E-10	1.70682E-09	2.89E-07	1.14E-08	0.02000001	5.59E-08	9.65E-07	0.002999154	0	0.007249972	0	9.79E-11	3.19E-08	5.99831E-06	0	5.48714E-05	0	3.79096E-13	1.96252E-10	2.89E-07	1.14E-08	1.14E-08	1.25E-07	1.00E-06						
34	0.003932511	5.71461E-05	0.01997162	1.23E-06	4.91E-07	0.003281916	0	0.00724662	0	1.76E-06	3.02E-06	6.56383E-06	0	5.4846E-05	0	6.79837E-09	1.85738E-08	0.007522126	0.000170593	0.01991523	2.92E-06	7.00E-09	0.003022453	3.09E-07	0.007249531	0	2.50E-07	2.95E-07	6.04491E-06	1.19537E-09	5.48681E-05	0	9.68044E-10	1.81607E-09	2.88E-07	1.18E-08	0.02000001	5.59E-08	9.65E-07	0.002999128	0	0.007249972	0	9.79E-11	3.25E-08	5.99826E-06	0	5.48714E-05	0	3.79096E-13	2.00406E-10	2.88E-07	1.18E-08	1.18E-08	1.27E-07	1.00E-06						
35	0.003373564	5.29278E-05	0.01997371	1.17E-06	5.20E-07	0.00328503	0	0.007246565	0	1.79E-06	3.05E-06	6.57006E-06	0	5.48456E-05	0	6.9514E-09	1.88096E-08	0.008715529	0.000196089	0.01990253	3.01E-06	8.53E-11	0.003027628	5.51E-07	0.007249401	0	3.22E-07	2.98E-07	6.05526E-06	2.13428E-09	5.48671E-05	0	1.24811E-09	1.83867E-09	2.88E-07	1.21E-08	0.02000001	5.58E-08	9.64E-07	0.002999103	0	0.007249972	0	9.79E-11	3.32E-08	5.99821E-06	0	5.48714E-05	0	3.79096E-13	2.04555E-10	2.88E-07	1.21E-08	1.21E-08	1.28E-07	1.00E-06						
36	0.002889219	4.8804E-05	0.01997576	1.11E-06	5.48E-07	0.003287763	0	0.007246512	0	1.83E-06	3.09E-06	6.57553E-06	0	5.48452E-05	0	7.09911E-09	1.90275E-08	0.009930626	0.000221747	0.01988975	3.07491E-06	5.49E-10	0.003033377	8.46E-07	0.00724924	0	4.20E-07	2.97E-07	6.06675E-06	3.27588E-09	5.48659E-05	0	1.62504E-09	1.83153E-09	2.88E-07	1.24E-08	0.02000001	5.59E-08	9.63E-07	0.002999077	0	0.007249972	0	9.79E-11	3.39E-08	5.99815E-06	0	5.48714E-05	0	3.79096E-13	2.08699E-10	2.88E-07	1.24E-08	1.24E-08	1.29E-07	1.00E-06						
37	0.002470498	4.48105E-05	0.01997775	1.05765E-06	5.76E-07	0.003290152	0	0.007246462	0	1.87E-06	3.12E-06	6.5803E-06	0	5.48448E-05	0	7.24164E-09	1.92292E-08	0.01122274	0.000247353	0.01987699	3.13E-06	9.22E-10	0.003039677	1.16E-06	0.007249047	0	5.45E-07	2.96E-07	6.07935E-06	4.48027E-09	5.48644E-05	0	2.11014E-09	1.82605E-09	2.87E-07	1.28E-08	0.02000001	5.59E-08	9.63E-07	0.002999051	0	0.007249972	0	9.79E-11	3.46E-08	5.9981E-06	0	5.48714E-05	0	3.79096E-13	2.12838E-10	2.87E-07	1.28E-08	1.28E-08	1.31E-07	1.00E-06						
38	0.002109401	4.09769E-05	0.01997965	1.00E-06	6.03E-07	0.00329223	0	0.007246416	0	1.91E-06	3.15E-06	6.58446E-06	0	5.48445E-05	0	7.37915E-09	1.94164E-08	0.01253421	0.000272724	0.01986435	3.18E-06	2.65E-09	0.003046523	1.54897E-06	0.007248812	0	7.09E-07	2.94E-07	6.09305E-06	5.99877E-09	5.48626E-05	0	2.74665E-09	1.81378E-09	2.87E-07	1.31E-08	0.02000001	5.59E-08	9.62E-07	0.002999026	0	0.007249972	0	9.79E-11	3.52E-08	5.99805E-06	0	5.48714E-05	0	3.79096E-13	2.16971E-10	2.87E-07	1.31E-08	1.31E-08	1.32E-07	1.00E-06						
39	0.001798795	3.73265E-05	0.01998147	9.47E-07	6.28E-07	0.003294032	0	0.007246371	0	1.94E-06	3.18E-06	6.58806E-06	0	5.48442E-05	0	7.51182E-09	1.95909E-08	0.01376354	0.000297588	0.01985196	3.08E-06	1.41E-11	0.003053866	2.17E-06	0.007248528	0	9.20E-07	2.97E-07	6.10773E-06	8.39406E-09	5.48605E-05	0	3.56383E-09	1.82892E-09	2.87E-07	1.35E-08	0.02000001	5.59E-08	9.61E-07	0.002999	0	0.007249972	0	9.79E-11	3.59E-08	0.000005998	0	5.48714E-05	0	3.79096E-13	2.21102E-10	2.87E-07	1.35E-08	1.35E-08	1.33E-07	1.00E-06						
40	0.001532307	3.38774E-05	0.01998318	8.94E-07	6.52E-07	0.003295587	0	0.00724633	0	1.97E-06	3.21E-06	6.59117E-06	0	5.48438E-05	0	7.63988E-09	1.97541E-08	0.01490285	0.000321678	0.01983995	3.01E-06	2.62E-09	0.003061651	2.88E-06	0.007248189	0	1.18231E-06	2.94E-07	6.1233E-06	1.11683E-08	5.48579E-05	0	4.57879E-09	1.81304E-09	2.86E-07	1.38E-08	0.02000001	5.58E-08	9.61E-07	0.002998974	0	0.007249972	0	9.79E-11	3.66E-08	5.99795E-06	0	5.48714E-05	0	3.79096E-13	2.25226E-10	2.86E-07	1.38E-08	1.38E-08	1.35E-07	1.00E-06						
41	0.001304257	3.06422E-05	0.01998479	8.42E-07	6.75E-07	0.003296925	0	0.007246291	0	2.00E-06	3.23E-06	6.59385E-06	0	5.48436E-05	0	7.76357E-09	1.99074E-08	0.01594379	0.000344751	0.01982845	2.94E-06	9.15E-11	0.003069825	3.70E-06	0.007247796	0	1.50E-06	2.97E-07	6.13965E-06	1.43429E-08	5.48549E-05	0	5.79874E-09	1.82906E-09	2.86E-07	1.41E-08	0.02000001	5.60E-08	9.60E-07	0.002998949	0	0.007249972	0	9.79E-11	3.72E-08	5.9979E-06	0	5.48714E-05	0	3.79096E-13	2.29343E-10	2.86E-07	1.41E-08	1.41E-08	1.36E-07	1.00E-06						
42	0.001109589	2.76289E-05	0.01998629	7.92E-07	6.96E-07	0.003298072	0	0.007246254	0	2.04E-06	3.26E-06	6.59614E-06	0	5.48433E-05	0	7.88318E-09	2.0052E-08	0.01687615	0.000366629	0.01981755	2.88E-06	2.15E-11	0.003078341	4.63E-06	0.007247349	0	1.86E-06	2.97E-07	6.15668E-06	1.79149E-08	5.48516E-05	0	7.22125E-09	1.83049E-09	2.86E-07	1.45E-08	0.02000001	5.60E-08	9.59E-07	0.002998923	0	0.007249972	0	9.79E-11	3.79E-08	5.99785E-06	0	5.48714E-05	0	3.79096E-13	2.33457E-10	2.86E-07	1.45E-08	1.45E-08	1.37E-07	1.00E-06						
43	0.000943822	2.48408E-05	0.01998768	7.44E-07	7.16E-07	0.003299054	0	0.007246219	0	2.07E-06	3.28E-06	6.59811E-06	0	5.4843E-05	0	7.99906E-09	2.0189E-08	0.01769139	0.000387321	0.01980724	2.83E-06	2.51E-10	0.003087148	5.65E-06	0.007246845	0	2.29E-06	2.97E-07	6.1743E-06	2.18966E-08	5.48477E-05	0	8.8545E-09	1.82924E-09	2.85E-07	1.48E-08	0.02000001	5.59E-08	9.59E-07	0.002998898	0	0.007249972	0	9.79E-11	3.86E-08	5.9978E-06	0	5.48714E-05	0	3.79096E-13	2.37567E-10	2.85E-07	1.48E-08	1.48E-08	1.39E-07	1.00E-06						
44	0.000802993	2.22777E-05	0.01998895	6.99E-07	7.35E-07	0.003299891	0	0.007246186	0	2.09E-06	3.30E-06	6.59978E-06	0	5.48428E-05	0	8.11165E-09	2.03192E-08	0.01838652	0.000406897	0.01979748	2.79E-06	2.55E-11	0.003096206	6.77E-06	0.007246294	0	2.75E-06	2.97E-07	6.19241E-06	2.62369E-08	5.48436E-05	0	1.06691E-08	1.83153E-09	2.85E-07	1.51E-08	0.02000001	5.59E-08	9.58E-07	0.002998872	0	0.007249972	0	9.79E-11	3.92E-08	5.99774E-06	0	5.48714E-05	0	3.79096E-13	2.4167E-10	2.85E-07	1.51E-08	1.51E-08	1.40E-07	1.00E-06						
45	0.000683605	1.99356E-05	0.01999011	6.55E-07	7.52E-07	0.003300604	0	0.007246153	0	2.12E-06	3.32E-06	6.60121E-06	0	5.48425E-05	0	8.22154E-09	2.04435E-08	0.0189708	0.000425346	0.01978828	2.74E-06	2.89E-11	0.003105476	7.98E-06	0.007245702	0	3.26E-06	2.97E-07	6.21095E-06	3.08958E-08	5.48391E-05	0	1.26336E-08	1.83235E-09	2.85E-07	1.55E-08	0.02000001	5.60E-08	9.57E-07	0.002998846	0	0.007249972	0	9.79E-11	3.99E-08	5.99769E-06	0	5.48714E-05	0	3.79096E-13	2.45767E-10	2.85E-07	1.55E-08	1.55E-08	1.42E-07	1.00E-06						
46	0.000582583	1.78078E-05	0.01999117	6.13E-07	7.68E-07	0.003301212	0	0.007246121	0	2.15E-06	3.33806E-06	6.60242E-06	0	5.48423E-05	0	8.32957E-09	2.05624E-08	0.01945574	0.000442209	0.01977988	2.70E-06	3.11E-11	0.00311492	9.26E-06	0.007245072	0	3.81E-06	2.98E-07	6.22984E-06	3.58497E-08	5.48343E-05	0	1.47431E-08	1.83324E-09	2.84E-07	1.58E-08	0.02000001	5.60E-08	9.57E-07	0.002998821	0	0.007249972	0	9.79E-11	4.06E-08	5.99764E-06	0	5.48714E-05	0	3.79096E-13	2.4986E-10	2.84E-07	1.58E-08	1.58E-08	1.43E-07	1.00E-06						
47	0.000497232	1.58852E-05	0.01999213	5.81E-07	7.83E-07	0.003301728	0	0.007246091	0	2.18E-06	3.36E-06	6.60346E-06	0	5.4842E-05	0	8.43476E-09	2.06767E-08	0.01984523	0.000457335	0.01977234	2.67E-06	3.22E-11	0.003124505	1.06051E-05	0.007244403	0	4.39E-06	2.98E-07	6.24901E-06	4.10709E-08	5.48293E-05	0	1.69968E-08	1.83363E-09	2.84E-07	1.61E-08	0.02000001	5.60E-08	9.56E-07	0.002998795	0	0.007249972	0	9.79E-11	4.12E-08	5.99759E-06	0	5.48714E-05	0	3.79096E-13	2.53948E-10	2.84E-07	1.61E-08	1.61E-08	1.44E-07	1.00E-06						
48	0.000427272	1.41579E-05	0.01999299	5.52E-07	7.96E-07	0.003302168	0	0.007246062	0	2.20E-06	3.37E-06	6.60434E-06	0	5.48418E-05	0	8.53381E-09	2.07869E-08	0.02011378	0.000470374	0.01976584	2.64E-06	3.72E-11	0.003134203	1.20195E-05	0.0072437	0	5.00E-06	2.98E-07	6.26841E-06	4.65486E-08	5.48239E-05	0	1.93824E-08	1.83408E-09	2.84E-07	1.65E-08	0.02000001	5.60E-08	9.55E-07	0.002998769	0	0.007249972	0	9.79E-11	4.19E-08	5.99754E-06	0	5.48714E-05	0	3.79096E-13	2.58031E-10	2.84E-07	1.65E-08	1.65E-08	1.46E-07	1.00E-06						
49	0.000367572	1.26141E-05	0.01999375	5.25E-07	8.08E-07	0.003302543	0	0.007246036	0	2.23E-06	3.39E-06	6.60509E-06	0	5.48416E-05	0	8.62701E-09	2.08936E-08	0.02025965	0.000479531	0.01976128	2.62E-06	3.42E-09	0.003143981	1.34864E-05	0.007242966	0	5.65E-06	2.94E-07	6.28796E-06	5.22294E-08	5.48184E-05	0	2.18874E-08	1.81362E-09	2.83E-07	1.68E-08	0.02000001	5.60E-08	9.55E-07	0.002998744	0	0.007249972	0	9.79E-11	4.26E-08	5.99749E-06	0	5.48714E-05	0	3.79096E-13	2.6211E-10	2.83E-07	1.68E-08	1.68E-08	1.47E-07	1.00E-06						
50	0.000316265	1.12386E-05	0.01999444	4.99E-07	8.19E-07	0.003302864	0	0.00724601	0	2.25E-06	3.41E-06	6.60573E-06	0	5.48414E-05	0	8.71465E-09	2.0997E-08	0.02028546	0.000487445	0.01975734	2.61E-06	8.62E-10	0.003153809	1.50015E-05	0.007242209	0	6.32E-06	2.97E-07	6.30762E-06	5.80969E-08	5.48127E-05	0	2.44833E-08	1.82982E-09	2.83E-07	1.71E-08	0.02000001	5.60E-08	9.54E-07	0.002998718	0	0.007249972	0	9.79E-11	4.32E-08	5.99744E-06	0	5.48714E-05	0	3.79096E-13	2.66183E-10	2.83E-07	1.71E-08	1.71E-08	1.48E-07	1.00E-06						
51	0.000272745	1.00165E-05	0.01999505	4.74E-07	8.29E-07	0.003303136	0	0.007245986	0	2.27E-06	3.42E-06	6.60627E-06	0	5.48412E-05	0	8.79748E-09	2.10974E-08	0.02008018	0.000493866	0.01975414	2.58E-06	1.72E-09	0.003163644	1.65311E-05	0.007241454	0	6.99E-06	2.96E-07	6.32729E-06	6.40207E-08	5.48069E-05	0	2.7069E-08	1.82466E-09	2.83E-07	1.75E-08	0.02000001	5.60E-08	9.53E-07	0.002998692	0	0.007249972	0	9.79E-11	4.39E-08	5.99738E-06	0	5.48714E-05	0	3.79096E-13	2.7025E-10	2.83E-07	1.75E-08	1.75E-08	1.49E-07	1.00E-06						
52	0.000235926	8.93E-06	0.01999558	4.51E-07	8.38E-07	0.003303368	0	0.007245964	0	2.29E-06	3.44E-06	6.60674E-06	0	5.48411E-05	0	8.87616E-09	2.11948E-08	0.01979906	0.000498558	0.0197518	2.56E-06	4.50E-11	0.003173449	1.80267E-05	0.007240714	0	7.64225E-06	2.98E-07	6.3469E-06	6.9813E-08	5.48013E-05	0	2.95965E-08	1.83571E-09	2.82E-07	1.78E-08	0.02000001	5.61E-08	9.53E-07	0.002998667	0	0.007249972	0	9.79E-11	4.45E-08	5.99733E-06	0	5.48714E-05	0	3.79096E-13	2.74311E-10	2.82E-07	1.78E-08	1.78E-08	1.51E-07	1.00E-06						
53	0.000204705	7.98E-06	0.01999606	4.30E-07	8.46E-07	0.003303566	0	0.007245942	0	2.31E-06	3.46E-06	6.60713E-06	0	5.48409E-05	0	8.95075E-09	2.12895E-08	0.01943771	0.000501337	0.01975041	2.55E-06	4.49E-11	0.003183202	1.94979E-05	0.007239985	0	8.28E-06	2.98E-07	6.3664E-06	7.55105E-08	5.47958E-05	0	3.20806E-08	1.83581E-09	2.82E-07	1.81E-08	0.02000001	5.61E-08	9.52E-07	0.002998641	0	0.007249972	0	9.79E-11	4.519E-08	5.99728E-06	0	5.48714E-05	0	3.79096E-13	2.7837E-10	2.82E-07	1.81E-08	1.81E-08	1.52E-07	1.00E-06						
54	0.000178149	7.13E-06	0.01999648	4.09E-07	8.53E-07	0.003303734	0	0.007245921	0	2.33E-06	3.47E-06	6.60747E-06	0	5.48408E-05	0	9.02135E-09	2.13814E-08	0.01899192	0.00050211	0.01975003	2.54E-06	4.40E-11	0.003192879	2.09478E-05	0.007239266	0	8.92E-06	2.98E-07	6.38576E-06	8.11257E-08	5.47904E-05	0	3.45271E-08	1.8354E-09	2.82E-07	1.85E-08	0.02000001	5.61E-08	9.51E-07	0.002998615	0	0.007249972	0	9.79E-11	4.58E-08	5.99723E-06	0	5.48714E-05	0	3.79096E-13	2.82426E-10	2.82E-07	1.85E-08	1.85E-08	1.53E-07	1.00E-06						
55	0.000155442	6.38E-06	0.01999685	3.90E-07	8.60E-07	0.003303878	0	0.007245901	0	2.35E-06	3.49E-06	6.60776E-06	0	5.48406E-05	0	9.08829E-09	2.14707E-08	0.01846295	0.000500817	0.01975067	2.55E-06	3.93E-09	0.00320245	2.23723E-05	0.007238559	0	9.54E-06	2.94E-07	6.4049E-06	8.66424E-08	5.4785E-05	0	3.6932E-08	1.81132E-09	2.81E-07	1.88E-08	0.02000001	5.61E-08	9.51E-07	0.00299859	0	0.007249972	0	9.79E-11	4.65E-08	5.99718E-06	0	5.48714E-05	0	3.79096E-13	2.86477E-10	2.81E-07	1.88E-08	1.88E-08	1.55E-07	1.00E-06						
56	0.00013563	5.72E-06	0.01999718	3.72E-07	8.66E-07	0.003303999	0	0.007245881	0	2.36E-06	3.50E-06	6.608E-06	0	5.48405E-05	0	9.15189E-09	2.15572E-08	0.01785607	0.000497259	0.01975245	2.55E-06	2.54E-09	0.003211887	2.37651E-05	0.007237866	0	1.01446E-05	2.95E-07	6.42377E-06	9.20362E-08	5.47798E-05	0	3.92877E-08	1.82002E-09	2.81E-07	1.91E-08	0.02000001	5.61E-08	9.50E-07	0.002998564	0	0.007249972	0	9.79E-11	4.72E-08	5.99713E-06	0	5.48714E-05	0	3.79096E-13	2.90515E-10	2.81E-07	1.91E-08	1.91E-08	1.56E-07	1.00E-06						
57	0.000118315	5.13E-06	0.01999747	3.55E-07	8.71E-07	0.003304102	0	0.007245862	0	2.38E-06	3.51E-06	6.6082E-06	0	5.48403E-05	0	9.21228E-09	2.16409E-08	0.01717669	0.000491132	0.01975551	2.57E-06	3.32E-10	0.003221159	2.51262E-05	0.007237185	0	1.07412E-05	2.98E-07	6.44232E-06	9.73073E-08	5.47746E-05	0	4.15978E-08	1.83301E-09	2.81E-07	1.95E-08	0.02000001	5.60E-08	9.47E-07	0.002998539	0	0.007249972	0	9.79E-11	4.78E-08	5.99708E-06	0	5.48714E-05	0	3.79096E-13	2.94508E-10	2.81E-07	1.95E-08	1.95E-08	1.57E-07	1.00E-06						
58	0.000103188	4.61E-06	0.01999773	3.40E-07	8.76E-07	0.003304188	0	0.007245845	0	2.39E-06	3.53E-06	6.60838E-06	0	5.48402E-05	0	9.26885E-09	2.1722E-08	0.01641744	0.000482293	0.01975991	2.60E-06	4.46E-11	0.003230232	2.64606E-05	0.007236514	0	1.13285E-05	2.98E-07	6.46046E-06	1.02475E-07	5.47696E-05	0	4.38725E-08	1.83428E-09	2.80E-07	1.98E-08	0.02000001	5.62E-08	9.41E-07	0.002998513	0	0.007249972	0	9.79E-11	4.84E-08	5.99703E-06	0	5.48714E-05	0	3.79096E-13	2.9842E-10	2.80E-07	1.98E-08	1.98E-08	1.59E-07	1.00E-06						
59	8.99752E-05	4.15E-06	0.01999797	3.28E-07	8.81E-07	0.003304259	0	0.007245827	0	2.41E-06	3.54E-06	6.60852E-06	0	5.484E-05	0	9.32105E-09	2.18005E-08	0.01557451	0.000470629	0.01976572	2.63E-06	4.75E-11	0.003239066	2.77679E-05	0.007235855	0	1.19058E-05	2.98E-07	6.47813E-06	1.07538E-07	5.47646E-05	0	4.61081E-08	1.83359E-09	2.80E-07	2.01E-08	0.02000001	5.62E-08	9.31E-07	0.002998487	0	0.007249972	0	9.79E-11	4.91E-08	5.99697E-06	0	5.48714E-05	0	3.79096E-13	3.02205E-10	2.80E-07	2.01E-08	2.01E-08	1.60E-07	1.00E-06						
60	7.84315E-05	3.72E-06	0.01999818	3.16E-07	8.85E-07	0.003304318	0	0.007245811	0	2.42E-06	3.55E-06	6.60864E-06	0	5.48399E-05	0	9.36855E-09	2.18763E-08	0.01465178	0.000456367	0.01977284	2.66E-06	5.98E-10	0.003247621	2.90378E-05	0.007235214	0	1.24664E-05	2.97E-07	6.49524E-06	1.12456E-07	5.47597E-05	0	4.82791E-08	1.82948E-09	2.7956E-07	2.04E-08	0.02000001	5.63E-08	9.16E-07	0.002998461	0	0.007249972	0	9.79E-11	4.97E-08	5.99692E-06	0	5.48714E-05	0	3.79096E-13	3.05848E-10	2.80E-07	2.04E-08	2.04E-08	1.61E-07	1.00E-06						
61	6.82672E-05	3.34E-06	0.01999837	3.05E-07	8.89E-07	0.003304365	0	0.007245796	0	2.43E-06	3.56E-06	6.60873E-06	0	5.48398E-05	0	9.41134E-09	2.19493E-08	0.0136643	0.000439948	0.01978102	2.70387E-06	3.91E-11	0.003255852	3.02475E-05	0.007234604	0	1.29979E-05	2.97E-07	6.5117E-06	1.17141E-07	5.47551E-05	0	5.03376E-08	1.83163E-09	2.79E-07	2.08E-08	0.02000001	5.66E-08	8.95E-07	0.002998436	0	0.007249972	0	9.79E-11	5.02E-08	5.99687E-06	0	5.48714E-05	0	3.79096E-13	3.09327E-10	2.79E-07	2.08E-08	2.08E-08	1.63E-07	1.00E-06						
62	5.92445E-05	2.99E-06	0.01999854	2.94E-07	8.93E-07	0.003304402	0	0.007245781	0	2.44008E-06	3.57E-06	6.6088E-06	0	5.48397E-05	0	9.44982E-09	2.20193E-08	0.01263885	0.000421508	0.01979021	2.75E-06	4.01E-11	0.00326372	3.1378E-05	0.007234034	0	1.34921E-05	2.97E-07	6.52744E-06	1.21519E-07	5.47508E-05	0	5.22514E-08	1.83078E-09	2.79E-07	2.11E-08	0.02000001	5.83E-08	8.69E-07	0.00299841	0	0.007249972	0	9.79E-11	5.10E-08	5.99682E-06	0	5.48714E-05	0	3.79096E-13	3.13992E-10	2.79E-07	2.11E-08	2.11E-08	1.64E-07	1.00E-06						
63	5.13187E-05	2.68E-06	0.0199987	2.83E-07	8.96E-07	0.003304431	0	0.007245767	0	2.45E-06	3.59E-06	6.60886E-06	0	5.48396E-05	0	9.48423E-09	2.20861E-08	0.01158967	0.000401214	0.01980033	2.80629E-06	3.56E-11	0.003271186	3.24218E-05	0.007233504	0	1.39475E-05	2.97E-07	6.54237E-06	1.25561E-07	5.47468E-05	0	5.40152E-08	1.83016E-09	2.79E-07	2.14E-08	0.02000001	6.58E-08	8.34E-07	0.002998385	0	0.007249974	0	9.79E-11	5.37E-08	5.99677E-06	0	5.48714E-05	0	3.79096E-13	3.30736E-10	2.79E-07	2.14E-08	2.14E-08	1.65E-07	1.00E-06						
64	4.43721E-05	2.38E-06	0.01999884	2.73E-07	9.00E-07	0.003304452	0	0.007245754	0	2.46E-06	3.60E-06	6.6089E-06	0	5.48395E-05	0	9.51471E-09	2.21493E-08	0.01053291	0.000379278	0.01981127	2.87E-06	1.04E-09	0.003278215	3.33909E-05	0.007233018	0	1.43622E-05	2.96E-07	6.55643E-06	1.29314E-07	5.47431E-05	0	5.56212E-08	1.82287E-09	2.78E-07	2.18E-08	0.02000001	8.08E-08	7.90E-07	0.002998359	0	0.007249978	0	9.79E-11	5.90E-08	5.99672E-06	0	5.48715E-05	0	3.79096E-13	3.63253E-10	2.78E-07	2.18E-08	2.18E-08	1.665E-07	1.00E-06						
65	3.82902E-05	2.12E-06	0.01999897	2.62E-07	9.04E-07	0.003304467	0	0.007245741	0	2.46E-06	3.61E-06	6.60893E-06	0	5.48394E-05	0	9.54133E-09	2.22089E-08	0.009483846	0.000355797	0.01982297	2.95E-06	5.87E-10	0.003284776	3.43084E-05	0.007232579	0	1.47325E-05	2.96E-07	6.56955E-06	1.32868E-07	5.47398E-05	0	5.70551E-08	1.82555E-09	2.78E-07	2.21E-08	0.02000001	1.09E-07	7.37E-07	0.002998333	0	0.007249985	0	9.79E-11	6.61E-08	5.99667E-06	0	5.48715E-05	0	3.79096E-13	4.07003E-10	2.78E-07	2.21E-08	2.21E-08	1.68E-07	1.00E-06						
66	3.2972E-05	1.88E-06	0.01999909	2.53E-07	9.08E-07	0.003304475	0	0.007245729	0	2.47E-06	3.61E-06	6.60895E-06	0	5.48393E-05	0	9.56414E-09	2.22647E-08	0.008456919	0.000331051	0.01983531	3.04E-06	4.10E-09	0.003290843	3.51744E-05	0.007232189	0	1.50559E-05	2.93E-07	6.58169E-06	1.36222E-07	5.47368E-05	0	5.83077E-08	1.80359E-09	2.78E-07	2.24E-08	0.02000001	1.62E-07	6.78E-07	0.002998308	0	0.00724999	0	9.79E-11	7.42E-08	5.99662E-06	0	5.48715E-05	0	3.79096E-13	4.56935E-10	2.78E-07	2.24E-08	2.24E-08	1.69E-07	1.00E-06						
67	2.83277E-05	1.65871E-06	0.0199992	2.43E-07	9.12E-07	0.003304478	0	0.007245717	0	2.47E-06	3.62281E-06	6.60896E-06	0	5.48392E-05	0	9.58319E-09	2.23165E-08	0.00746518	0.000305436	0.01984808	3.14E-06	1.46E-10	0.0032964	3.6018E-05	0.00723185	0	1.53322E-05	2.97E-07	6.5928E-06	1.39489E-07	5.47343E-05	0	5.93778E-08	1.8276E-09	2.77E-07	1.63E-07	0.01999995	2.44E-07	6.14E-07	0.002998282	0	0.00724999	0	9.79E-11	8.27E-08	5.99656E-06	0	5.48715E-05	0	3.79096E-13	5.09617E-10	2.77E-07	2.27E-08	2.27E-08	1.71E-07	1.00E-06						
68	2.42784E-05	1.46E-06	0.0199993	2.35E-07	9.16E-07	0.003304477	0	0.007245705	0	2.48E-06	3.63E-06	6.60895E-06	0	5.48391E-05	0	9.59853E-09	2.23641E-08	0.006481849	0.000279315	0.0198611	3.27E-06	2.56E-11	0.003301425	3.68788E-05	0.007231559	0	1.55625E-05	2.97E-07	6.60285E-06	1.42822E-07	5.47321E-05	0	6.02697E-08	1.82796E-09	2.77E-07	9.99E-07	0.01999955	3.50E-07	5.43E-07	0.002998256	0	0.00724999	0	9.79E-11	9.17E-08	5.99651E-06	0	5.48715E-05	0	3.79096E-13	5.648E-10	2.77E-07	2.31E-08	2.31E-08	1.72E-07	1.00E-06						
69	2.07565E-05	1.28E-06	0.01999939	2.27E-07	9.20E-07	0.003304472	0	0.007245693	0	2.48E-06	3.63758E-06	6.60894E-06	0	5.4839E-05	0	9.61018E-09	2.24075E-08	0.005534324	0.000253002	0.01987421	3.43E-06	2.51E-10	0.003305877	3.7698E-05	0.007231315	0	1.57498E-05	2.96E-07	6.61175E-06	1.45995E-07	5.47302E-05	0	6.09949E-08	1.82637E-09	1.01E-06	2.80E-06	0.01999867	4.78E-07	4.69E-07	0.002998231	0	0.007249994	0	9.79E-11	1.03E-07	5.99646E-06	0	5.48716E-05	0	3.79096E-13	6.33008E-10	2.77E-07	2.34E-08	2.34E-08	1.73E-07	1.00E-06						
70	1.77039E-05	1.12E-06	0.01999947	2.19E-07	9.24E-07	0.003304463	0	0.007245682	0	2.48E-06	3.64E-06	6.60893E-06	0	5.48389E-05	0	9.61817E-09	2.24465E-08	0.004669874	0.00022685	0.01988724	3.63E-06	4.92E-10	0.00330977	3.84763E-05	0.007231114	0	1.5898E-05	2.96E-07	6.61954E-06	1.49009E-07	5.47287E-05	0	6.15689E-08	1.82501E-09	1.59273E-05	5.82E-06	0.01999718	6.24E-07	3.96E-07	0.002998212	0	0.007249999	0	9.79E-11	1.16E-07	5.99642E-06	0	5.48716E-05	0	3.79096E-13	7.17164E-10	2.76E-07	2.37E-08	2.37E-08	1.74E-07	1.00E-06						
71	1.5067E-05	9.81E-07	0.01999954	2.12E-07	9.28E-07	0.003304451	0	0.007245671	0	2.48E-06	3.65E-06	6.6089E-06	0	5.48389E-05	0	9.62253E-09	2.2481E-08	0.003890058	0.000199459	0.01990092	3.88E-06	4.06E-10	0.003313128	3.92065E-05	0.007230954	0	1.60117E-05	2.97E-07	6.62626E-06	1.51837E-07	5.47275E-05	0	6.20092E-08	1.83246E-09	5.42751E-05	1.03617E-05	0.01999494	8.22E-07	3.25E-07	0.002998219	0	0.007250006	0	9.79E-11	1.32E-07	5.99644E-06	0	5.48717E-05	0	3.79096E-13	8.13381E-10	2.76E-07	2.40E-08	2.40E-08	1.76E-07	1.00E-06						
72	1.27962E-05	8.53E-07	0.0199996	2.05E-07	9.33E-07	0.003304437	0	0.007245661	0	2.48E-06	3.65E-06	6.60887E-06	0	5.48388E-05	0	9.62334E-09	2.2511E-08	0.003194418	0.000172994	0.0199141	4.19E-06	1.28E-10	0.003315985	3.98731E-05	0.00723083	0	1.60958E-05	3.01E-07	6.63197E-06	1.54419E-07	5.47265E-05	0	6.23351E-08	1.854E-09	0.000121602	1.67314E-05	0.01999179	1.04E-06	2.57E-07	0.002998276	0	0.007250012	0	9.82E-11	1.49E-07	5.99655E-06	0	5.48717E-05	0	3.80393E-13	9.17556E-10	2.76E-07	2.44E-08	2.44E-08	1.77E-07	1.00E-06						
73	1.08467E-05	7.40E-07	0.01999966	1.99E-07	9.38E-07	0.003304421	0	0.007245651	0	2.48E-06	3.66E-06	6.60884E-06	0	5.48387E-05	0	9.6207E-09	2.25366E-08	0.002580927	0.000148263	0.01992641	4.60E-06	1.56E-10	0.003318376	4.04543E-05	0.007230737	0	1.61555E-05	3.06E-07	6.63675E-06	1.56669E-07	5.47258E-05	0	6.2566E-08	1.88708E-09	0.000223717	2.52682E-05	0.01998757	1.28063E-06	1.93E-07	0.002998412	0	0.007250011	0	8.38E-10	1.67E-07	5.99682E-06	0	5.48717E-05	0	3.24587E-12	1.02654E-09	2.75E-07	2.47E-08	2.47E-08	1.78E-07	1.00E-06						
74	9.18E-06	6.41E-07	0.01999971	1.93E-07	9.43E-07	0.003304403	0	0.00724564	0	2.48E-06	3.66E-06	6.60881E-06	0	5.48386E-05	0	9.61473E-09	2.25578E-08	0.002046321	0.000125417	0.01993778	5.12E-06	2.06E-10	0.003320339	4.09305E-05	0.007230669	0	1.61952E-05	3.14E-07	6.64068E-06	1.58514E-07	5.47253E-05	0	6.27198E-08	1.9335E-09	0.000366871	3.6308E-05	0.0199821	1.54891E-06	1.47E-07	0.002998659	0	0.007249996	0	3.15E-09	1.73E-07	5.99732E-06	0	5.48716E-05	0	1.21803E-11	1.06369E-09	2.75E-07	2.50E-08	2.50E-08	1.79E-07	1.00E-06						
75	7.76E-06	5.53E-07	0.01999975	1.87E-07	9.47E-07	0.003304383	0	0.00724563	0	2.48E-06	3.66472E-06	6.60877E-06	0	5.48386E-05	0	9.60562E-09	2.25747E-08	0.001586048	0.000104552	0.01994816	5.76E-06	1.66E-09	0.003321917	4.12783E-05	0.007230621	0	1.62194E-05	3.22E-07	6.64383E-06	1.5986E-07	5.4725E-05	0	6.28135E-08	1.9853E-09	0.00055744	5.01629E-05	0.01997522	1.80E-06	1.08E-07	0.002999053	0	0.007249977	0	7.62E-09	1.79E-07	5.99811E-06	0	5.48715E-05	0	2.95035E-11	1.10191E-09	2.75E-07	2.53E-08	2.53E-08	1.81E-07	1.00E-06						
76	6.55E-06	4.76E-07	0.01999979	1.82E-07	9.52E-07	0.003304362	0	0.00724562	0	2.4772E-06	3.67E-06	6.60872E-06	0	5.48385E-05	0	9.59358E-09	2.25873E-08	0.001202887	8.57421E-05	0.01995752	6.52E-06	5.35E-09	0.003323165	4.14918E-05	0.007230585	0	1.62318E-05	3.31E-07	6.64633E-06	1.60687E-07	5.47247E-05	0	6.28617E-08	2.03835E-09	0.000801527	6.71254E-05	0.01996681	2.05E-06	7.39E-08	0.002999633	0	0.007249952	0	1.54E-08	1.86E-07	5.99927E-06	0	5.48713E-05	0	5.95039E-11	1.14342E-09	2.74E-07	2.56E-08	2.56E-08	1.82E-07	1.00E-06						
77	5.52537E-06	4.09E-07	0.01999982	1.78E-07	9.57E-07	0.00330434	0	0.00724561	0	2.47E-06	3.67E-06	6.60868E-06	0	5.48384E-05	0	9.57873E-09	2.25957E-08	0.000889979	6.89648E-05	0.01996587	7.34E-06	1.14E-08	0.003324124	4.16052E-05	0.007230563	0	1.62356E-05	3.40E-07	6.64825E-06	1.61127E-07	5.47245E-05	0	6.28765E-08	2.09182E-09	0.001104289	8.74401E-05	0.01995672	2.28E-06	4.58E-08	0.003000437	0	0.00724992	0	2.80E-08	1.92E-07	6.00087E-06	0	5.4871E-05	0	1.08488E-10	1.18557E-09	2.74E-07	2.60E-08	2.60E-08	1.83E-07	1.00E-06						
78	4.67E-06	3.51E-07	0.01999985	1.73E-07	9.62E-07	0.003304316	0	0.0072456	0	2.47E-06	3.67E-06	6.60863E-06	0	5.48383E-05	0	9.56126E-09	2.26002E-08	0.000638303	5.43061E-05	0.01997316	8.18E-06	1.95E-08	0.003324833	4.1669E-05	0.00723055	0	1.62334E-05	3.49E-07	6.64967E-06	1.61374E-07	5.47244E-05	0	6.28679E-08	2.14847E-09	0.001469551	0.000111354	0.01994484	2.52E-06	2.16E-08	0.003001506	0	0.007249879	0	4.74E-08	2.01E-07	6.00301E-06	0	5.48707E-05	0	1.83684E-10	1.23629E-09	2.74E-07	2.63E-08	2.63E-08	1.85E-07	1.00E-06						
79	4.02E-06	3.02E-07	0.01999988	1.69E-07	9.67E-07	0.003304292	0	0.00724559	0	2.46E-06	3.67E-06	6.60858E-06	0	5.48382E-05	0	9.54132E-09	2.26011E-08	0.000439407	4.19439E-05	0.0199793	9.00E-06	3.01E-08	0.003325335	4.17179E-05	0.007230544	0	1.62272E-05	3.58E-07	6.65067E-06	1.61563E-07	5.47244E-05	0	6.28439E-08	2.20552E-09	0.001900913	0.000139127	0.01993103	2.75245E-06	1.49E-09	0.003002881	0	0.007249827	0	7.53E-08	2.10E-07	6.00576E-06	0	5.48703E-05	0	2.91471E-10	1.29144E-09	2.73E-07	2.66E-08	2.66E-08	1.86E-07	1.00E-06						
80	3.46E-06	2.63E-07	0.0199999	1.66E-07	9.72E-07	0.003304268	0	0.007245579	0	2.46E-06	3.67E-06	6.60854E-06	0	5.48382E-05	0	9.5191E-09	2.25986E-08	0.000285487	3.16679E-05	0.01998441	9.81E-06	4.33E-08	0.003325667	4.17514E-05	0.007230541	0	1.62185E-05	3.67E-07	6.65133E-06	1.61693E-07	5.47243E-05	0	6.28101E-08	2.26232E-09	0.002402869	0.000170561	0.01991539	2.84E-06	1.35E-09	0.003004601	1.77E-07	0.007249748	0	1.18E-07	2.07E-07	6.0092E-06	6.8564E-10	5.48697E-05	0	4.57122E-10	1.27361E-09	2.73E-07	2.69E-08	2.69E-08	1.87E-07	1.00E-06						
81	2.97E-06	2.31E-07	0.01999991	1.6288E-07	9.77E-07	0.003304243	0	0.00724557	0	2.45E-06	3.67E-06	6.60849E-06	0	5.48381E-05	0	9.49477E-09	2.25931E-08	0.00016943	2.3265E-05	0.01998859	1.02761E-05	5.90E-08	0.003325866	4.20743E-05	0.007230543	0	1.62081E-05	3.77E-07	6.65173E-06	1.62943E-07	5.47244E-05	0	6.277E-08	2.31966E-09	0.002978073	0.000205281	0.01989811	2.90E-06	5.46E-10	0.003006704	4.07E-07	0.007249638	0	1.87E-07	2.05E-07	6.01341E-06	1.57662E-09	5.48689E-05	0	7.24172E-10	1.26413E-09	2.73E-07	2.73E-08	2.73E-08	1.89E-07	1.00E-06						
82	2.56E-06	2.02E-07	0.01999993	1.60E-07	9.82E-07	0.003304217	0	0.00724556	0	2.44E-06	3.67E-06	6.60843E-06	0	5.4838E-05	0	9.46854E-09	2.25847E-08	0.00011328	1.65338E-05	0.01999193	1.09646E-05	7.57E-08	0.003325971	4.21034E-05	0.007230547	0	1.61969E-05	3.87E-07	6.65194E-06	1.63056E-07	5.47244E-05	0	6.27265E-08	2.38596E-09	0.003622992	0.000243089	0.01987929	2.96E-06	1.46E-09	0.003009225	6.94E-07	0.007249488	0	2.91E-07	2.00E-07	6.01845E-06	2.68729E-09	5.48677E-05	0	1.12696E-09	1.23478E-09	2.72E-07	2.76E-08	2.76E-08	1.90E-07	1.00E-06						
83	2.20143E-06	1.77E-07	0.01999994	1.58E-07	9.86E-07	0.003304191	0	0.00724555	0	2.44E-06	3.66E-06	6.60838E-06	0	5.48379E-05	0	9.44057E-09	2.25739E-08	0.000113132	1.13312E-05	0.01999451	1.17312E-05	9.29E-08	0.003326061	4.19484E-05	0.007230555	0	1.61853E-05	4.00E-07	6.65212E-06	1.62456E-07	5.47245E-05	0	6.26815E-08	2.46327E-09	0.004323923	0.000283699	0.01985907	2.99E-06	7.00E-10	0.003012188	1.05E-06	0.007249292	0	4.40E-07	2.00E-07	6.02438E-06	4.07636E-09	5.48663E-05	0	1.70403E-09	1.22993E-09	2.72E-07	2.79E-08	2.79E-08	1.91E-07	1.00E-06						
84	1.89E-06	1.55E-07	0.01999995	1.55E-07	9.90E-07	0.003304164	0	0.00724554	0	2.43E-06	3.66E-06	6.60833E-06	0	5.48379E-05	0	9.41127E-09	2.25607E-08	0.000112984	7.45E-06	0.01999644	1.24914E-05	1.10E-07	0.003326151	4.15907E-05	0.007230564	0	1.61734E-05	4.14E-07	6.6523E-06	1.6107E-07	5.47245E-05	0	6.26357E-08	2.55106E-09	0.005073838	0.000326972	0.01983751	3.01626E-06	1.35E-10	0.003015603	1.50E-06	0.007249036	0	6.44E-07	1.99E-07	6.03121E-06	5.80934E-09	5.48643E-05	0	2.4947E-09	1.22777E-09	2.72E-07	2.82E-08	2.82E-08	1.92E-07	1.00E-06						
85	1.64E-06	1.36E-07	0.01999996	1.54E-07	9.94E-07	0.003304138	0	0.007245531	0	2.42E-06	3.66E-06	6.60828E-06	0	5.48378E-05	0	9.38092E-09	2.25455E-08	0.0001127	7.43E-06	0.01999642	1.32228E-05	1.28E-07	0.00332624	4.10517E-05	0.007230575	0	1.61615E-05	4.31E-07	6.65248E-06	1.58983E-07	5.47246E-05	0	6.25894E-08	2.65252E-09	0.005870625	0.000372663	0.01981475	3.06E-06	1.09E-09	0.003019478	2.05E-06	0.007248714	0	9.13E-07	1.98E-07	6.03896E-06	7.95479E-09	5.48619E-05	0	3.53518E-09	1.22106E-09	2.71E-07	2.85E-08	2.85E-08	1.94E-07	1.00E-06						
86	1.42E-06	1.19E-07	0.01999997	1.52E-07	9.98E-07	0.003304111	0	0.007245521	0	2.41E-06	3.65727E-06	6.60822E-06	0	5.48377E-05	0	9.34965E-09	2.25288E-08	0.000111829	7.58134E-06	0.01999635	1.38642E-05	1.45E-07	0.003326329	4.0405E-05	0.007230588	0	1.61495E-05	4.48E-07	6.65266E-06	1.56478E-07	5.47247E-05	0	6.25431E-08	2.76214E-09	0.006709085	0.00042014	0.0197911	2.99E-06	1.11E-09	0.003023813	2.88E-06	0.007248311	0	1.26E-06	1.98E-07	6.04763E-06	1.11614E-08	5.48588E-05	0	4.87495E-09	1.22092E-09	2.71E-07	2.89E-08	2.89E-08	1.95E-07	1.00E-06						
87	1.24E-06	1.05E-07	0.01999998	1.51E-07	1.00E-06	0.003304084	0	0.007245511	0	2.41E-06	3.65E-06	6.60817E-06	0	5.48377E-05	0	9.31757E-09	2.25107E-08	0.000110334	7.72E-06	0.01999629	1.43696E-05	1.65E-07	0.003326417	3.97162E-05	0.007230601	0	1.61375E-05	4.66E-07	6.65283E-06	1.53811E-07	5.47248E-05	0	6.24967E-08	2.87283E-09	0.007574781	0.000468784	0.01976686	2.90E-06	3.34E-11	0.003028605	3.93045E-06	0.007247811	0	1.70E-06	1.99E-07	6.05721E-06	1.52217E-08	5.48551E-05	0	6.58141E-09	1.2276E-09	2.71E-07	2.92E-08	2.92E-08	1.96E-07	1.00E-06						
88	1.08E-06	9.25E-08	0.01999998	1.50E-07	1.00E-06	0.003304056	0	0.007245501	0	2.40E-06	3.65E-06	6.60811E-06	0	5.48376E-05	0	9.28479E-09	2.24915E-08	0.000108241	7.81E-06	0.01999624	1.42849E-05	1.85E-07	0.003326503	3.92863E-05	0.007230614	0	1.61255E-05	4.84E-07	6.65301E-06	1.52146E-07	5.47249E-05	0	6.24502E-08	2.98371E-09	0.008453592	0.000518003	0.01974233	2.83E-06	3.24E-09	0.00303384	5.19E-06	0.007247202	0	2.25E-06	1.96E-07	6.06768E-06	2.0086E-08	5.48504E-05	0	8.70111E-09	1.20823E-09	2.71E-07	2.95E-08	2.95E-08	1.98E-07	1.00E-06						
89	9.41E-07	8.21E-08	0.01999999	1.49E-07	1.01E-06	0.003304029	0	0.007245491	0	2.39E-06	3.65E-06	6.60806E-06	0	5.48375E-05	0	9.2514E-09	2.24713E-08	0.000106014	7.85E-06	0.01999623	1.41419E-05	2.07E-07	0.003326586	3.88268E-05	0.007230627	0	1.61135E-05	5.02E-07	6.65317E-06	1.50366E-07	5.4725E-05	0	6.24037E-08	3.09457E-09	0.009332503	0.000567245	0.01971779	2.77E-06	4.53E-10	0.0030395	6.67E-06	0.007246478	0	2.91E-06	1.99E-07	0.000006079	2.58153E-08	5.4845E-05	0	1.12557E-08	1.22579E-09	2.70E-07	2.98E-08	2.98E-08	1.99E-07	1.00E-06						
90	8.21E-07	7.28E-08	0.01999999	1.48E-07	1.00972E-06	0.003304001	0	0.007245481	0	2.38E-06	3.64E-06	6.608E-06	0	5.48374E-05	0	9.21747E-09	2.24503E-08	0.000104138	7.84E-06	0.01999624	1.40012E-05	2.29E-07	0.003326668	3.83106E-05	0.00723064	0	1.61016E-05	5.20E-07	6.65334E-06	1.48367E-07	5.47251E-05	0	6.23573E-08	3.20538E-09	0.01019991	0.000616243	0.01969338	2.72E-06	6.59E-11	0.003045563	8.35632E-06	0.007245643	0	3.67E-06	1.99E-07	6.09113E-06	3.23619E-08	5.48386E-05	0	1.4232E-08	1.22838E-09	2.70E-07	3.01E-08	3.01E-08	2.00E-07	1.00E-06						
91	7.16E-07	6.45E-08	0.02	1.48E-07	1.01E-06	0.003303973	0	0.007245472	0	2.37121E-06	3.64E-06	6.60795E-06	0	5.48374E-05	0	9.1831E-09	2.24287E-08	0.000101746	7.79E-06	0.01999627	1.3865E-05	2.53E-07	0.003326747	3.77438E-05	0.007230653	0	1.60896E-05	5.38E-07	6.65349E-06	1.46172E-07	5.47252E-05	0	6.23108E-08	3.31612E-09	0.0110641	0.000667326	0.01966791	2.68E-06	6.94E-11	0.003052004	1.0271E-05	0.007244689	0	4.56E-06	1.99E-07	6.10401E-06	3.97771E-08	5.48314E-05	0	1.76602E-08	1.22829E-09	2.70E-07	3.04E-08	3.04E-08	2.01E-07	1.00E-06						
92	6.24E-07	5.72E-08	0.02	1.47E-07	1.01E-06	0.003303946	0	0.007245462	0	2.36E-06	3.64E-06	6.60789E-06	0	5.48373E-05	0	9.14834E-09	2.24065E-08	9.88201E-05	7.78E-06	0.01999627	1.36157E-05	2.78E-07	0.003326823	3.70077E-05	0.007230666	0	1.60776E-05	5.56E-07	6.65365E-06	1.43322E-07	5.47253E-05	0	6.22644E-08	3.42676E-09	0.01194926	0.000715902	0.0196437	2.65E-06	1.19E-09	0.003058813	1.24588E-05	0.007243591	0	5.59E-06	1.98E-07	6.11763E-06	4.82497E-08	5.48231E-05	0	2.16392E-08	1.22154E-09	2.69E-07	3.08E-08	3.08E-08	2.03E-07	1.00E-06						
93	5.44E-07	5.06E-08	0.02	1.47E-07	1.02E-06	0.003303918	0	0.007245452	0	2.35E-06	3.63E-06	6.60784E-06	0	5.48372E-05	0	9.11325E-09	2.23838E-08	9.53712E-05	7.73E-06	0.01999631	1.33774E-05	3.04E-07	0.003326897	3.62132E-05	0.00723068	0	1.60656E-05	5.74E-07	6.65379E-06	1.40245E-07	5.47254E-05	0	6.22181E-08	3.53727E-09	0.01276781	0.000761756	0.01962084	2.63E-06	1.74E-09	0.003065963	1.49333E-05	0.00724235	0	6.76E-06	1.98E-07	6.13193E-06	5.78329E-08	5.48137E-05	0	2.61638E-08	1.21849E-09	2.69E-07	3.11E-08	3.11E-08	2.04E-07	1.00E-06						
94	4.74E-07	4.48E-08	0.02000001	1.46E-07	1.02E-06	0.003303889	0	0.007245442	0	2.34E-06	3.63E-06	6.60778E-06	0	5.48371E-05	0	9.07788E-09	2.23607E-08	9.1451E-05	7.62E-06	0.01999636	1.33019E-05	3.29E-07	0.003326966	3.5257E-05	0.007230693	0	1.60536E-05	5.92E-07	6.65393E-06	1.36541E-07	5.47255E-05	0	6.21717E-08	3.64762E-09	0.01351678	0.000804737	0.01959941	2.61E-06	1.81E-09	0.003073417	1.76639E-05	0.007240981	0	8.05E-06	1.98E-07	6.14683E-06	6.84078E-08	5.48034E-05	0	3.11744E-08	1.21854E-09	2.69E-07	3.14E-08	3.14E-08	2.05E-07	1.00E-06						
95	4.12E-07	3.97E-08	0.02000001	1.46E-07	1.02E-06	0.003303861	0	0.007245432	0	2.33E-06	3.63E-06	6.60772E-06	0	5.48371E-05	0	9.04226E-09	2.23373E-08	8.7095E-05	7.47E-06	0.01999644	1.32324E-05	3.53E-07	0.003327031	3.42981E-05	0.007230706	0	1.60417E-05	6.10E-07	6.65406E-06	1.32828E-07	5.47256E-05	0	6.21254E-08	3.7578E-09	0.01419475	0.000844755	0.01957946	2.59E-06	1.19E-09	0.00308114	2.06255E-05	0.007239497	0	9.46E-06	1.99E-07	6.16228E-06	7.98775E-08	5.47921E-05	0	3.66276E-08	1.22283E-09	2.68E-07	3.17E-08	3.17E-08	2.06E-07	1.00E-06						
96	3.57E-07	3.50E-08	0.02000001	1.46E-07	1.02E-06	0.003303833	0	0.007245422	0	2.33E-06	3.62E-06	6.60767E-06	0	5.4837E-05	0	9.00644E-09	2.23136E-08	8.2328E-05	7.26E-06	0.01999655	1.31691E-05	3.77E-07	0.003327091	3.33379E-05	0.007230719	0	1.60297E-05	6.28E-07	6.65418E-06	1.29109E-07	5.47257E-05	0	6.2079E-08	3.86779E-09	0.01479997	0.000881687	0.01956104	2.57E-06	1.46E-09	0.003089101	2.38013E-05	0.007237907	0	1.09709E-05	1.98E-07	6.1782E-06	9.21764E-08	5.47801E-05	0	4.24877E-08	1.22166E-09	2.68E-07	3.20E-08	3.20E-08	2.08E-07	1.00E-06						
97	3.09E-07	3.08E-08	0.02000001	1.46E-07	1.02099E-06	0.003303805	0	0.007245413	0	2.32E-06	3.62E-06	6.60761E-06	0	5.48369E-05	0	8.97044E-09	2.22896E-08	7.71408E-05	7.00E-06	0.01999668	1.31168E-05	4.00E-07	0.003327145	3.23759E-05	0.007230733	0	1.60177E-05	6.46E-07	6.65429E-06	1.25384E-07	5.47258E-05	0	6.20327E-08	3.97757E-09	0.01532977	0.000915393	0.01954424	2.54E-06	9.36E-10	0.003097268	2.71453E-05	0.007236233	0	1.25659E-05	1.99E-07	6.19454E-06	1.05127E-07	5.47674E-05	0	4.86647E-08	1.22551E-09	2.68E-07	3.23E-08	3.23E-08	2.09E-07	9.9981E-07						
98	2.67E-07	2.71E-08	0.02000001	1.45E-07	1.02E-06	0.003303777	0	0.007245403	0	2.31E-06	3.61453E-06	6.60755E-06	0	5.48368E-05	0	8.93429E-09	2.22655E-08	7.15318E-05	6.70E-06	0.01999684	1.30763E-05	4.23E-07	0.003327195	3.14112E-05	0.007230746	0	1.60058E-05	6.63E-07	6.65439E-06	1.21648E-07	5.47259E-05	0	6.19863E-08	4.08712E-09	0.01578232	0.000945754	0.0195291	2.52E-06	1.79E-09	0.003105614	3.05929E-05	0.007234509	0	1.42106E-05	1.98E-07	6.21123E-06	1.18479E-07	5.47544E-05	0	5.50343E-08	1.22057E-09	2.67E-07	3.27E-08	3.27E-08	2.10E-07	1.00E-06						
99	2.30E-07	2.37E-08	0.02000002	1.45E-07	1.02E-06	0.003303749	0	0.007245393	0	2.30E-06	3.61E-06	6.6075E-06	0	5.48368E-05	0	8.89804E-09	2.22412E-08	6.55612E-05	6.35E-06	0.01999702	0.000013047	4.44E-07	0.003327237	3.04438E-05	0.007230759	0	1.59938E-05	6.81E-07	6.65447E-06	1.17901E-07	5.4726E-05	0	6.194E-08	4.19643E-09	0.01616006	0.000972997	0.01951551	2.50E-06	7.39E-10	0.003114113	3.40763E-05	0.007232767	0	1.58717E-05	1.99E-07	6.22823E-06	1.31969E-07	5.47412E-05	0	6.1467E-08	1.22708E-09	2.67E-07	3.30E-08	3.30E-08	2.11E-07	1.00E-06						
100	1.98E-07	2.07E-08	0.02000002	1.45E-07	1.02E-06	0.00330372	0	0.007245383	0	2.29E-06	3.61E-06	6.60744E-06	0	5.48367E-05	0	8.8617E-09	2.22168E-08	5.94472E-05	5.95E-06	0.01999722	1.3028E-05	4.64E-07	0.003327274	2.94738E-05	0.007230773	0	1.59819E-05	6.99E-07	6.65455E-06	1.14145E-07	5.47261E-05	0	6.18937E-08	4.30548E-09	0.01647075	0.00099746	0.01950331	2.48E-06	2.01E-10	0.003122739	3.75631E-05	0.007231024	0	1.75331E-05	2.00E-07	6.24548E-06	1.45473E-07	5.4728E-05	0	6.79014E-08	1.23056E-09	2.67E-07	3.33E-08	3.33E-08	2.13E-07	1.00E-06						
101	1.70E-07	1.81E-08	0.02000002	1.45E-07	1.02426E-06	0.003303692	0	0.007245374	0	2.27882E-06	3.60E-06	6.60738E-06	0	5.48366E-05	0	8.8253E-09	2.21923E-08	5.33629E-05	5.50E-06	0.01999744	1.30185E-05	4.83E-07	0.003327304	2.85011E-05	0.007230786	0	1.59699E-05	7.17E-07	6.65461E-06	1.10378E-07	5.47262E-05	0	6.18474E-08	4.41427E-09	0.01672249	0.001019468	0.01949234	2.46E-06	2.10E-10	0.00313147	4.10409E-05	0.007229286	0	1.91895E-05	2.00E-07	6.26294E-06	1.58941E-07	5.47149E-05	0	7.43162E-08	1.23113E-09	2.64E-07	3.64E-08	3.64E-08	2.25E-07	1.00E-06						
102	1.45E-07	1.57E-08	0.02000002	1.45E-07	1.02E-06	0.003303663	0	0.007245364	0	2.27E-06	3.59866E-06	6.60733E-06	0	5.48365E-05	0	8.78885E-09	2.21677E-08	4.7126E-05	5.03003E-06	0.01999767	1.30232E-05	5.01E-07	0.003327328	2.75259E-05	0.007230799	0	1.59579E-05	7.34E-07	6.65466E-06	1.06601E-07	5.47263E-05	0	6.18011E-08	4.52281E-09	0.01691667	0.001038868	0.01948267	2.44E-06	2.15E-10	0.003140289	0.00004451	0.007227551	0	2.08423E-05	2.00E-07	6.28058E-06	1.72376E-07	5.47017E-05	0	8.07169E-08	1.231E-09	2.64E-07	3.64E-08	3.64E-08	2.25E-07	1.00E-06						
103	1.24E-07	1.36E-08	0.02000002	1.45E-07	1.03E-06	0.003303635	0	0.007245354	0	2.25999E-06	3.59E-06	6.60727E-06	0	5.48365E-05	0	8.75238E-09	2.21431E-08	4.08793E-05	4.53123E-06	0.01999794	1.30342E-05	5.18E-07	0.003327345	2.6548E-05	0.007230813	0	1.5946E-05	7.52E-07	6.65469E-06	1.02814E-07	5.47264E-05	0	6.17548E-08	4.63107E-09	0.01703972	0.001055086	0.01947458	2.43E-06	1.52E-09	0.003149177	4.79992E-05	0.007225804	0	2.25064E-05	1.99E-07	6.29835E-06	1.85889E-07	5.46885E-05	0	8.71617E-08	1.22318E-09	2.64E-07	3.64E-08	3.64E-08	2.25E-07	1.00E-06						
104	1.06E-07	1.18E-08	0.02000002	1.45E-07	1.03E-06	0.003303607	0	0.007245344	0	2.25E-06	3.59E-06	6.60721E-06	0	5.48364E-05	0	8.71588E-09	2.21185E-08	3.50517E-05	4.00E-06	0.0199982	1.30492E-05	5.34E-07	0.003327356	2.55677E-05	0.007230826	0	1.5934E-05	7.69E-07	6.65471E-06	9.90174E-08	5.47265E-05	0	6.17084E-08	4.73908E-09	0.01709124	0.001066833	0.01946873	2.42E-06	9.79E-10	0.003158114	5.14985E-05	0.007224053	0	2.41743E-05	1.99E-07	6.31623E-06	1.99441E-07	5.46752E-05	0	9.36209E-08	1.22642E-09	2.64E-07	3.64E-08	3.64E-08	2.25E-07	1.00E-06						
105	8.98E-08	1.02E-08	0.02000002	1.45E-07	1.03E-06	0.003303578	0	0.007245335	0	2.24E-06	3.59E-06	6.60716E-06	0	5.48363E-05	0	8.67936E-09	2.20938E-08	2.968E-05	3.49E-06	0.01999845	1.30677E-05	5.48E-07	0.003327361	2.4585E-05	0.00723084	0	1.5922E-05	7.87E-07	6.65472E-06	9.52117E-08	5.47266E-05	0	6.16621E-08	4.84686E-09	0.0170194	0.001073264	0.01946553	2.40E-06	2.19E-09	0.003167073	5.49571E-05	0.007222327	0	2.58174E-05	1.98E-07	6.33415E-06	2.12835E-07	5.46622E-05	0	9.99845E-08	1.21971E-09	2.64E-07	3.64E-08	3.64E-08	2.25E-07	1.00E-06						
106	7.61E-08	8.76E-09	0.02000002	1.45E-07	1.03E-06	0.00330355	0	0.007245325	0	2.23E-06	3.58E-06	6.6071E-06	0	5.48362E-05	0	8.64284E-09	2.20691E-08	2.47894E-05	3.00E-06	0.01999868	1.30889E-05	5.62E-07	0.003327361	2.36001E-05	0.007230853	0	1.59101E-05	8.04E-07	6.65472E-06	9.13972E-08	5.47267E-05	0	6.16158E-08	4.95442E-09	0.01687641	0.001077399	0.01946347	2.38E-06	3.95E-09	0.003176024	5.83155E-05	0.007220651	0	2.74101E-05	1.96E-07	6.35205E-06	2.25841E-07	5.46495E-05	0	1.06153E-07	1.20894E-09	2.64E-07	3.64E-08	3.64E-08	2.25E-07	1.00E-06						
107	6.44E-08	7.52E-09	0.02000003	1.45E-07	1.03E-06	0.003303521	0	0.007245315	0	2.22E-06	3.58E-06	6.60704E-06	0	5.48362E-05	0	8.60631E-09	2.20444E-08	2.03933E-05	2.55E-06	0.0199989	1.23704E-05	5.74E-07	0.003327356	2.33554E-05	0.007230867	0	1.58981E-05	8.22E-07	6.65471E-06	9.04496E-08	5.47268E-05	0	6.15694E-08	5.06178E-09	0.01668361	0.001078872	0.01946274	2.37E-06	2.69E-10	0.003184951	6.15985E-05	0.007219012	0	2.89663E-05	2.00E-07	6.3699E-06	2.38556E-07	5.46371E-05	0	1.12179E-07	1.23203E-09	2.64E-07	3.64E-08	3.64E-08	2.25E-07	1.00E-06						
108	5.44E-08	6.44E-09	0.02000003	1.45E-07	1.03E-06	0.003303493	0	0.007245305	0	2.21284E-06	3.57E-06	6.60699E-06	0	5.48361E-05	0	8.56978E-09	2.20198E-08	1.64894E-05	2.13E-06	0.01999911	1.14191E-05	5.86E-07	0.003327346	2.33447E-05	0.00723088	0	1.58862E-05	8.39E-07	6.65469E-06	9.04083E-08	5.47269E-05	0	6.15232E-08	5.16896E-09	0.01643563	0.001077306	0.01946352	2.37E-06	2.50E-09	0.003193839	6.48284E-05	0.007217399	0	3.04968E-05	1.98E-07	6.38768E-06	2.51064E-07	5.46249E-05	0	1.18106E-07	1.21786E-09	2.64E-07	3.64E-08	3.64E-08	2.25E-07	1.00E-06						
109	4.59E-08	5.50E-09	0.02000003	1.4484E-07	1.02703E-06	0.003303464	0	0.007245296	0	2.20E-06	3.57E-06	6.60693E-06	0	5.4836E-05	0	8.53324E-09	2.19951E-08	1.30621E-05	1.75E-06	0.01999929	1.05597E-05	5.96E-07	0.003327333	2.32412E-05	0.007230894	0	1.58742E-05	8.56E-07	6.65467E-06	9.00073E-08	5.4727E-05	0	6.1477E-08	5.27598E-09	0.01612804	0.001072349	0.01946599	2.37E-06	5.55E-09	0.003202667	6.8013E-05	0.007215809	0	3.20039E-05	1.95E-07	6.40533E-06	2.63397E-07	5.46129E-05	0	1.23943E-07	1.19848E-09	2.64E-07	3.64E-08	3.64E-08	2.25E-07	1.00E-06						
110	3.87E-08	4.70E-09	0.02000003	1.45E-07	1.03E-06	0.003303436	0	0.007245285	0	2.19E-06	3.57E-06	6.60687E-06	0	5.48359E-05	0	8.49671E-09	2.19704E-08	1.01178E-05	1.41E-06	0.01999946	9.81E-06	6.06E-07	0.003327316	2.30297E-05	0.007230907	0	1.58623E-05	8.74E-07	6.65463E-06	8.91881E-08	5.47271E-05	0	6.14308E-08	5.38286E-09	0.01576006	0.001063805	0.01947026	2.37E-06	2.11E-09	0.003211414	7.11521E-05	0.007214242	0	3.34898E-05	1.98E-07	6.42283E-06	2.75554E-07	5.4601E-05	0	1.29698E-07	1.21971E-09	2.64E-07	3.64E-08	3.64E-08	2.25E-07	1.00E-06						
