title = "fen and abriola data figure 9"
variables = "x(m)","A-D 10min","A-D 20min","DGM 10min","DGM 20min","Model1 10min","Model1 20min","Model2 10min","Model2 20min"
zone t = "fen and abriola data", i =   46, j =    1, k =    1,  f=point
0.00	1		1		1		1		1		1		1		1
0.02	0.951356	0.9792304	0.95313		0.98053		0.9464078	0.9827094	0.9558058	0.9821992
0.04	0.8947775	0.9546771	0.89819		0.95734		0.8797164	0.9595001	0.9036012	0.9607564
0.06	0.8313661	0.926321	0.83618		0.93036		0.8034232	0.9300445	0.8441821	0.9355137
0.08	0.7626097	0.8942405	0.76854		0.89963		0.7216368	0.8944728	0.7788161	0.9064515
0.10	0.6902779	0.8586146	0.697		0.86529		0.638252	0.8533353	0.7091244	0.8736835
0.12	0.6162915	0.8197216	0.62347		0.82759		0.5564965	0.8075006	0.6369474	0.8374415
0.14	0.5425814	0.7779325	0.5499		0.78686		0.4787905	0.7580282	0.5642046	0.7980573
0.16	0.4709556	0.7337		0.47813		0.74354		0.4067852	0.7060511	0.492758	0.7559459
0.18	0.4029863	0.687544	0.40978		0.69811		0.3414772	0.6526834	0.4242867	0.7115895
0.20	0.3399305	0.6400331	0.34617		0.65113		0.2833401	0.598957	0.3601871	0.6655225
0.22	0.282686	0.5917651	0.28827		0.6032		0.2324481	0.5457837	0.3015067	0.6183161
0.24	0.2317843	0.5433452	0.23665		0.55492		0.1885822	0.4939373	0.2489195	0.5705609
0.26	0.1874144	0.4953659	0.19156		0.5069		0.1513189	0.4440483	0.2027374	0.5228485
0.28	0.1494697	0.4483872	0.15292		0.4597		0.1201022	0.3966089	0.1629527	0.4757526
0.30	0.1176094	0.4029198	0.12042		0.41385		0.09430075	0.3519825	0.1292986	0.4298109
0.32	0.09132477	0.3594113	0.093571	0.36984		0.07325314	0.3104173	0.1013189	0.3855087
0.34	0.0700038	0.318236	0.071766	0.32805		0.0563027	0.2720604	0.0784356	0.3432658
0.36	0.0529879	0.2796886	0.054345	0.28881		0.04282289	0.2369723	0.06001022	0.3034271
0.38	0.03961816	0.2439821	0.040646	0.25236		0.03223495	0.2051414	0.04539282	0.2662575
0.40	0.0292697	0.2112488	0.030035	0.21886		0.02401884	0.1764966	0.03395915	0.23194
0.42	0.0213744	0.181545	0.021935	0.18837		0.01771864	0.1509198	0.02513556	0.2005791
0.44	0.01543359	0.1548581	0.015838	0.16092		0.01294343	0.1282562	0.01841335	0.1722052
0.46	0.01102257	0.1311151	0.01131		0.13644		0.009364919	0.1083247	0.01335475	0.1467834
0.48	0.007789064	0.1101932	0.0079909	0.11482		0.006712669	0.09092563	0.009592671	0.1242228
0.50	0.005447737	0.09192995	0.0055873	0.095911	0.004767916	0.0758488	0.006826253	0.1043868
0.52	0.003772371	0.07613429	0.0038676	0.079526	0.003356701	0.06287953	0.004813911	0.08710426
0.54	0.002587119	0.06259618	0.0026512	0.065458	0.002342922	0.05180418	0.003365242	0.07217958
0.56	0.001757739	0.05109582	0.0018004	0.053487	0.001621717	0.04241448	0.002332721	0.05940238
0.58	0.001183472	0.0414115	0.0012115	0.043392	0.00111346	0.03451113	0.001603832	0.04855597
0.60	0.000789864	0.03332608	0.00080802	0.034951	0.000758518	0.02790646	0.001094012	0.03942453
0.62	0.000522707	0.02663216	0.00053434	0.027954	0.00051281	0.02242635	0.000740569	0.03179889
0.64	0.000343079	0.02113582	0.00035044	0.022202	0.000344151	0.01791142	0.00049762	0.02548092
0.66	0.000223395	0.01665917	0.000228	0.017511	0.000229323	0.01421773	0.00033199	0.02028662
0.68	0.000144346	0.01304177	0.00014719	0.013718	0.000151757	0.01121676	0.000219961	0.01604816
0.70	0.000092575	0.01014112	0.000094313	0.010673	9.97577E-05	0.008795083	0.000144763	0.01261475
0.72	5.8944E-05	0.007832423	0.000059992	0.0082473	6.51522E-05	0.006853636	9.46565E-05	0.009852771
0.74	3.72677E-05	0.006007649	0.000037892	0.0063289	4.22836E-05	0.005306677	6.15033E-05	0.007645225
0.76	2.34012E-05	0.004574243	0.000023768	0.0048211	2.72721E-05	0.004080521	3.97144E-05	0.005890557
0.78	1.45932E-05	0.003453388	0.000014806	0.0036417	1.7479E-05	0.003112057	2.54828E-05	0.004501051
0.80	9.0329E-06	0.002577971	9.1554E-06	0.0027203	1.1123E-05	0.002347045	1.62351E-05	0.003400744
0.82	5.5362E-06	0.001890187	5.6062E-06	0.0019964	7.00724E-06	0.001738129	1.02396E-05	0.00252283
0.84	3.32982E-06	0.001338671	3.3701E-06	0.001416	4.32605E-06	0.001242434	6.32907E-06	0.001806363
0.86	1.90129E-06	0.000874897	0.000001925	0.00092752	2.52625E-06	0.000818477	3.70047E-06	0.001191905
0.88	8.90324E-07	0.000448389	9.0318E-07	0.00047697	1.20139E-06	0.000421996	1.76208E-06	0.000615496
0.90	0		0		0		0		0		0		0		0
