ca+2         2.0     0.00 0.00           40.07800   0.00
ca+2         2.0     6.00  .17           40.08000    .00	!min3p


cu+2         2.0     0.00 0.00           63.54600   0.00
cu+2         2.0     6.00  .00           63.54600    .00	!min3p


fe+2         2.0     0.00 0.00           55.84500   0.00
fe+2         2.0     6.00  .00           55.84700    .00	!min3p


h+1          1.0     0.00 0.00            1.00790  -1.00
h+1          1.0     9.00  .00            1.00800  -1.00	!min3p


k+1          1.0     0.00 0.00           39.09830   0.00
k+1          1.0     3.00  .01           39.10200    .00	!min3p


mg+2         2.0     0.00 0.00           24.30500   0.00
mg+2         2.0     6.50  .20           24.31200    .00	!min3p


na+1         1.0     0.00 0.00           22.98970   0.00
na+1         1.0     4.00  .07           22.98980    .00	!min3p


so4-2       -2.0     0.00 0.00           96.06260   0.00
so4-2       -2.0     4.00 -.04           96.06160    .00	!min3p


zn+2         2.0     0.00 0.00           65.39000   0.00
zn+2         2.0     6.00  .00           65.36990    .00	!min3p
