title = "dataset bench14-1a"
variables = "time[day]","pH","pCO2","DOM[mol/litre]","SOM-p1[mol/litre]","SOM-p2[mol/litre]","biomass1[mol/litre]","SOM-L[mol/litre]"
zone t = "T_j, volume =     2", f=point
1.825	4.68E+00	4.62E-04	8.35E-03	2.02E-01	8.37E-02	8.51E-02	1.63E-02
3.65	4.53E+00	9.23E-04	8.40E-03	1.97E-01	8.40E-02	8.69E-02	1.67E-02
5.475	4.45E+00	1.38E-03	8.47E-03	1.91E-01	8.43E-02	8.86E-02	1.70E-02
7.3	4.38E+00	1.84E-03	8.56E-03	1.85E-01	8.45E-02	9.02E-02	1.74E-02
9.125	4.34E+00	2.29E-03	8.67E-03	1.80E-01	8.48E-02	9.18E-02	1.77E-02
10.95	4.30E+00	2.73E-03	8.78E-03	1.75E-01	8.50E-02	9.34E-02	1.80E-02
12.775	4.27E+00	3.18E-03	8.91E-03	1.70E-01	8.52E-02	9.49E-02	1.83E-02
14.6	4.24E+00	3.61E-03	9.03E-03	1.65E-01	8.53E-02	9.63E-02	1.85E-02
16.425	4.21E+00	4.04E-03	9.16E-03	1.60E-01	8.55E-02	9.77E-02	1.88E-02
18.25	4.19E+00	4.47E-03	9.29E-03	1.55E-01	8.56E-02	9.90E-02	1.90E-02
20.075	4.17E+00	4.89E-03	9.42E-03	1.51E-01	8.57E-02	1.00E-01	1.93E-02
21.9	4.15E+00	5.30E-03	9.55E-03	1.46E-01	8.57E-02	1.02E-01	1.95E-02
23.725	4.14E+00	5.71E-03	9.68E-03	1.42E-01	8.58E-02	1.03E-01	1.97E-02
25.55	4.12E+00	6.12E-03	9.81E-03	1.38E-01	8.58E-02	1.04E-01	1.99E-02
27.375	4.11E+00	6.51E-03	9.94E-03	1.34E-01	8.58E-02	1.05E-01	2.01E-02
29.2	4.10E+00	6.90E-03	1.01E-02	1.30E-01	8.57E-02	1.06E-01	2.03E-02
31.025	4.09E+00	7.29E-03	1.02E-02	1.27E-01	8.57E-02	1.07E-01	2.05E-02
32.85	4.07E+00	7.67E-03	1.03E-02	1.23E-01	8.56E-02	1.08E-01	2.07E-02
34.675	4.06E+00	8.04E-03	1.04E-02	1.20E-01	8.55E-02	1.08E-01	2.09E-02
36.5	4.05E+00	8.41E-03	1.05E-02	1.17E-01	8.54E-02	1.09E-01	2.10E-02
38.325	4.05E+00	8.77E-03	1.06E-02	1.14E-01	8.53E-02	1.10E-01	2.12E-02
40.15	4.04E+00	9.12E-03	1.08E-02	1.11E-01	8.51E-02	1.11E-01	2.14E-02
41.975	4.03E+00	9.47E-03	1.09E-02	1.09E-01	8.50E-02	1.11E-01	2.15E-02
43.8	4.02E+00	9.82E-03	1.10E-02	1.06E-01	8.48E-02	1.12E-01	2.17E-02
45.625	4.01E+00	1.02E-02	1.11E-02	1.04E-01	8.46E-02	1.12E-01	2.18E-02
47.45	4.01E+00	1.05E-02	1.12E-02	1.01E-01	8.44E-02	1.13E-01	2.20E-02
49.275	4.00E+00	1.08E-02	1.13E-02	9.91E-02	8.42E-02	1.13E-01	2.21E-02
51.1	3.99E+00	1.11E-02	1.13E-02	9.71E-02	8.40E-02	1.14E-01	2.22E-02
52.925	3.99E+00	1.15E-02	1.14E-02	9.51E-02	8.37E-02	1.14E-01	2.24E-02
54.75	3.98E+00	1.18E-02	1.15E-02	9.33E-02	8.35E-02	1.14E-01	2.25E-02
56.575	3.98E+00	1.21E-02	1.16E-02	9.15E-02	8.32E-02	1.15E-01	2.26E-02
58.4	3.97E+00	1.24E-02	1.17E-02	8.99E-02	8.30E-02	1.15E-01	2.27E-02
60.225	3.96E+00	1.27E-02	1.18E-02	8.83E-02	8.27E-02	1.15E-01	2.28E-02
62.05	3.96E+00	1.30E-02	1.18E-02	8.68E-02	8.24E-02	1.16E-01	2.29E-02
63.875	3.95E+00	1.33E-02	1.19E-02	8.55E-02	8.21E-02	1.16E-01	2.30E-02
65.7	3.95E+00	1.36E-02	1.20E-02	8.42E-02	8.18E-02	1.16E-01	2.32E-02
67.525	3.95E+00	1.39E-02	1.21E-02	8.29E-02	8.15E-02	1.16E-01	2.33E-02
69.35	3.94E+00	1.42E-02	1.21E-02	8.18E-02	8.12E-02	1.16E-01	2.34E-02
71.175	3.94E+00	1.45E-02	1.22E-02	8.07E-02	8.09E-02	1.16E-01	2.34E-02
73	3.93E+00	1.47E-02	1.23E-02	7.96E-02	8.06E-02	1.16E-01	2.35E-02
74.825	3.93E+00	1.50E-02	1.23E-02	7.87E-02	8.03E-02	1.16E-01	2.36E-02
76.65	3.92E+00	1.53E-02	1.24E-02	7.78E-02	8.00E-02	1.16E-01	2.37E-02
78.475	3.92E+00	1.56E-02	1.24E-02	7.69E-02	7.96E-02	1.16E-01	2.38E-02
80.3	3.92E+00	1.58E-02	1.25E-02	7.61E-02	7.93E-02	1.16E-01	2.39E-02
82.125	3.91E+00	1.61E-02	1.26E-02	7.54E-02	7.90E-02	1.16E-01	2.40E-02
83.95	3.91E+00	1.64E-02	1.26E-02	7.47E-02	7.87E-02	1.16E-01	2.41E-02
85.775	3.91E+00	1.66E-02	1.27E-02	7.40E-02	7.83E-02	1.16E-01	2.41E-02
87.6	3.90E+00	1.69E-02	1.27E-02	7.34E-02	7.80E-02	1.16E-01	2.42E-02
89.425	3.90E+00	1.71E-02	1.28E-02	7.28E-02	7.77E-02	1.16E-01	2.43E-02
91.25	3.90E+00	1.74E-02	1.28E-02	7.23E-02	7.74E-02	1.16E-01	2.44E-02
93.075	3.89E+00	1.77E-02	1.29E-02	7.18E-02	7.70E-02	1.16E-01	2.44E-02
94.9	3.89E+00	1.79E-02	1.29E-02	7.13E-02	7.67E-02	1.16E-01	2.45E-02
96.725	3.89E+00	1.82E-02	1.30E-02	7.09E-02	7.64E-02	1.16E-01	2.46E-02
98.55	3.88E+00	1.84E-02	1.30E-02	7.05E-02	7.61E-02	1.16E-01	2.46E-02
100.375	3.88E+00	1.87E-02	1.31E-02	7.01E-02	7.57E-02	1.16E-01	2.47E-02
102.2	3.88E+00	1.89E-02	1.31E-02	6.97E-02	7.54E-02	1.15E-01	2.48E-02
104.025	3.88E+00	1.92E-02	1.31E-02	6.94E-02	7.51E-02	1.15E-01	2.48E-02
105.85	3.87E+00	1.94E-02	1.32E-02	6.91E-02	7.48E-02	1.15E-01	2.49E-02
107.675	3.87E+00	1.96E-02	1.32E-02	6.88E-02	7.44E-02	1.15E-01	2.50E-02
109.5	3.87E+00	1.99E-02	1.33E-02	6.85E-02	7.41E-02	1.15E-01	2.50E-02
111.325	3.86E+00	2.01E-02	1.33E-02	6.83E-02	7.38E-02	1.15E-01	2.51E-02
113.15	3.86E+00	2.04E-02	1.34E-02	6.81E-02	7.35E-02	1.14E-01	2.51E-02
114.975	3.86E+00	2.06E-02	1.34E-02	6.79E-02	7.32E-02	1.14E-01	2.52E-02
116.8	3.86E+00	2.08E-02	1.34E-02	6.77E-02	7.29E-02	1.14E-01	2.53E-02
118.625	3.85E+00	2.11E-02	1.35E-02	6.75E-02	7.26E-02	1.14E-01	2.53E-02
120.45	3.85E+00	2.13E-02	1.35E-02	6.73E-02	7.23E-02	1.14E-01	2.54E-02
122.275	3.85E+00	2.15E-02	1.35E-02	6.72E-02	7.20E-02	1.14E-01	2.54E-02
124.1	3.85E+00	2.18E-02	1.36E-02	6.71E-02	7.17E-02	1.13E-01	2.55E-02
125.925	3.85E+00	2.20E-02	1.36E-02	6.69E-02	7.14E-02	1.13E-01	2.55E-02
127.75	3.84E+00	2.22E-02	1.36E-02	6.68E-02	7.11E-02	1.13E-01	2.56E-02
129.575	3.84E+00	2.25E-02	1.37E-02	6.67E-02	7.08E-02	1.13E-01	2.56E-02
131.4	3.84E+00	2.27E-02	1.37E-02	6.66E-02	7.05E-02	1.12E-01	2.57E-02
133.225	3.84E+00	2.29E-02	1.37E-02	6.66E-02	7.02E-02	1.12E-01	2.57E-02
135.05	3.83E+00	2.32E-02	1.38E-02	6.65E-02	7.00E-02	1.12E-01	2.58E-02
136.875	3.83E+00	2.34E-02	1.38E-02	6.64E-02	6.97E-02	1.12E-01	2.59E-02
138.7	3.83E+00	2.36E-02	1.38E-02	6.64E-02	6.94E-02	1.12E-01	2.59E-02
140.525	3.83E+00	2.38E-02	1.39E-02	6.63E-02	6.91E-02	1.11E-01	2.59E-02
142.35	3.83E+00	2.41E-02	1.39E-02	6.63E-02	6.89E-02	1.11E-01	2.60E-02
144.175	3.82E+00	2.43E-02	1.39E-02	6.63E-02	6.86E-02	1.11E-01	2.60E-02
146	3.82E+00	2.45E-02	1.40E-02	6.62E-02	6.83E-02	1.11E-01	2.61E-02
147.825	3.82E+00	2.48E-02	1.40E-02	6.62E-02	6.81E-02	1.10E-01	2.61E-02
149.65	3.82E+00	2.50E-02	1.40E-02	6.62E-02	6.78E-02	1.10E-01	2.62E-02
151.475	3.82E+00	2.52E-02	1.41E-02	6.62E-02	6.76E-02	1.10E-01	2.62E-02
153.3	3.81E+00	2.54E-02	1.41E-02	6.62E-02	6.73E-02	1.10E-01	2.63E-02
155.125	3.81E+00	2.56E-02	1.41E-02	6.62E-02	6.71E-02	1.10E-01	2.63E-02
156.95	3.81E+00	2.59E-02	1.41E-02	6.62E-02	6.68E-02	1.09E-01	2.64E-02
158.775	3.81E+00	2.61E-02	1.42E-02	6.62E-02	6.66E-02	1.09E-01	2.64E-02
160.6	3.81E+00	2.63E-02	1.42E-02	6.62E-02	6.63E-02	1.09E-01	2.65E-02
162.425	3.80E+00	2.65E-02	1.42E-02	6.62E-02	6.61E-02	1.09E-01	2.65E-02
164.25	3.80E+00	2.67E-02	1.42E-02	6.63E-02	6.59E-02	1.08E-01	2.65E-02
166.075	3.80E+00	2.70E-02	1.43E-02	6.63E-02	6.56E-02	1.08E-01	2.66E-02
167.9	3.80E+00	2.72E-02	1.43E-02	6.63E-02	6.54E-02	1.08E-01	2.66E-02
169.725	3.80E+00	2.74E-02	1.43E-02	6.64E-02	6.52E-02	1.08E-01	2.67E-02
171.55	3.80E+00	2.76E-02	1.44E-02	6.64E-02	6.50E-02	1.07E-01	2.67E-02
173.375	3.79E+00	2.78E-02	1.44E-02	6.64E-02	6.47E-02	1.07E-01	2.68E-02
175.2	3.79E+00	2.80E-02	1.44E-02	6.65E-02	6.45E-02	1.07E-01	2.68E-02
177.025	3.79E+00	2.82E-02	1.44E-02	6.65E-02	6.43E-02	1.07E-01	2.68E-02
178.85	3.79E+00	2.84E-02	1.45E-02	6.66E-02	6.41E-02	1.07E-01	2.69E-02
180.675	3.79E+00	2.86E-02	1.45E-02	6.66E-02	6.39E-02	1.06E-01	2.69E-02
182.5	3.79E+00	2.88E-02	1.45E-02	6.66E-02	6.37E-02	1.06E-01	2.70E-02
184.325	3.79E+00	2.90E-02	1.45E-02	6.67E-02	6.35E-02	1.06E-01	2.70E-02
186.15	3.78E+00	2.92E-02	1.46E-02	6.68E-02	6.33E-02	1.06E-01	2.70E-02
187.975	3.78E+00	2.94E-02	1.46E-02	6.68E-02	6.31E-02	1.05E-01	2.71E-02
189.8	3.78E+00	2.96E-02	1.46E-02	6.69E-02	6.29E-02	1.05E-01	2.71E-02
191.625	3.78E+00	2.98E-02	1.46E-02	6.69E-02	6.27E-02	1.05E-01	2.72E-02
193.45	3.78E+00	3.00E-02	1.47E-02	6.70E-02	6.25E-02	1.05E-01	2.72E-02
195.275	3.78E+00	3.02E-02	1.47E-02	6.70E-02	6.23E-02	1.05E-01	2.72E-02
197.1	3.78E+00	3.04E-02	1.47E-02	6.71E-02	6.21E-02	1.04E-01	2.73E-02
198.925	3.77E+00	3.06E-02	1.47E-02	6.72E-02	6.19E-02	1.04E-01	2.73E-02
200.75	3.77E+00	3.08E-02	1.47E-02	6.72E-02	6.18E-02	1.04E-01	2.73E-02
202.575	3.77E+00	3.10E-02	1.48E-02	6.73E-02	6.16E-02	1.04E-01	2.74E-02
204.4	3.77E+00	3.12E-02	1.48E-02	6.74E-02	6.14E-02	1.03E-01	2.74E-02
206.225	3.77E+00	3.14E-02	1.48E-02	6.74E-02	6.12E-02	1.03E-01	2.75E-02
208.05	3.77E+00	3.16E-02	1.48E-02	6.75E-02	6.11E-02	1.03E-01	2.75E-02
209.875	3.77E+00	3.18E-02	1.49E-02	6.76E-02	6.09E-02	1.03E-01	2.75E-02
211.7	3.76E+00	3.20E-02	1.49E-02	6.76E-02	6.07E-02	1.03E-01	2.76E-02
213.525	3.76E+00	3.22E-02	1.49E-02	6.77E-02	6.06E-02	1.02E-01	2.76E-02
215.35	3.76E+00	3.24E-02	1.49E-02	6.78E-02	6.04E-02	1.02E-01	2.76E-02
217.175	3.76E+00	3.26E-02	1.50E-02	6.78E-02	6.02E-02	1.02E-01	2.77E-02
219	3.76E+00	3.28E-02	1.50E-02	6.79E-02	6.01E-02	1.02E-01	2.77E-02
220.825	3.76E+00	3.30E-02	1.50E-02	6.80E-02	5.99E-02	1.02E-01	2.77E-02
222.65	3.76E+00	3.32E-02	1.50E-02	6.81E-02	5.98E-02	1.01E-01	2.78E-02
224.475	3.76E+00	3.34E-02	1.50E-02	6.81E-02	5.96E-02	1.01E-01	2.78E-02
226.3	3.75E+00	3.36E-02	1.51E-02	6.82E-02	5.95E-02	1.01E-01	2.79E-02
228.125	3.75E+00	3.37E-02	1.51E-02	6.83E-02	5.93E-02	1.01E-01	2.79E-02
229.95	3.75E+00	3.39E-02	1.51E-02	6.83E-02	5.92E-02	1.00E-01	2.79E-02
231.775	3.75E+00	3.41E-02	1.51E-02	6.84E-02	5.90E-02	1.00E-01	2.80E-02
233.6	3.75E+00	3.43E-02	1.51E-02	6.85E-02	5.89E-02	1.00E-01	2.80E-02
235.425	3.75E+00	3.45E-02	1.52E-02	6.86E-02	5.87E-02	9.99E-02	2.80E-02
237.25	3.75E+00	3.47E-02	1.52E-02	6.86E-02	5.86E-02	9.97E-02	2.81E-02
239.075	3.75E+00	3.49E-02	1.52E-02	6.87E-02	5.85E-02	9.95E-02	2.81E-02
240.9	3.74E+00	3.51E-02	1.52E-02	6.88E-02	5.83E-02	9.93E-02	2.81E-02
242.725	3.74E+00	3.53E-02	1.52E-02	6.89E-02	5.82E-02	9.91E-02	2.82E-02
244.55	3.74E+00	3.55E-02	1.53E-02	6.90E-02	5.81E-02	9.89E-02	2.82E-02
246.375	3.74E+00	3.57E-02	1.53E-02	6.90E-02	5.79E-02	9.87E-02	2.82E-02
248.2	3.74E+00	3.59E-02	1.53E-02	6.91E-02	5.78E-02	9.85E-02	2.83E-02
250.025	3.74E+00	3.60E-02	1.53E-02	6.92E-02	5.77E-02	9.83E-02	2.83E-02
251.85	3.74E+00	3.62E-02	1.53E-02	6.93E-02	5.76E-02	9.81E-02	2.83E-02
253.675	3.74E+00	3.64E-02	1.54E-02	6.93E-02	5.74E-02	9.80E-02	2.84E-02
255.5	3.73E+00	3.66E-02	1.54E-02	6.94E-02	5.73E-02	9.78E-02	2.84E-02
257.325	3.73E+00	3.68E-02	1.54E-02	6.95E-02	5.72E-02	9.76E-02	2.84E-02
259.15	3.73E+00	3.70E-02	1.54E-02	6.96E-02	5.71E-02	9.74E-02	2.85E-02
260.975	3.73E+00	3.72E-02	1.54E-02	6.96E-02	5.70E-02	9.72E-02	2.85E-02
262.8	3.73E+00	3.74E-02	1.55E-02	6.97E-02	5.69E-02	9.70E-02	2.85E-02
264.625	3.73E+00	3.76E-02	1.55E-02	6.98E-02	5.67E-02	9.68E-02	2.86E-02
266.45	3.73E+00	3.77E-02	1.55E-02	6.99E-02	5.66E-02	9.67E-02	2.86E-02
268.275	3.73E+00	3.79E-02	1.55E-02	7.00E-02	5.65E-02	9.65E-02	2.86E-02
270.1	3.73E+00	3.81E-02	1.55E-02	7.00E-02	5.64E-02	9.63E-02	2.86E-02
271.925	3.73E+00	3.83E-02	1.56E-02	7.01E-02	5.63E-02	9.61E-02	2.87E-02
273.75	3.72E+00	3.85E-02	1.56E-02	7.02E-02	5.62E-02	9.60E-02	2.87E-02
275.575	3.72E+00	3.87E-02	1.56E-02	7.03E-02	5.61E-02	9.58E-02	2.87E-02
277.4	3.72E+00	3.89E-02	1.56E-02	7.03E-02	5.60E-02	9.56E-02	2.88E-02
279.225	3.72E+00	3.91E-02	1.56E-02	7.04E-02	5.59E-02	9.54E-02	2.88E-02
281.05	3.72E+00	3.93E-02	1.57E-02	7.05E-02	5.58E-02	9.53E-02	2.88E-02
282.875	3.72E+00	3.94E-02	1.57E-02	7.06E-02	5.57E-02	9.51E-02	2.89E-02
284.7	3.72E+00	3.96E-02	1.57E-02	7.06E-02	5.56E-02	9.49E-02	2.89E-02
286.525	3.72E+00	3.98E-02	1.57E-02	7.07E-02	5.55E-02	9.48E-02	2.89E-02
288.35	3.72E+00	4.00E-02	1.57E-02	7.08E-02	5.54E-02	9.46E-02	2.90E-02
290.175	3.71E+00	4.02E-02	1.58E-02	7.09E-02	5.53E-02	9.44E-02	2.90E-02
292	3.71E+00	4.04E-02	1.58E-02	7.09E-02	5.52E-02	9.43E-02	2.90E-02
293.825	3.71E+00	4.06E-02	1.58E-02	7.10E-02	5.52E-02	9.41E-02	2.91E-02
295.65	3.71E+00	4.07E-02	1.58E-02	7.11E-02	5.51E-02	9.40E-02	2.91E-02
297.475	3.71E+00	4.09E-02	1.58E-02	7.12E-02	5.50E-02	9.38E-02	2.91E-02
299.3	3.71E+00	4.11E-02	1.58E-02	7.13E-02	5.49E-02	9.36E-02	2.91E-02
301.125	3.71E+00	4.13E-02	1.59E-02	7.13E-02	5.48E-02	9.35E-02	2.92E-02
302.95	3.71E+00	4.15E-02	1.59E-02	7.14E-02	5.47E-02	9.33E-02	2.92E-02
304.775	3.71E+00	4.17E-02	1.59E-02	7.15E-02	5.46E-02	9.32E-02	2.92E-02
306.6	3.71E+00	4.18E-02	1.59E-02	7.16E-02	5.46E-02	9.30E-02	2.93E-02
308.425	3.70E+00	4.20E-02	1.59E-02	7.16E-02	5.45E-02	9.29E-02	2.93E-02
310.25	3.70E+00	4.22E-02	1.60E-02	7.17E-02	5.44E-02	9.27E-02	2.93E-02
312.075	3.70E+00	4.24E-02	1.60E-02	7.18E-02	5.43E-02	9.26E-02	2.94E-02
313.9	3.70E+00	4.26E-02	1.60E-02	7.18E-02	5.43E-02	9.24E-02	2.94E-02
315.725	3.70E+00	4.28E-02	1.60E-02	7.19E-02	5.42E-02	9.23E-02	2.94E-02
317.55	3.70E+00	4.30E-02	1.60E-02	7.20E-02	5.41E-02	9.21E-02	2.94E-02
319.375	3.70E+00	4.31E-02	1.60E-02	7.21E-02	5.40E-02	9.20E-02	2.95E-02
321.2	3.70E+00	4.33E-02	1.61E-02	7.21E-02	5.40E-02	9.18E-02	2.95E-02
323.025	3.70E+00	4.35E-02	1.61E-02	7.22E-02	5.39E-02	9.17E-02	2.95E-02
324.85	3.70E+00	4.37E-02	1.61E-02	7.23E-02	5.38E-02	9.15E-02	2.96E-02
326.675	3.70E+00	4.39E-02	1.61E-02	7.24E-02	5.37E-02	9.14E-02	2.96E-02
328.5	3.69E+00	4.41E-02	1.61E-02	7.24E-02	5.37E-02	9.13E-02	2.96E-02
330.325	3.69E+00	4.42E-02	1.62E-02	7.25E-02	5.36E-02	9.11E-02	2.96E-02
332.15	3.69E+00	4.44E-02	1.62E-02	7.26E-02	5.35E-02	9.10E-02	2.97E-02
333.975	3.69E+00	4.46E-02	1.62E-02	7.26E-02	5.35E-02	9.09E-02	2.97E-02
335.8	3.69E+00	4.48E-02	1.62E-02	7.27E-02	5.34E-02	9.07E-02	2.97E-02
337.625	3.69E+00	4.50E-02	1.62E-02	7.28E-02	5.34E-02	9.06E-02	2.98E-02
339.45	3.69E+00	4.51E-02	1.62E-02	7.29E-02	5.33E-02	9.05E-02	2.98E-02
341.275	3.69E+00	4.53E-02	1.63E-02	7.29E-02	5.32E-02	9.03E-02	2.98E-02
343.1	3.69E+00	4.55E-02	1.63E-02	7.30E-02	5.32E-02	9.02E-02	2.98E-02
344.925	3.69E+00	4.57E-02	1.63E-02	7.31E-02	5.31E-02	9.01E-02	2.99E-02
346.75	3.69E+00	4.59E-02	1.63E-02	7.31E-02	5.31E-02	8.99E-02	2.99E-02
348.575	3.69E+00	4.61E-02	1.63E-02	7.32E-02	5.30E-02	8.98E-02	2.99E-02
350.4	3.68E+00	4.62E-02	1.63E-02	7.33E-02	5.29E-02	8.97E-02	3.00E-02
352.225	3.68E+00	4.64E-02	1.64E-02	7.34E-02	5.29E-02	8.96E-02	3.00E-02
354.05	3.68E+00	4.66E-02	1.64E-02	7.34E-02	5.28E-02	8.94E-02	3.00E-02
355.875	3.68E+00	4.68E-02	1.64E-02	7.35E-02	5.28E-02	8.93E-02	3.00E-02
357.7	3.68E+00	4.70E-02	1.64E-02	7.36E-02	5.27E-02	8.92E-02	3.01E-02
359.525	3.68E+00	4.71E-02	1.64E-02	7.36E-02	5.27E-02	8.91E-02	3.01E-02
361.35	3.68E+00	4.73E-02	1.64E-02	7.37E-02	5.26E-02	8.89E-02	3.01E-02
363.175	3.68E+00	4.75E-02	1.65E-02	7.38E-02	5.26E-02	8.88E-02	3.01E-02
365	3.68E+00	4.77E-02	1.65E-02	7.38E-02	5.25E-02	8.87E-02	3.02E-02
366.825	3.68E+00	4.79E-02	1.65E-02	7.39E-02	5.25E-02	8.86E-02	3.02E-02
368.65	3.68E+00	4.80E-02	1.65E-02	7.40E-02	5.24E-02	8.85E-02	3.02E-02
370.475	3.68E+00	4.82E-02	1.65E-02	7.40E-02	5.24E-02	8.83E-02	3.03E-02
372.3	3.67E+00	4.84E-02	1.65E-02	7.41E-02	5.23E-02	8.82E-02	3.03E-02
374.125	3.67E+00	4.86E-02	1.66E-02	7.42E-02	5.23E-02	8.81E-02	3.03E-02
375.95	3.67E+00	4.88E-02	1.66E-02	7.42E-02	5.22E-02	8.80E-02	3.03E-02
377.775	3.67E+00	4.89E-02	1.66E-02	7.43E-02	5.22E-02	8.79E-02	3.04E-02
379.6	3.67E+00	4.91E-02	1.66E-02	7.44E-02	5.21E-02	8.78E-02	3.04E-02
381.425	3.67E+00	4.93E-02	1.66E-02	7.44E-02	5.21E-02	8.77E-02	3.04E-02
383.25	3.67E+00	4.95E-02	1.66E-02	7.45E-02	5.21E-02	8.76E-02	3.04E-02
385.075	3.67E+00	4.97E-02	1.67E-02	7.45E-02	5.20E-02	8.75E-02	3.05E-02
386.9	3.67E+00	4.98E-02	1.67E-02	7.46E-02	5.20E-02	8.73E-02	3.05E-02
388.725	3.67E+00	5.00E-02	1.67E-02	7.47E-02	5.19E-02	8.72E-02	3.05E-02
390.55	3.67E+00	5.02E-02	1.67E-02	7.47E-02	5.19E-02	8.71E-02	3.06E-02
392.375	3.67E+00	5.04E-02	1.67E-02	7.48E-02	5.19E-02	8.70E-02	3.06E-02
394.2	3.66E+00	5.06E-02	1.67E-02	7.49E-02	5.18E-02	8.69E-02	3.06E-02
396.025	3.66E+00	5.07E-02	1.68E-02	7.49E-02	5.18E-02	8.68E-02	3.06E-02
397.85	3.66E+00	5.09E-02	1.68E-02	7.50E-02	5.17E-02	8.67E-02	3.07E-02
399.675	3.66E+00	5.11E-02	1.68E-02	7.50E-02	5.17E-02	8.66E-02	3.07E-02
401.5	3.66E+00	5.13E-02	1.68E-02	7.51E-02	5.17E-02	8.65E-02	3.07E-02
403.325	3.66E+00	5.14E-02	1.68E-02	7.52E-02	5.16E-02	8.64E-02	3.07E-02
405.15	3.66E+00	5.16E-02	1.68E-02	7.52E-02	5.16E-02	8.63E-02	3.08E-02
406.975	3.66E+00	5.18E-02	1.69E-02	7.53E-02	5.16E-02	8.62E-02	3.08E-02
408.8	3.66E+00	5.20E-02	1.69E-02	7.53E-02	5.15E-02	8.61E-02	3.08E-02
410.625	3.66E+00	5.22E-02	1.69E-02	7.54E-02	5.15E-02	8.60E-02	3.08E-02
412.45	3.66E+00	5.23E-02	1.69E-02	7.55E-02	5.15E-02	8.59E-02	3.09E-02
414.275	3.66E+00	5.25E-02	1.69E-02	7.55E-02	5.14E-02	8.58E-02	3.09E-02
416.1	3.66E+00	5.27E-02	1.69E-02	7.56E-02	5.14E-02	8.57E-02	3.09E-02
417.925	3.66E+00	5.29E-02	1.70E-02	7.56E-02	5.14E-02	8.57E-02	3.09E-02
419.75	3.65E+00	5.30E-02	1.70E-02	7.57E-02	5.13E-02	8.56E-02	3.10E-02
421.575	3.65E+00	5.32E-02	1.70E-02	7.57E-02	5.13E-02	8.55E-02	3.10E-02
423.4	3.65E+00	5.34E-02	1.70E-02	7.58E-02	5.13E-02	8.54E-02	3.10E-02
425.225	3.65E+00	5.36E-02	1.70E-02	7.59E-02	5.12E-02	8.53E-02	3.11E-02
427.05	3.65E+00	5.38E-02	1.70E-02	7.59E-02	5.12E-02	8.52E-02	3.11E-02
428.875	3.65E+00	5.39E-02	1.70E-02	7.60E-02	5.12E-02	8.51E-02	3.11E-02
430.7	3.65E+00	5.41E-02	1.71E-02	7.60E-02	5.12E-02	8.50E-02	3.11E-02
432.525	3.65E+00	5.43E-02	1.71E-02	7.61E-02	5.11E-02	8.49E-02	3.12E-02
434.35	3.65E+00	5.45E-02	1.71E-02	7.61E-02	5.11E-02	8.49E-02	3.12E-02
436.175	3.65E+00	5.46E-02	1.71E-02	7.62E-02	5.11E-02	8.48E-02	3.12E-02
438	3.65E+00	5.48E-02	1.71E-02	7.62E-02	5.11E-02	8.47E-02	3.12E-02
439.825	3.65E+00	5.50E-02	1.71E-02	7.63E-02	5.10E-02	8.46E-02	3.13E-02
441.65	3.65E+00	5.52E-02	1.72E-02	7.64E-02	5.10E-02	8.45E-02	3.13E-02
443.475	3.65E+00	5.53E-02	1.72E-02	7.64E-02	5.10E-02	8.44E-02	3.13E-02
445.3	3.64E+00	5.55E-02	1.72E-02	7.65E-02	5.10E-02	8.44E-02	3.13E-02
447.125	3.64E+00	5.57E-02	1.72E-02	7.65E-02	5.09E-02	8.43E-02	3.14E-02
448.95	3.64E+00	5.59E-02	1.72E-02	7.66E-02	5.09E-02	8.42E-02	3.14E-02
450.775	3.64E+00	5.61E-02	1.72E-02	7.66E-02	5.09E-02	8.41E-02	3.14E-02
452.6	3.64E+00	5.62E-02	1.73E-02	7.67E-02	5.09E-02	8.41E-02	3.14E-02
454.425	3.64E+00	5.64E-02	1.73E-02	7.67E-02	5.09E-02	8.40E-02	3.15E-02
456.25	3.64E+00	5.66E-02	1.73E-02	7.68E-02	5.08E-02	8.39E-02	3.15E-02
458.075	3.64E+00	5.68E-02	1.73E-02	7.68E-02	5.08E-02	8.38E-02	3.15E-02
459.9	3.64E+00	5.69E-02	1.73E-02	7.69E-02	5.08E-02	8.37E-02	3.15E-02
461.725	3.64E+00	5.71E-02	1.73E-02	7.69E-02	5.08E-02	8.37E-02	3.16E-02
463.55	3.64E+00	5.73E-02	1.73E-02	7.70E-02	5.08E-02	8.36E-02	3.16E-02
465.375	3.64E+00	5.75E-02	1.74E-02	7.70E-02	5.07E-02	8.35E-02	3.16E-02
467.2	3.64E+00	5.76E-02	1.74E-02	7.71E-02	5.07E-02	8.35E-02	3.16E-02
469.025	3.64E+00	5.78E-02	1.74E-02	7.71E-02	5.07E-02	8.34E-02	3.17E-02
470.85	3.64E+00	5.80E-02	1.74E-02	7.72E-02	5.07E-02	8.33E-02	3.17E-02
472.675	3.63E+00	5.82E-02	1.74E-02	7.72E-02	5.07E-02	8.32E-02	3.17E-02
474.5	3.63E+00	5.83E-02	1.74E-02	7.73E-02	5.06E-02	8.32E-02	3.17E-02
476.325	3.63E+00	5.85E-02	1.74E-02	7.73E-02	5.06E-02	8.31E-02	3.18E-02
478.15	3.63E+00	5.87E-02	1.75E-02	7.74E-02	5.06E-02	8.30E-02	3.18E-02
479.975	3.63E+00	5.89E-02	1.75E-02	7.74E-02	5.06E-02	8.30E-02	3.18E-02
481.8	3.63E+00	5.90E-02	1.75E-02	7.75E-02	5.06E-02	8.29E-02	3.18E-02
483.625	3.63E+00	5.92E-02	1.75E-02	7.75E-02	5.06E-02	8.28E-02	3.18E-02
485.45	3.63E+00	5.94E-02	1.75E-02	7.75E-02	5.05E-02	8.28E-02	3.19E-02
487.275	3.63E+00	5.96E-02	1.75E-02	7.76E-02	5.05E-02	8.27E-02	3.19E-02
489.1	3.63E+00	5.97E-02	1.76E-02	7.76E-02	5.05E-02	8.27E-02	3.19E-02
490.925	3.63E+00	5.99E-02	1.76E-02	7.77E-02	5.05E-02	8.26E-02	3.19E-02
492.75	3.63E+00	6.01E-02	1.76E-02	7.77E-02	5.05E-02	8.25E-02	3.20E-02
494.575	3.63E+00	6.03E-02	1.76E-02	7.78E-02	5.05E-02	8.25E-02	3.20E-02
496.4	3.63E+00	6.04E-02	1.76E-02	7.78E-02	5.05E-02	8.24E-02	3.20E-02
498.225	3.63E+00	6.06E-02	1.76E-02	7.79E-02	5.04E-02	8.23E-02	3.20E-02
500.05	3.62E+00	6.08E-02	1.76E-02	7.79E-02	5.04E-02	8.23E-02	3.21E-02
501.875	3.62E+00	6.10E-02	1.77E-02	7.79E-02	5.04E-02	8.22E-02	3.21E-02
503.7	3.62E+00	6.11E-02	1.77E-02	7.80E-02	5.04E-02	8.22E-02	3.21E-02
505.525	3.62E+00	6.13E-02	1.77E-02	7.80E-02	5.04E-02	8.21E-02	3.21E-02
507.35	3.62E+00	6.15E-02	1.77E-02	7.81E-02	5.04E-02	8.20E-02	3.22E-02
509.175	3.62E+00	6.17E-02	1.77E-02	7.81E-02	5.04E-02	8.20E-02	3.22E-02
511	3.62E+00	6.18E-02	1.77E-02	7.82E-02	5.04E-02	8.19E-02	3.22E-02
512.825	3.62E+00	6.20E-02	1.77E-02	7.82E-02	5.04E-02	8.19E-02	3.22E-02
514.65	3.62E+00	6.22E-02	1.78E-02	7.82E-02	5.03E-02	8.18E-02	3.23E-02
516.475	3.62E+00	6.24E-02	1.78E-02	7.83E-02	5.03E-02	8.18E-02	3.23E-02
518.3	3.62E+00	6.25E-02	1.78E-02	7.83E-02	5.03E-02	8.17E-02	3.23E-02
520.125	3.62E+00	6.27E-02	1.78E-02	7.84E-02	5.03E-02	8.17E-02	3.23E-02
521.95	3.62E+00	6.29E-02	1.78E-02	7.84E-02	5.03E-02	8.16E-02	3.23E-02
523.775	3.62E+00	6.31E-02	1.78E-02	7.84E-02	5.03E-02	8.16E-02	3.24E-02
525.6	3.62E+00	6.32E-02	1.78E-02	7.85E-02	5.03E-02	8.15E-02	3.24E-02
527.425	3.62E+00	6.34E-02	1.79E-02	7.85E-02	5.03E-02	8.15E-02	3.24E-02
529.25	3.61E+00	6.36E-02	1.79E-02	7.85E-02	5.03E-02	8.14E-02	3.24E-02
531.075	3.61E+00	6.38E-02	1.79E-02	7.86E-02	5.03E-02	8.13E-02	3.25E-02
532.9	3.61E+00	6.39E-02	1.79E-02	7.86E-02	5.03E-02	8.13E-02	3.25E-02
534.725	3.61E+00	6.41E-02	1.79E-02	7.87E-02	5.02E-02	8.12E-02	3.25E-02
536.55	3.61E+00	6.43E-02	1.79E-02	7.87E-02	5.02E-02	8.12E-02	3.25E-02
538.375	3.61E+00	6.45E-02	1.79E-02	7.87E-02	5.02E-02	8.12E-02	3.26E-02
540.2	3.61E+00	6.46E-02	1.80E-02	7.88E-02	5.02E-02	8.11E-02	3.26E-02
542.025	3.61E+00	6.48E-02	1.80E-02	7.88E-02	5.02E-02	8.11E-02	3.26E-02
543.85	3.61E+00	6.50E-02	1.80E-02	7.88E-02	5.02E-02	8.10E-02	3.26E-02
545.675	3.61E+00	6.52E-02	1.80E-02	7.89E-02	5.02E-02	8.10E-02	3.26E-02
547.5	3.61E+00	6.53E-02	1.80E-02	7.89E-02	5.02E-02	8.09E-02	3.27E-02
549.325	3.61E+00	6.55E-02	1.80E-02	7.89E-02	5.02E-02	8.09E-02	3.27E-02
551.15	3.61E+00	6.57E-02	1.80E-02	7.90E-02	5.02E-02	8.08E-02	3.27E-02
552.975	3.61E+00	6.59E-02	1.81E-02	7.90E-02	5.02E-02	8.08E-02	3.27E-02
554.8	3.61E+00	6.60E-02	1.81E-02	7.91E-02	5.02E-02	8.07E-02	3.28E-02
556.625	3.61E+00	6.62E-02	1.81E-02	7.91E-02	5.02E-02	8.07E-02	3.28E-02
558.45	3.61E+00	6.64E-02	1.81E-02	7.91E-02	5.02E-02	8.07E-02	3.28E-02
560.275	3.61E+00	6.65E-02	1.81E-02	7.92E-02	5.02E-02	8.06E-02	3.28E-02
562.1	3.60E+00	6.67E-02	1.81E-02	7.92E-02	5.02E-02	8.06E-02	3.28E-02
563.925	3.60E+00	6.69E-02	1.81E-02	7.92E-02	5.01E-02	8.05E-02	3.29E-02
565.75	3.60E+00	6.71E-02	1.82E-02	7.93E-02	5.01E-02	8.05E-02	3.29E-02
567.575	3.60E+00	6.72E-02	1.82E-02	7.93E-02	5.01E-02	8.04E-02	3.29E-02
569.4	3.60E+00	6.74E-02	1.82E-02	7.93E-02	5.01E-02	8.04E-02	3.29E-02
571.225	3.60E+00	6.76E-02	1.82E-02	7.93E-02	5.01E-02	8.04E-02	3.30E-02
573.05	3.60E+00	6.78E-02	1.82E-02	7.94E-02	5.01E-02	8.03E-02	3.30E-02
574.875	3.60E+00	6.79E-02	1.82E-02	7.94E-02	5.01E-02	8.03E-02	3.30E-02
576.7	3.60E+00	6.81E-02	1.82E-02	7.94E-02	5.01E-02	8.02E-02	3.30E-02
578.525	3.60E+00	6.83E-02	1.83E-02	7.95E-02	5.01E-02	8.02E-02	3.30E-02
580.35	3.60E+00	6.85E-02	1.83E-02	7.95E-02	5.01E-02	8.02E-02	3.31E-02
582.175	3.60E+00	6.86E-02	1.83E-02	7.95E-02	5.01E-02	8.01E-02	3.31E-02
584	3.60E+00	6.88E-02	1.83E-02	7.96E-02	5.01E-02	8.01E-02	3.31E-02
585.825	3.60E+00	6.90E-02	1.83E-02	7.96E-02	5.01E-02	8.01E-02	3.31E-02
587.65	3.60E+00	6.92E-02	1.83E-02	7.96E-02	5.01E-02	8.00E-02	3.32E-02
589.475	3.60E+00	6.93E-02	1.83E-02	7.96E-02	5.01E-02	8.00E-02	3.32E-02
591.3	3.60E+00	6.95E-02	1.83E-02	7.97E-02	5.01E-02	8.00E-02	3.32E-02
593.125	3.60E+00	6.97E-02	1.84E-02	7.97E-02	5.01E-02	7.99E-02	3.32E-02
594.95	3.59E+00	6.98E-02	1.84E-02	7.97E-02	5.01E-02	7.99E-02	3.32E-02
596.775	3.59E+00	7.00E-02	1.84E-02	7.98E-02	5.01E-02	7.99E-02	3.33E-02
598.6	3.59E+00	7.02E-02	1.84E-02	7.98E-02	5.01E-02	7.98E-02	3.33E-02
600.425	3.59E+00	7.04E-02	1.84E-02	7.98E-02	5.01E-02	7.98E-02	3.33E-02
602.25	3.59E+00	7.05E-02	1.84E-02	7.98E-02	5.01E-02	7.98E-02	3.33E-02
604.075	3.59E+00	7.07E-02	1.84E-02	7.99E-02	5.01E-02	7.97E-02	3.34E-02
605.9	3.59E+00	7.09E-02	1.85E-02	7.99E-02	5.01E-02	7.97E-02	3.34E-02
607.725	3.59E+00	7.11E-02	1.85E-02	7.99E-02	5.01E-02	7.97E-02	3.34E-02
609.55	3.59E+00	7.12E-02	1.85E-02	7.99E-02	5.01E-02	7.96E-02	3.34E-02
611.375	3.59E+00	7.14E-02	1.85E-02	8.00E-02	5.01E-02	7.96E-02	3.34E-02
613.2	3.59E+00	7.16E-02	1.85E-02	8.00E-02	5.01E-02	7.96E-02	3.35E-02
615.025	3.59E+00	7.18E-02	1.85E-02	8.00E-02	5.01E-02	7.95E-02	3.35E-02
616.85	3.59E+00	7.19E-02	1.85E-02	8.00E-02	5.01E-02	7.95E-02	3.35E-02
618.675	3.59E+00	7.21E-02	1.85E-02	8.01E-02	5.01E-02	7.95E-02	3.35E-02
620.5	3.59E+00	7.23E-02	1.86E-02	8.01E-02	5.01E-02	7.94E-02	3.35E-02
622.325	3.59E+00	7.24E-02	1.86E-02	8.01E-02	5.01E-02	7.94E-02	3.36E-02
624.15	3.59E+00	7.26E-02	1.86E-02	8.01E-02	5.01E-02	7.94E-02	3.36E-02
625.975	3.59E+00	7.28E-02	1.86E-02	8.02E-02	5.01E-02	7.94E-02	3.36E-02
627.8	3.59E+00	7.30E-02	1.86E-02	8.02E-02	5.01E-02	7.93E-02	3.36E-02
629.625	3.58E+00	7.31E-02	1.86E-02	8.02E-02	5.01E-02	7.93E-02	3.36E-02
631.45	3.58E+00	7.33E-02	1.86E-02	8.02E-02	5.01E-02	7.93E-02	3.37E-02
633.275	3.58E+00	7.35E-02	1.87E-02	8.03E-02	5.01E-02	7.92E-02	3.37E-02
635.1	3.58E+00	7.37E-02	1.87E-02	8.03E-02	5.01E-02	7.92E-02	3.37E-02
636.925	3.58E+00	7.38E-02	1.87E-02	8.03E-02	5.01E-02	7.92E-02	3.37E-02
638.75	3.58E+00	7.40E-02	1.87E-02	8.03E-02	5.01E-02	7.92E-02	3.37E-02
640.575	3.58E+00	7.42E-02	1.87E-02	8.04E-02	5.01E-02	7.91E-02	3.38E-02
642.4	3.58E+00	7.43E-02	1.87E-02	8.04E-02	5.01E-02	7.91E-02	3.38E-02
644.225	3.58E+00	7.45E-02	1.87E-02	8.04E-02	5.01E-02	7.91E-02	3.38E-02
646.05	3.58E+00	7.47E-02	1.87E-02	8.04E-02	5.01E-02	7.91E-02	3.38E-02
647.875	3.58E+00	7.49E-02	1.88E-02	8.04E-02	5.01E-02	7.90E-02	3.38E-02
649.7	3.58E+00	7.50E-02	1.88E-02	8.05E-02	5.01E-02	7.90E-02	3.39E-02
651.525	3.58E+00	7.52E-02	1.88E-02	8.05E-02	5.01E-02	7.90E-02	3.39E-02
653.35	3.58E+00	7.54E-02	1.88E-02	8.05E-02	5.01E-02	7.90E-02	3.39E-02
655.175	3.58E+00	7.56E-02	1.88E-02	8.05E-02	5.01E-02	7.89E-02	3.39E-02
657	3.58E+00	7.57E-02	1.88E-02	8.05E-02	5.01E-02	7.89E-02	3.40E-02
658.825	3.58E+00	7.59E-02	1.88E-02	8.06E-02	5.01E-02	7.89E-02	3.40E-02
660.65	3.58E+00	7.61E-02	1.88E-02	8.06E-02	5.01E-02	7.89E-02	3.40E-02
662.475	3.58E+00	7.62E-02	1.89E-02	8.06E-02	5.01E-02	7.89E-02	3.40E-02
664.3	3.58E+00	7.64E-02	1.89E-02	8.06E-02	5.01E-02	7.88E-02	3.40E-02
666.125	3.57E+00	7.66E-02	1.89E-02	8.06E-02	5.01E-02	7.88E-02	3.40E-02
667.95	3.57E+00	7.68E-02	1.89E-02	8.07E-02	5.01E-02	7.88E-02	3.41E-02
669.775	3.57E+00	7.69E-02	1.89E-02	8.07E-02	5.01E-02	7.88E-02	3.41E-02
671.6	3.57E+00	7.71E-02	1.89E-02	8.07E-02	5.01E-02	7.87E-02	3.41E-02
673.425	3.57E+00	7.73E-02	1.89E-02	8.07E-02	5.01E-02	7.87E-02	3.41E-02
675.25	3.57E+00	7.75E-02	1.89E-02	8.07E-02	5.01E-02	7.87E-02	3.41E-02
677.075	3.57E+00	7.76E-02	1.90E-02	8.08E-02	5.01E-02	7.87E-02	3.42E-02
678.9	3.57E+00	7.78E-02	1.90E-02	8.08E-02	5.01E-02	7.87E-02	3.42E-02
680.725	3.57E+00	7.80E-02	1.90E-02	8.08E-02	5.01E-02	7.86E-02	3.42E-02
682.55	3.57E+00	7.81E-02	1.90E-02	8.08E-02	5.01E-02	7.86E-02	3.42E-02
684.375	3.57E+00	7.83E-02	1.90E-02	8.08E-02	5.01E-02	7.86E-02	3.42E-02
686.2	3.57E+00	7.85E-02	1.90E-02	8.08E-02	5.01E-02	7.86E-02	3.43E-02
688.025	3.57E+00	7.87E-02	1.90E-02	8.09E-02	5.01E-02	7.86E-02	3.43E-02
689.85	3.57E+00	7.88E-02	1.90E-02	8.09E-02	5.01E-02	7.86E-02	3.43E-02
691.675	3.57E+00	7.90E-02	1.91E-02	8.09E-02	5.01E-02	7.85E-02	3.43E-02
693.5	3.57E+00	7.92E-02	1.91E-02	8.09E-02	5.01E-02	7.85E-02	3.43E-02
695.325	3.57E+00	7.94E-02	1.91E-02	8.09E-02	5.01E-02	7.85E-02	3.44E-02
697.15	3.57E+00	7.95E-02	1.91E-02	8.09E-02	5.01E-02	7.85E-02	3.44E-02
698.975	3.57E+00	7.97E-02	1.91E-02	8.10E-02	5.02E-02	7.85E-02	3.44E-02
700.8	3.57E+00	7.99E-02	1.91E-02	8.10E-02	5.02E-02	7.84E-02	3.44E-02
702.625	3.56E+00	8.00E-02	1.91E-02	8.10E-02	5.02E-02	7.84E-02	3.44E-02
704.45	3.56E+00	8.02E-02	1.91E-02	8.10E-02	5.02E-02	7.84E-02	3.45E-02
706.275	3.56E+00	8.04E-02	1.91E-02	8.10E-02	5.02E-02	7.84E-02	3.45E-02
708.1	3.56E+00	8.06E-02	1.92E-02	8.10E-02	5.02E-02	7.84E-02	3.45E-02
709.925	3.56E+00	8.07E-02	1.92E-02	8.10E-02	5.02E-02	7.84E-02	3.45E-02
711.75	3.56E+00	8.09E-02	1.92E-02	8.11E-02	5.02E-02	7.83E-02	3.45E-02
713.575	3.56E+00	8.11E-02	1.92E-02	8.11E-02	5.02E-02	7.83E-02	3.46E-02
715.4	3.56E+00	8.13E-02	1.92E-02	8.11E-02	5.02E-02	7.83E-02	3.46E-02
717.225	3.56E+00	8.14E-02	1.92E-02	8.11E-02	5.02E-02	7.83E-02	3.46E-02
719.05	3.56E+00	8.16E-02	1.92E-02	8.11E-02	5.02E-02	7.83E-02	3.46E-02
720.875	3.56E+00	8.18E-02	1.92E-02	8.11E-02	5.02E-02	7.83E-02	3.46E-02
722.7	3.56E+00	8.19E-02	1.93E-02	8.11E-02	5.02E-02	7.83E-02	3.46E-02
724.525	3.56E+00	8.21E-02	1.93E-02	8.12E-02	5.02E-02	7.82E-02	3.47E-02
726.35	3.56E+00	8.23E-02	1.93E-02	8.12E-02	5.02E-02	7.82E-02	3.47E-02
728.175	3.56E+00	8.25E-02	1.93E-02	8.12E-02	5.02E-02	7.82E-02	3.47E-02
730	3.56E+00	8.26E-02	1.93E-02	8.12E-02	5.02E-02	7.82E-02	3.47E-02
731.825	3.56E+00	8.28E-02	1.93E-02	8.12E-02	5.02E-02	7.82E-02	3.47E-02
733.65	3.56E+00	8.30E-02	1.93E-02	8.12E-02	5.02E-02	7.82E-02	3.48E-02
735.475	3.56E+00	8.32E-02	1.93E-02	8.12E-02	5.02E-02	7.82E-02	3.48E-02
737.3	3.56E+00	8.33E-02	1.93E-02	8.12E-02	5.02E-02	7.81E-02	3.48E-02
739.125	3.56E+00	8.35E-02	1.94E-02	8.13E-02	5.02E-02	7.81E-02	3.48E-02
740.95	3.56E+00	8.37E-02	1.94E-02	8.13E-02	5.02E-02	7.81E-02	3.48E-02
742.775	3.55E+00	8.38E-02	1.94E-02	8.13E-02	5.02E-02	7.81E-02	3.48E-02
744.6	3.55E+00	8.40E-02	1.94E-02	8.13E-02	5.02E-02	7.81E-02	3.49E-02
746.425	3.55E+00	8.42E-02	1.94E-02	8.13E-02	5.02E-02	7.81E-02	3.49E-02
748.25	3.55E+00	8.44E-02	1.94E-02	8.13E-02	5.02E-02	7.81E-02	3.49E-02
750.075	3.55E+00	8.45E-02	1.94E-02	8.13E-02	5.03E-02	7.81E-02	3.49E-02
751.9	3.55E+00	8.47E-02	1.94E-02	8.13E-02	5.03E-02	7.81E-02	3.49E-02
753.725	3.55E+00	8.49E-02	1.94E-02	8.13E-02	5.03E-02	7.80E-02	3.50E-02
755.55	3.55E+00	8.51E-02	1.95E-02	8.14E-02	5.03E-02	7.80E-02	3.50E-02
757.375	3.55E+00	8.52E-02	1.95E-02	8.14E-02	5.03E-02	7.80E-02	3.50E-02
759.2	3.55E+00	8.54E-02	1.95E-02	8.14E-02	5.03E-02	7.80E-02	3.50E-02
761.025	3.55E+00	8.56E-02	1.95E-02	8.14E-02	5.03E-02	7.80E-02	3.50E-02
762.85	3.55E+00	8.57E-02	1.95E-02	8.14E-02	5.03E-02	7.80E-02	3.50E-02
764.675	3.55E+00	8.59E-02	1.95E-02	8.14E-02	5.03E-02	7.80E-02	3.51E-02
766.5	3.55E+00	8.61E-02	1.95E-02	8.14E-02	5.03E-02	7.80E-02	3.51E-02
768.325	3.55E+00	8.63E-02	1.95E-02	8.14E-02	5.03E-02	7.80E-02	3.51E-02
770.15	3.55E+00	8.64E-02	1.95E-02	8.14E-02	5.03E-02	7.79E-02	3.51E-02
771.975	3.55E+00	8.66E-02	1.96E-02	8.14E-02	5.03E-02	7.79E-02	3.51E-02
773.8	3.55E+00	8.68E-02	1.96E-02	8.15E-02	5.03E-02	7.79E-02	3.51E-02
775.625	3.55E+00	8.70E-02	1.96E-02	8.15E-02	5.03E-02	7.79E-02	3.52E-02
777.45	3.55E+00	8.71E-02	1.96E-02	8.15E-02	5.03E-02	7.79E-02	3.52E-02
779.275	3.55E+00	8.73E-02	1.96E-02	8.15E-02	5.03E-02	7.79E-02	3.52E-02
781.1	3.55E+00	8.75E-02	1.96E-02	8.15E-02	5.03E-02	7.79E-02	3.52E-02
782.925	3.55E+00	8.76E-02	1.96E-02	8.15E-02	5.03E-02	7.79E-02	3.52E-02
784.75	3.54E+00	8.78E-02	1.96E-02	8.15E-02	5.03E-02	7.79E-02	3.52E-02
786.575	3.54E+00	8.80E-02	1.96E-02	8.15E-02	5.03E-02	7.79E-02	3.53E-02
788.4	3.54E+00	8.82E-02	1.97E-02	8.15E-02	5.03E-02	7.78E-02	3.53E-02
790.225	3.54E+00	8.83E-02	1.97E-02	8.15E-02	5.03E-02	7.78E-02	3.53E-02
792.05	3.54E+00	8.85E-02	1.97E-02	8.15E-02	5.03E-02	7.78E-02	3.53E-02
793.875	3.54E+00	8.87E-02	1.97E-02	8.16E-02	5.04E-02	7.78E-02	3.53E-02
795.7	3.54E+00	8.88E-02	1.97E-02	8.16E-02	5.04E-02	7.78E-02	3.53E-02
797.525	3.54E+00	8.90E-02	1.97E-02	8.16E-02	5.04E-02	7.78E-02	3.54E-02
799.35	3.54E+00	8.92E-02	1.97E-02	8.16E-02	5.04E-02	7.78E-02	3.54E-02
801.175	3.54E+00	8.94E-02	1.97E-02	8.16E-02	5.04E-02	7.78E-02	3.54E-02
803	3.54E+00	8.95E-02	1.97E-02	8.16E-02	5.04E-02	7.78E-02	3.54E-02
804.825	3.54E+00	8.97E-02	1.98E-02	8.16E-02	5.04E-02	7.78E-02	3.54E-02
806.65	3.54E+00	8.99E-02	1.98E-02	8.16E-02	5.04E-02	7.78E-02	3.54E-02
808.475	3.54E+00	9.01E-02	1.98E-02	8.16E-02	5.04E-02	7.78E-02	3.55E-02
810.3	3.54E+00	9.02E-02	1.98E-02	8.16E-02	5.04E-02	7.78E-02	3.55E-02
812.125	3.54E+00	9.04E-02	1.98E-02	8.16E-02	5.04E-02	7.77E-02	3.55E-02
813.95	3.54E+00	9.06E-02	1.98E-02	8.16E-02	5.04E-02	7.77E-02	3.55E-02
815.775	3.54E+00	9.07E-02	1.98E-02	8.16E-02	5.04E-02	7.77E-02	3.55E-02
817.6	3.54E+00	9.09E-02	1.98E-02	8.17E-02	5.04E-02	7.77E-02	3.55E-02
819.425	3.54E+00	9.11E-02	1.98E-02	8.17E-02	5.04E-02	7.77E-02	3.56E-02
821.25	3.54E+00	9.13E-02	1.98E-02	8.17E-02	5.04E-02	7.77E-02	3.56E-02
823.075	3.54E+00	9.14E-02	1.99E-02	8.17E-02	5.04E-02	7.77E-02	3.56E-02
824.9	3.54E+00	9.16E-02	1.99E-02	8.17E-02	5.04E-02	7.77E-02	3.56E-02
826.725	3.54E+00	9.18E-02	1.99E-02	8.17E-02	5.04E-02	7.77E-02	3.56E-02
828.55	3.53E+00	9.20E-02	1.99E-02	8.17E-02	5.04E-02	7.77E-02	3.56E-02
830.375	3.53E+00	9.21E-02	1.99E-02	8.17E-02	5.04E-02	7.77E-02	3.57E-02
832.2	3.53E+00	9.23E-02	1.99E-02	8.17E-02	5.04E-02	7.77E-02	3.57E-02
834.025	3.53E+00	9.25E-02	1.99E-02	8.17E-02	5.04E-02	7.77E-02	3.57E-02
835.85	3.53E+00	9.26E-02	1.99E-02	8.17E-02	5.04E-02	7.77E-02	3.57E-02
837.675	3.53E+00	9.28E-02	1.99E-02	8.17E-02	5.05E-02	7.77E-02	3.57E-02
839.5	3.53E+00	9.30E-02	1.99E-02	8.17E-02	5.05E-02	7.77E-02	3.57E-02
841.325	3.53E+00	9.32E-02	2.00E-02	8.17E-02	5.05E-02	7.76E-02	3.58E-02
843.15	3.53E+00	9.33E-02	2.00E-02	8.17E-02	5.05E-02	7.76E-02	3.58E-02
844.975	3.53E+00	9.35E-02	2.00E-02	8.17E-02	5.05E-02	7.76E-02	3.58E-02
846.8	3.53E+00	9.37E-02	2.00E-02	8.18E-02	5.05E-02	7.76E-02	3.58E-02
848.625	3.53E+00	9.38E-02	2.00E-02	8.18E-02	5.05E-02	7.76E-02	3.58E-02
850.45	3.53E+00	9.40E-02	2.00E-02	8.18E-02	5.05E-02	7.76E-02	3.58E-02
852.275	3.53E+00	9.42E-02	2.00E-02	8.18E-02	5.05E-02	7.76E-02	3.58E-02
854.1	3.53E+00	9.44E-02	2.00E-02	8.18E-02	5.05E-02	7.76E-02	3.59E-02
855.925	3.53E+00	9.45E-02	2.00E-02	8.18E-02	5.05E-02	7.76E-02	3.59E-02
857.75	3.53E+00	9.47E-02	2.00E-02	8.18E-02	5.05E-02	7.76E-02	3.59E-02
859.575	3.53E+00	9.49E-02	2.01E-02	8.18E-02	5.05E-02	7.76E-02	3.59E-02
861.4	3.53E+00	9.51E-02	2.01E-02	8.18E-02	5.05E-02	7.76E-02	3.59E-02
863.225	3.53E+00	9.52E-02	2.01E-02	8.18E-02	5.05E-02	7.76E-02	3.59E-02
865.05	3.53E+00	9.54E-02	2.01E-02	8.18E-02	5.05E-02	7.76E-02	3.60E-02
866.875	3.53E+00	9.56E-02	2.01E-02	8.18E-02	5.05E-02	7.76E-02	3.60E-02
868.7	3.53E+00	9.57E-02	2.01E-02	8.18E-02	5.05E-02	7.76E-02	3.60E-02
870.525	3.53E+00	9.59E-02	2.01E-02	8.18E-02	5.05E-02	7.76E-02	3.60E-02
872.35	3.53E+00	9.61E-02	2.01E-02	8.18E-02	5.05E-02	7.76E-02	3.60E-02
874.175	3.52E+00	9.63E-02	2.01E-02	8.18E-02	5.05E-02	7.76E-02	3.60E-02
876	3.52E+00	9.64E-02	2.01E-02	8.18E-02	5.05E-02	7.76E-02	3.60E-02
877.825	3.52E+00	9.66E-02	2.02E-02	8.18E-02	5.05E-02	7.76E-02	3.61E-02
879.65	3.52E+00	9.68E-02	2.02E-02	8.18E-02	5.05E-02	7.76E-02	3.61E-02
881.475	3.52E+00	9.70E-02	2.02E-02	8.18E-02	5.06E-02	7.75E-02	3.61E-02
883.3	3.52E+00	9.71E-02	2.02E-02	8.18E-02	5.06E-02	7.75E-02	3.61E-02
885.125	3.52E+00	9.73E-02	2.02E-02	8.19E-02	5.06E-02	7.75E-02	3.61E-02
886.95	3.52E+00	9.75E-02	2.02E-02	8.19E-02	5.06E-02	7.75E-02	3.61E-02
888.775	3.52E+00	9.76E-02	2.02E-02	8.19E-02	5.06E-02	7.75E-02	3.61E-02
890.6	3.52E+00	9.78E-02	2.02E-02	8.19E-02	5.06E-02	7.75E-02	3.62E-02
892.425	3.52E+00	9.80E-02	2.02E-02	8.19E-02	5.06E-02	7.75E-02	3.62E-02
894.25	3.52E+00	9.82E-02	2.02E-02	8.19E-02	5.06E-02	7.75E-02	3.62E-02
896.075	3.52E+00	9.83E-02	2.02E-02	8.19E-02	5.06E-02	7.75E-02	3.62E-02
897.9	3.52E+00	9.85E-02	2.03E-02	8.19E-02	5.06E-02	7.75E-02	3.62E-02
899.725	3.52E+00	9.87E-02	2.03E-02	8.19E-02	5.06E-02	7.75E-02	3.62E-02
901.55	3.52E+00	9.89E-02	2.03E-02	8.19E-02	5.06E-02	7.75E-02	3.62E-02
903.375	3.52E+00	9.90E-02	2.03E-02	8.19E-02	5.06E-02	7.75E-02	3.63E-02
905.2	3.52E+00	9.92E-02	2.03E-02	8.19E-02	5.06E-02	7.75E-02	3.63E-02
907.025	3.52E+00	9.94E-02	2.03E-02	8.19E-02	5.06E-02	7.75E-02	3.63E-02
908.85	3.52E+00	9.95E-02	2.03E-02	8.19E-02	5.06E-02	7.75E-02	3.63E-02
910.675	3.52E+00	9.97E-02	2.03E-02	8.19E-02	5.06E-02	7.75E-02	3.63E-02
912.5	3.52E+00	9.99E-02	2.03E-02	8.19E-02	5.06E-02	7.75E-02	3.63E-02
914.325	3.52E+00	1.00E-01	2.03E-02	8.19E-02	5.06E-02	7.75E-02	3.63E-02
916.15	3.52E+00	1.00E-01	2.03E-02	8.19E-02	5.06E-02	7.75E-02	3.64E-02
917.975	3.52E+00	1.00E-01	2.04E-02	8.19E-02	5.06E-02	7.75E-02	3.64E-02
919.8	3.52E+00	1.01E-01	2.04E-02	8.19E-02	5.06E-02	7.75E-02	3.64E-02
921.625	3.51E+00	1.01E-01	2.04E-02	8.19E-02	5.06E-02	7.75E-02	3.64E-02
923.45	3.51E+00	1.01E-01	2.04E-02	8.19E-02	5.06E-02	7.75E-02	3.64E-02
925.275	3.51E+00	1.01E-01	2.04E-02	8.19E-02	5.06E-02	7.75E-02	3.64E-02
927.1	3.51E+00	1.01E-01	2.04E-02	8.19E-02	5.07E-02	7.75E-02	3.64E-02
928.925	3.51E+00	1.01E-01	2.04E-02	8.19E-02	5.07E-02	7.75E-02	3.65E-02
930.75	3.51E+00	1.02E-01	2.04E-02	8.19E-02	5.07E-02	7.75E-02	3.65E-02
932.575	3.51E+00	1.02E-01	2.04E-02	8.19E-02	5.07E-02	7.75E-02	3.65E-02
934.4	3.51E+00	1.02E-01	2.04E-02	8.19E-02	5.07E-02	7.75E-02	3.65E-02
936.225	3.51E+00	1.02E-01	2.04E-02	8.19E-02	5.07E-02	7.75E-02	3.65E-02
938.05	3.51E+00	1.02E-01	2.05E-02	8.19E-02	5.07E-02	7.75E-02	3.65E-02
939.875	3.51E+00	1.02E-01	2.05E-02	8.19E-02	5.07E-02	7.75E-02	3.65E-02
941.7	3.51E+00	1.03E-01	2.05E-02	8.19E-02	5.07E-02	7.75E-02	3.66E-02
943.525	3.51E+00	1.03E-01	2.05E-02	8.19E-02	5.07E-02	7.75E-02	3.66E-02
945.35	3.51E+00	1.03E-01	2.05E-02	8.20E-02	5.07E-02	7.75E-02	3.66E-02
947.175	3.51E+00	1.03E-01	2.05E-02	8.20E-02	5.07E-02	7.75E-02	3.66E-02
949	3.51E+00	1.03E-01	2.05E-02	8.20E-02	5.07E-02	7.75E-02	3.66E-02
950.825	3.51E+00	1.04E-01	2.05E-02	8.20E-02	5.07E-02	7.75E-02	3.66E-02
952.65	3.51E+00	1.04E-01	2.05E-02	8.20E-02	5.07E-02	7.75E-02	3.66E-02
954.475	3.51E+00	1.04E-01	2.05E-02	8.20E-02	5.07E-02	7.74E-02	3.66E-02
956.3	3.51E+00	1.04E-01	2.05E-02	8.20E-02	5.07E-02	7.74E-02	3.67E-02
958.125	3.51E+00	1.04E-01	2.05E-02	8.20E-02	5.07E-02	7.74E-02	3.67E-02
959.95	3.51E+00	1.04E-01	2.06E-02	8.20E-02	5.07E-02	7.74E-02	3.67E-02
961.775	3.51E+00	1.05E-01	2.06E-02	8.20E-02	5.07E-02	7.74E-02	3.67E-02
963.6	3.51E+00	1.05E-01	2.06E-02	8.20E-02	5.07E-02	7.74E-02	3.67E-02
965.425	3.51E+00	1.05E-01	2.06E-02	8.20E-02	5.07E-02	7.74E-02	3.67E-02
967.25	3.51E+00	1.05E-01	2.06E-02	8.20E-02	5.07E-02	7.74E-02	3.67E-02
969.075	3.51E+00	1.05E-01	2.06E-02	8.20E-02	5.07E-02	7.74E-02	3.68E-02
970.9	3.51E+00	1.05E-01	2.06E-02	8.20E-02	5.07E-02	7.74E-02	3.68E-02
972.725	3.50E+00	1.06E-01	2.06E-02	8.20E-02	5.07E-02	7.74E-02	3.68E-02
974.55	3.50E+00	1.06E-01	2.06E-02	8.20E-02	5.07E-02	7.74E-02	3.68E-02
976.375	3.50E+00	1.06E-01	2.06E-02	8.20E-02	5.07E-02	7.74E-02	3.68E-02
978.2	3.50E+00	1.06E-01	2.06E-02	8.20E-02	5.08E-02	7.74E-02	3.68E-02
980.025	3.50E+00	1.06E-01	2.06E-02	8.20E-02	5.08E-02	7.74E-02	3.68E-02
981.85	3.50E+00	1.06E-01	2.07E-02	8.20E-02	5.08E-02	7.74E-02	3.68E-02
983.675	3.50E+00	1.07E-01	2.07E-02	8.20E-02	5.08E-02	7.74E-02	3.69E-02
985.5	3.50E+00	1.07E-01	2.07E-02	8.20E-02	5.08E-02	7.74E-02	3.69E-02
987.325	3.50E+00	1.07E-01	2.07E-02	8.20E-02	5.08E-02	7.74E-02	3.69E-02
989.15	3.50E+00	1.07E-01	2.07E-02	8.20E-02	5.08E-02	7.74E-02	3.69E-02
990.975	3.50E+00	1.07E-01	2.07E-02	8.20E-02	5.08E-02	7.74E-02	3.69E-02
992.8	3.50E+00	1.07E-01	2.07E-02	8.20E-02	5.08E-02	7.74E-02	3.69E-02
994.625	3.50E+00	1.08E-01	2.07E-02	8.20E-02	5.08E-02	7.74E-02	3.69E-02
996.45	3.50E+00	1.08E-01	2.07E-02	8.20E-02	5.08E-02	7.74E-02	3.69E-02
998.275	3.50E+00	1.08E-01	2.07E-02	8.20E-02	5.08E-02	7.74E-02	3.70E-02
1000.1	3.50E+00	1.08E-01	2.07E-02	8.20E-02	5.08E-02	7.74E-02	3.70E-02
1001.92	3.50E+00	1.08E-01	2.07E-02	8.20E-02	5.08E-02	7.74E-02	3.70E-02
1003.75	3.50E+00	1.09E-01	2.08E-02	8.20E-02	5.08E-02	7.74E-02	3.70E-02
1005.58	3.50E+00	1.09E-01	2.08E-02	8.20E-02	5.08E-02	7.74E-02	3.70E-02
1007.4	3.50E+00	1.09E-01	2.08E-02	8.20E-02	5.08E-02	7.74E-02	3.70E-02
1009.23	3.50E+00	1.09E-01	2.08E-02	8.20E-02	5.08E-02	7.74E-02	3.70E-02
1011.05	3.50E+00	1.09E-01	2.08E-02	8.20E-02	5.08E-02	7.74E-02	3.70E-02
1012.88	3.50E+00	1.09E-01	2.08E-02	8.20E-02	5.08E-02	7.74E-02	3.71E-02
1014.7	3.50E+00	1.10E-01	2.08E-02	8.20E-02	5.08E-02	7.74E-02	3.71E-02
1016.52	3.50E+00	1.10E-01	2.08E-02	8.20E-02	5.08E-02	7.74E-02	3.71E-02
1018.35	3.50E+00	1.10E-01	2.08E-02	8.20E-02	5.08E-02	7.74E-02	3.71E-02
1020.17	3.50E+00	1.10E-01	2.08E-02	8.20E-02	5.08E-02	7.74E-02	3.71E-02
1022	3.50E+00	1.10E-01	2.08E-02	8.20E-02	5.08E-02	7.74E-02	3.71E-02
1023.83	3.50E+00	1.10E-01	2.08E-02	8.20E-02	5.08E-02	7.74E-02	3.71E-02
1025.65	3.49E+00	1.11E-01	2.08E-02	8.20E-02	5.08E-02	7.74E-02	3.71E-02
1027.47	3.49E+00	1.11E-01	2.09E-02	8.20E-02	5.08E-02	7.74E-02	3.71E-02
1029.3	3.49E+00	1.11E-01	2.09E-02	8.20E-02	5.08E-02	7.74E-02	3.72E-02
1031.13	3.49E+00	1.11E-01	2.09E-02	8.20E-02	5.08E-02	7.74E-02	3.72E-02
1032.95	3.49E+00	1.11E-01	2.09E-02	8.20E-02	5.08E-02	7.74E-02	3.72E-02
1034.78	3.49E+00	1.11E-01	2.09E-02	8.20E-02	5.08E-02	7.74E-02	3.72E-02
1036.6	3.49E+00	1.12E-01	2.09E-02	8.20E-02	5.08E-02	7.74E-02	3.72E-02
1038.42	3.49E+00	1.12E-01	2.09E-02	8.20E-02	5.09E-02	7.74E-02	3.72E-02
1040.25	3.49E+00	1.12E-01	2.09E-02	8.20E-02	5.09E-02	7.74E-02	3.72E-02
1042.08	3.49E+00	1.12E-01	2.09E-02	8.20E-02	5.09E-02	7.74E-02	3.72E-02
1043.9	3.49E+00	1.12E-01	2.09E-02	8.20E-02	5.09E-02	7.74E-02	3.73E-02
1045.72	3.49E+00	1.12E-01	2.09E-02	8.20E-02	5.09E-02	7.74E-02	3.73E-02
1047.55	3.49E+00	1.13E-01	2.09E-02	8.20E-02	5.09E-02	7.74E-02	3.73E-02
1049.38	3.49E+00	1.13E-01	2.09E-02	8.20E-02	5.09E-02	7.74E-02	3.73E-02
1051.2	3.49E+00	1.13E-01	2.10E-02	8.20E-02	5.09E-02	7.74E-02	3.73E-02
1053.03	3.49E+00	1.13E-01	2.10E-02	8.20E-02	5.09E-02	7.74E-02	3.73E-02
1054.85	3.49E+00	1.13E-01	2.10E-02	8.20E-02	5.09E-02	7.74E-02	3.73E-02
1056.67	3.49E+00	1.14E-01	2.10E-02	8.20E-02	5.09E-02	7.74E-02	3.73E-02
1058.5	3.49E+00	1.14E-01	2.10E-02	8.20E-02	5.09E-02	7.74E-02	3.73E-02
1060.33	3.49E+00	1.14E-01	2.10E-02	8.20E-02	5.09E-02	7.74E-02	3.74E-02
1062.15	3.49E+00	1.14E-01	2.10E-02	8.20E-02	5.09E-02	7.74E-02	3.74E-02
1063.97	3.49E+00	1.14E-01	2.10E-02	8.20E-02	5.09E-02	7.74E-02	3.74E-02
1065.8	3.49E+00	1.14E-01	2.10E-02	8.20E-02	5.09E-02	7.74E-02	3.74E-02
1067.63	3.49E+00	1.15E-01	2.10E-02	8.20E-02	5.09E-02	7.74E-02	3.74E-02
1069.45	3.49E+00	1.15E-01	2.10E-02	8.20E-02	5.09E-02	7.74E-02	3.74E-02
1071.28	3.49E+00	1.15E-01	2.10E-02	8.20E-02	5.09E-02	7.74E-02	3.74E-02
1073.1	3.49E+00	1.15E-01	2.10E-02	8.20E-02	5.09E-02	7.74E-02	3.74E-02
1074.92	3.49E+00	1.15E-01	2.10E-02	8.20E-02	5.09E-02	7.74E-02	3.74E-02
1076.75	3.49E+00	1.15E-01	2.11E-02	8.20E-02	5.09E-02	7.74E-02	3.75E-02
1078.58	3.49E+00	1.16E-01	2.11E-02	8.20E-02	5.09E-02	7.74E-02	3.75E-02
1080.4	3.48E+00	1.16E-01	2.11E-02	8.20E-02	5.09E-02	7.74E-02	3.75E-02
1082.22	3.48E+00	1.16E-01	2.11E-02	8.20E-02	5.09E-02	7.74E-02	3.75E-02
1084.05	3.48E+00	1.16E-01	2.11E-02	8.20E-02	5.09E-02	7.74E-02	3.75E-02
1085.88	3.48E+00	1.16E-01	2.11E-02	8.20E-02	5.09E-02	7.74E-02	3.75E-02
1087.7	3.48E+00	1.16E-01	2.11E-02	8.20E-02	5.09E-02	7.74E-02	3.75E-02
1089.53	3.48E+00	1.17E-01	2.11E-02	8.20E-02	5.09E-02	7.74E-02	3.75E-02
1091.35	3.48E+00	1.17E-01	2.11E-02	8.20E-02	5.09E-02	7.74E-02	3.75E-02
1093.17	3.48E+00	1.17E-01	2.11E-02	8.20E-02	5.09E-02	7.74E-02	3.75E-02
1095	3.48E+00	1.17E-01	2.11E-02	8.20E-02	5.09E-02	7.74E-02	3.76E-02
1096.83	3.48E+00	1.17E-01	2.11E-02	8.20E-02	5.09E-02	7.74E-02	3.76E-02
1098.65	3.48E+00	1.17E-01	2.11E-02	8.20E-02	5.09E-02	7.74E-02	3.76E-02
1100.47	3.48E+00	1.18E-01	2.11E-02	8.20E-02	5.09E-02	7.74E-02	3.76E-02
1102.3	3.48E+00	1.18E-01	2.11E-02	8.20E-02	5.09E-02	7.74E-02	3.76E-02
1104.13	3.48E+00	1.18E-01	2.12E-02	8.20E-02	5.09E-02	7.74E-02	3.76E-02
1105.95	3.48E+00	1.18E-01	2.12E-02	8.20E-02	5.09E-02	7.74E-02	3.76E-02
1107.78	3.48E+00	1.18E-01	2.12E-02	8.20E-02	5.09E-02	7.74E-02	3.76E-02
1109.6	3.48E+00	1.19E-01	2.12E-02	8.20E-02	5.09E-02	7.74E-02	3.76E-02
1111.42	3.48E+00	1.19E-01	2.12E-02	8.20E-02	5.09E-02	7.74E-02	3.77E-02
1113.25	3.48E+00	1.19E-01	2.12E-02	8.20E-02	5.10E-02	7.74E-02	3.77E-02
1115.08	3.48E+00	1.19E-01	2.12E-02	8.20E-02	5.10E-02	7.74E-02	3.77E-02
1116.9	3.48E+00	1.19E-01	2.12E-02	8.20E-02	5.10E-02	7.74E-02	3.77E-02
1118.72	3.48E+00	1.19E-01	2.12E-02	8.20E-02	5.10E-02	7.74E-02	3.77E-02
1120.55	3.48E+00	1.20E-01	2.12E-02	8.20E-02	5.10E-02	7.74E-02	3.77E-02
1122.38	3.48E+00	1.20E-01	2.12E-02	8.20E-02	5.10E-02	7.74E-02	3.77E-02
1124.2	3.48E+00	1.20E-01	2.12E-02	8.20E-02	5.10E-02	7.74E-02	3.77E-02
1126.03	3.48E+00	1.20E-01	2.12E-02	8.20E-02	5.10E-02	7.74E-02	3.77E-02
1127.85	3.48E+00	1.20E-01	2.12E-02	8.20E-02	5.10E-02	7.74E-02	3.77E-02
1129.67	3.48E+00	1.20E-01	2.12E-02	8.20E-02	5.10E-02	7.74E-02	3.78E-02
1131.5	3.48E+00	1.21E-01	2.13E-02	8.20E-02	5.10E-02	7.74E-02	3.78E-02
1133.33	3.48E+00	1.21E-01	2.13E-02	8.20E-02	5.10E-02	7.74E-02	3.78E-02
1135.15	3.48E+00	1.21E-01	2.13E-02	8.20E-02	5.10E-02	7.74E-02	3.78E-02
1136.97	3.47E+00	1.21E-01	2.13E-02	8.20E-02	5.10E-02	7.74E-02	3.78E-02
1138.8	3.47E+00	1.21E-01	2.13E-02	8.20E-02	5.10E-02	7.74E-02	3.78E-02
1140.63	3.47E+00	1.21E-01	2.13E-02	8.20E-02	5.10E-02	7.74E-02	3.78E-02
1142.45	3.47E+00	1.22E-01	2.13E-02	8.20E-02	5.10E-02	7.74E-02	3.78E-02
1144.28	3.47E+00	1.22E-01	2.13E-02	8.20E-02	5.10E-02	7.74E-02	3.78E-02
1146.1	3.47E+00	1.22E-01	2.13E-02	8.20E-02	5.10E-02	7.74E-02	3.78E-02
1147.92	3.47E+00	1.22E-01	2.13E-02	8.20E-02	5.10E-02	7.74E-02	3.79E-02
1149.75	3.47E+00	1.22E-01	2.13E-02	8.20E-02	5.10E-02	7.74E-02	3.79E-02
1151.58	3.47E+00	1.22E-01	2.13E-02	8.20E-02	5.10E-02	7.74E-02	3.79E-02
1153.4	3.47E+00	1.23E-01	2.13E-02	8.20E-02	5.10E-02	7.74E-02	3.79E-02
1155.22	3.47E+00	1.23E-01	2.13E-02	8.20E-02	5.10E-02	7.74E-02	3.79E-02
1157.05	3.47E+00	1.23E-01	2.13E-02	8.20E-02	5.10E-02	7.74E-02	3.79E-02
1158.88	3.47E+00	1.23E-01	2.13E-02	8.20E-02	5.10E-02	7.74E-02	3.79E-02
1160.7	3.47E+00	1.23E-01	2.14E-02	8.20E-02	5.10E-02	7.74E-02	3.79E-02
1162.53	3.47E+00	1.24E-01	2.14E-02	8.20E-02	5.10E-02	7.74E-02	3.79E-02
1164.35	3.47E+00	1.24E-01	2.14E-02	8.20E-02	5.10E-02	7.74E-02	3.79E-02
1166.17	3.47E+00	1.24E-01	2.14E-02	8.20E-02	5.10E-02	7.74E-02	3.79E-02
1168	3.47E+00	1.24E-01	2.14E-02	8.20E-02	5.10E-02	7.74E-02	3.80E-02
1169.83	3.47E+00	1.24E-01	2.14E-02	8.20E-02	5.10E-02	7.74E-02	3.80E-02
1171.65	3.47E+00	1.24E-01	2.14E-02	8.20E-02	5.10E-02	7.75E-02	3.80E-02
1173.47	3.47E+00	1.25E-01	2.14E-02	8.20E-02	5.10E-02	7.75E-02	3.80E-02
1175.3	3.47E+00	1.25E-01	2.14E-02	8.20E-02	5.10E-02	7.75E-02	3.80E-02
1177.13	3.47E+00	1.25E-01	2.14E-02	8.20E-02	5.10E-02	7.75E-02	3.80E-02
1178.95	3.47E+00	1.25E-01	2.14E-02	8.20E-02	5.10E-02	7.75E-02	3.80E-02
1180.78	3.47E+00	1.25E-01	2.14E-02	8.20E-02	5.10E-02	7.75E-02	3.80E-02
1182.6	3.47E+00	1.25E-01	2.14E-02	8.20E-02	5.10E-02	7.75E-02	3.80E-02
1184.42	3.47E+00	1.26E-01	2.14E-02	8.20E-02	5.10E-02	7.75E-02	3.80E-02
1186.25	3.47E+00	1.26E-01	2.14E-02	8.20E-02	5.10E-02	7.75E-02	3.80E-02
1188.08	3.47E+00	1.26E-01	2.14E-02	8.20E-02	5.10E-02	7.75E-02	3.81E-02
1189.9	3.47E+00	1.26E-01	2.14E-02	8.20E-02	5.10E-02	7.75E-02	3.81E-02
1191.72	3.47E+00	1.26E-01	2.15E-02	8.20E-02	5.10E-02	7.75E-02	3.81E-02
1193.55	3.47E+00	1.26E-01	2.15E-02	8.20E-02	5.10E-02	7.75E-02	3.81E-02
1195.38	3.47E+00	1.27E-01	2.15E-02	8.20E-02	5.10E-02	7.75E-02	3.81E-02
1197.2	3.46E+00	1.27E-01	2.15E-02	8.20E-02	5.10E-02	7.75E-02	3.81E-02
1199.03	3.46E+00	1.27E-01	2.15E-02	8.20E-02	5.10E-02	7.75E-02	3.81E-02
1200.85	3.46E+00	1.27E-01	2.15E-02	8.20E-02	5.10E-02	7.75E-02	3.81E-02
1202.67	3.46E+00	1.27E-01	2.15E-02	8.20E-02	5.10E-02	7.75E-02	3.81E-02
1204.5	3.46E+00	1.27E-01	2.15E-02	8.20E-02	5.10E-02	7.75E-02	3.81E-02
1206.33	3.46E+00	1.28E-01	2.15E-02	8.20E-02	5.10E-02	7.75E-02	3.81E-02
1208.15	3.46E+00	1.28E-01	2.15E-02	8.20E-02	5.10E-02	7.75E-02	3.82E-02
1209.97	3.46E+00	1.28E-01	2.15E-02	8.20E-02	5.10E-02	7.75E-02	3.82E-02
1211.8	3.46E+00	1.28E-01	2.15E-02	8.20E-02	5.10E-02	7.75E-02	3.82E-02
1213.63	3.46E+00	1.28E-01	2.15E-02	8.20E-02	5.10E-02	7.75E-02	3.82E-02
1215.45	3.46E+00	1.29E-01	2.15E-02	8.20E-02	5.10E-02	7.75E-02	3.82E-02
1217.28	3.46E+00	1.29E-01	2.15E-02	8.20E-02	5.11E-02	7.75E-02	3.82E-02
1219.1	3.46E+00	1.29E-01	2.15E-02	8.20E-02	5.11E-02	7.75E-02	3.82E-02
1220.92	3.46E+00	1.29E-01	2.15E-02	8.20E-02	5.11E-02	7.75E-02	3.82E-02
1222.75	3.46E+00	1.29E-01	2.16E-02	8.20E-02	5.11E-02	7.75E-02	3.82E-02
1224.58	3.46E+00	1.29E-01	2.16E-02	8.20E-02	5.11E-02	7.75E-02	3.82E-02
1226.4	3.46E+00	1.30E-01	2.16E-02	8.20E-02	5.11E-02	7.75E-02	3.82E-02
1228.22	3.46E+00	1.30E-01	2.16E-02	8.20E-02	5.11E-02	7.75E-02	3.82E-02
1230.05	3.46E+00	1.30E-01	2.16E-02	8.20E-02	5.11E-02	7.75E-02	3.83E-02
1231.88	3.46E+00	1.30E-01	2.16E-02	8.20E-02	5.11E-02	7.75E-02	3.83E-02
1233.7	3.46E+00	1.30E-01	2.16E-02	8.20E-02	5.11E-02	7.75E-02	3.83E-02
1235.53	3.46E+00	1.30E-01	2.16E-02	8.20E-02	5.11E-02	7.75E-02	3.83E-02
1237.35	3.46E+00	1.31E-01	2.16E-02	8.20E-02	5.11E-02	7.75E-02	3.83E-02
1239.17	3.46E+00	1.31E-01	2.16E-02	8.20E-02	5.11E-02	7.75E-02	3.83E-02
1241	3.46E+00	1.31E-01	2.16E-02	8.20E-02	5.11E-02	7.75E-02	3.83E-02
1242.83	3.46E+00	1.31E-01	2.16E-02	8.20E-02	5.11E-02	7.75E-02	3.83E-02
1244.65	3.46E+00	1.31E-01	2.16E-02	8.20E-02	5.11E-02	7.75E-02	3.83E-02
1246.47	3.46E+00	1.31E-01	2.16E-02	8.20E-02	5.11E-02	7.75E-02	3.83E-02
1248.3	3.46E+00	1.32E-01	2.16E-02	8.20E-02	5.11E-02	7.75E-02	3.83E-02
1250.13	3.46E+00	1.32E-01	2.16E-02	8.20E-02	5.11E-02	7.75E-02	3.83E-02
1251.95	3.46E+00	1.32E-01	2.16E-02	8.20E-02	5.11E-02	7.75E-02	3.84E-02
1253.78	3.46E+00	1.32E-01	2.16E-02	8.20E-02	5.11E-02	7.75E-02	3.84E-02
1255.6	3.46E+00	1.32E-01	2.16E-02	8.20E-02	5.11E-02	7.75E-02	3.84E-02
1257.42	3.46E+00	1.33E-01	2.17E-02	8.20E-02	5.11E-02	7.75E-02	3.84E-02
1259.25	3.46E+00	1.33E-01	2.17E-02	8.20E-02	5.11E-02	7.75E-02	3.84E-02
1261.08	3.45E+00	1.33E-01	2.17E-02	8.20E-02	5.11E-02	7.75E-02	3.84E-02
1262.9	3.45E+00	1.33E-01	2.17E-02	8.20E-02	5.11E-02	7.75E-02	3.84E-02
1264.72	3.45E+00	1.33E-01	2.17E-02	8.20E-02	5.11E-02	7.75E-02	3.84E-02
1266.55	3.45E+00	1.33E-01	2.17E-02	8.20E-02	5.11E-02	7.75E-02	3.84E-02
1268.38	3.45E+00	1.34E-01	2.17E-02	8.20E-02	5.11E-02	7.75E-02	3.84E-02
1270.2	3.45E+00	1.34E-01	2.17E-02	8.20E-02	5.11E-02	7.75E-02	3.84E-02
1272.03	3.45E+00	1.34E-01	2.17E-02	8.20E-02	5.11E-02	7.75E-02	3.84E-02
1273.85	3.45E+00	1.34E-01	2.17E-02	8.20E-02	5.11E-02	7.75E-02	3.85E-02
1275.67	3.45E+00	1.34E-01	2.17E-02	8.20E-02	5.11E-02	7.75E-02	3.85E-02
1277.5	3.45E+00	1.34E-01	2.17E-02	8.20E-02	5.11E-02	7.75E-02	3.85E-02
1279.33	3.45E+00	1.35E-01	2.17E-02	8.20E-02	5.11E-02	7.75E-02	3.85E-02
1281.15	3.45E+00	1.35E-01	2.17E-02	8.20E-02	5.11E-02	7.75E-02	3.85E-02
1282.97	3.45E+00	1.35E-01	2.17E-02	8.20E-02	5.11E-02	7.75E-02	3.85E-02
1284.8	3.45E+00	1.35E-01	2.17E-02	8.20E-02	5.11E-02	7.75E-02	3.85E-02
1286.63	3.45E+00	1.35E-01	2.17E-02	8.20E-02	5.11E-02	7.75E-02	3.85E-02
1288.45	3.45E+00	1.35E-01	2.17E-02	8.20E-02	5.11E-02	7.75E-02	3.85E-02
1290.28	3.45E+00	1.36E-01	2.17E-02	8.20E-02	5.11E-02	7.75E-02	3.85E-02
1292.1	3.45E+00	1.36E-01	2.17E-02	8.20E-02	5.11E-02	7.75E-02	3.85E-02
1293.92	3.45E+00	1.36E-01	2.18E-02	8.20E-02	5.11E-02	7.75E-02	3.85E-02
1295.75	3.45E+00	1.36E-01	2.18E-02	8.20E-02	5.11E-02	7.75E-02	3.85E-02
1297.58	3.45E+00	1.36E-01	2.18E-02	8.20E-02	5.11E-02	7.75E-02	3.85E-02
1299.4	3.45E+00	1.36E-01	2.18E-02	8.20E-02	5.11E-02	7.75E-02	3.86E-02
1301.22	3.45E+00	1.37E-01	2.18E-02	8.20E-02	5.11E-02	7.75E-02	3.86E-02
1303.05	3.45E+00	1.37E-01	2.18E-02	8.20E-02	5.11E-02	7.75E-02	3.86E-02
1304.88	3.45E+00	1.37E-01	2.18E-02	8.20E-02	5.11E-02	7.75E-02	3.86E-02
1306.7	3.45E+00	1.37E-01	2.18E-02	8.20E-02	5.11E-02	7.75E-02	3.86E-02
1308.53	3.45E+00	1.37E-01	2.18E-02	8.20E-02	5.11E-02	7.75E-02	3.86E-02
1310.35	3.45E+00	1.38E-01	2.18E-02	8.20E-02	5.11E-02	7.75E-02	3.86E-02
1312.17	3.45E+00	1.38E-01	2.18E-02	8.20E-02	5.11E-02	7.75E-02	3.86E-02
1314	3.45E+00	1.38E-01	2.18E-02	8.20E-02	5.11E-02	7.75E-02	3.86E-02
1315.83	3.45E+00	1.38E-01	2.18E-02	8.20E-02	5.11E-02	7.75E-02	3.86E-02
1317.65	3.45E+00	1.38E-01	2.18E-02	8.20E-02	5.11E-02	7.75E-02	3.86E-02
1319.47	3.45E+00	1.38E-01	2.18E-02	8.20E-02	5.11E-02	7.75E-02	3.86E-02
1321.3	3.45E+00	1.39E-01	2.18E-02	8.20E-02	5.11E-02	7.75E-02	3.86E-02
1323.13	3.45E+00	1.39E-01	2.18E-02	8.20E-02	5.11E-02	7.75E-02	3.87E-02
1324.95	3.45E+00	1.39E-01	2.18E-02	8.20E-02	5.11E-02	7.75E-02	3.87E-02
1326.78	3.44E+00	1.39E-01	2.18E-02	8.20E-02	5.11E-02	7.75E-02	3.87E-02
1328.6	3.44E+00	1.39E-01	2.18E-02	8.20E-02	5.11E-02	7.75E-02	3.87E-02
1330.42	3.44E+00	1.39E-01	2.18E-02	8.20E-02	5.11E-02	7.75E-02	3.87E-02
1332.25	3.44E+00	1.40E-01	2.19E-02	8.20E-02	5.11E-02	7.75E-02	3.87E-02
1334.08	3.44E+00	1.40E-01	2.19E-02	8.20E-02	5.11E-02	7.75E-02	3.87E-02
1335.9	3.44E+00	1.40E-01	2.19E-02	8.20E-02	5.11E-02	7.75E-02	3.87E-02
1337.72	3.44E+00	1.40E-01	2.19E-02	8.20E-02	5.11E-02	7.75E-02	3.87E-02
1339.55	3.44E+00	1.40E-01	2.19E-02	8.20E-02	5.11E-02	7.75E-02	3.87E-02
1341.38	3.44E+00	1.40E-01	2.19E-02	8.20E-02	5.11E-02	7.75E-02	3.87E-02
1343.2	3.44E+00	1.41E-01	2.19E-02	8.20E-02	5.11E-02	7.75E-02	3.87E-02
1345.03	3.44E+00	1.41E-01	2.19E-02	8.20E-02	5.11E-02	7.75E-02	3.87E-02
1346.85	3.44E+00	1.41E-01	2.19E-02	8.20E-02	5.11E-02	7.75E-02	3.87E-02
1348.67	3.44E+00	1.41E-01	2.19E-02	8.20E-02	5.11E-02	7.75E-02	3.87E-02
1350.5	3.44E+00	1.41E-01	2.19E-02	8.20E-02	5.11E-02	7.75E-02	3.88E-02
1352.33	3.44E+00	1.41E-01	2.19E-02	8.20E-02	5.11E-02	7.75E-02	3.88E-02
1354.15	3.44E+00	1.42E-01	2.19E-02	8.20E-02	5.11E-02	7.75E-02	3.88E-02
1355.97	3.44E+00	1.42E-01	2.19E-02	8.20E-02	5.11E-02	7.75E-02	3.88E-02
1357.8	3.44E+00	1.42E-01	2.19E-02	8.20E-02	5.11E-02	7.75E-02	3.88E-02
1359.63	3.44E+00	1.42E-01	2.19E-02	8.20E-02	5.11E-02	7.75E-02	3.88E-02
1361.45	3.44E+00	1.42E-01	2.19E-02	8.20E-02	5.11E-02	7.75E-02	3.88E-02
1363.28	3.44E+00	1.43E-01	2.19E-02	8.20E-02	5.11E-02	7.75E-02	3.88E-02
1365.1	3.44E+00	1.43E-01	2.19E-02	8.20E-02	5.11E-02	7.75E-02	3.88E-02
1366.92	3.44E+00	1.43E-01	2.19E-02	8.20E-02	5.11E-02	7.75E-02	3.88E-02
1368.75	3.44E+00	1.43E-01	2.19E-02	8.20E-02	5.11E-02	7.75E-02	3.88E-02
1370.58	3.44E+00	1.43E-01	2.19E-02	8.20E-02	5.11E-02	7.75E-02	3.88E-02
1372.4	3.44E+00	1.43E-01	2.20E-02	8.20E-02	5.11E-02	7.75E-02	3.88E-02
1374.22	3.44E+00	1.44E-01	2.20E-02	8.20E-02	5.11E-02	7.75E-02	3.88E-02
1376.05	3.44E+00	1.44E-01	2.20E-02	8.20E-02	5.11E-02	7.75E-02	3.89E-02
1377.88	3.44E+00	1.44E-01	2.20E-02	8.20E-02	5.11E-02	7.75E-02	3.89E-02
1379.7	3.44E+00	1.44E-01	2.20E-02	8.20E-02	5.11E-02	7.75E-02	3.89E-02
1381.53	3.44E+00	1.44E-01	2.20E-02	8.20E-02	5.11E-02	7.75E-02	3.89E-02
1383.35	3.44E+00	1.44E-01	2.20E-02	8.20E-02	5.11E-02	7.75E-02	3.89E-02
1385.17	3.44E+00	1.45E-01	2.20E-02	8.20E-02	5.11E-02	7.75E-02	3.89E-02
1387	3.44E+00	1.45E-01	2.20E-02	8.20E-02	5.11E-02	7.75E-02	3.89E-02
1388.83	3.44E+00	1.45E-01	2.20E-02	8.20E-02	5.11E-02	7.75E-02	3.89E-02
1390.65	3.44E+00	1.45E-01	2.20E-02	8.20E-02	5.11E-02	7.75E-02	3.89E-02
1392.47	3.44E+00	1.45E-01	2.20E-02	8.20E-02	5.11E-02	7.75E-02	3.89E-02
1394.3	3.44E+00	1.45E-01	2.20E-02	8.20E-02	5.11E-02	7.76E-02	3.89E-02
1396.13	3.43E+00	1.46E-01	2.20E-02	8.19E-02	5.11E-02	7.76E-02	3.89E-02
1397.95	3.43E+00	1.46E-01	2.20E-02	8.19E-02	5.11E-02	7.76E-02	3.89E-02
1399.78	3.43E+00	1.46E-01	2.20E-02	8.19E-02	5.11E-02	7.76E-02	3.89E-02
1401.6	3.43E+00	1.46E-01	2.20E-02	8.19E-02	5.11E-02	7.76E-02	3.89E-02
1403.42	3.43E+00	1.46E-01	2.20E-02	8.19E-02	5.11E-02	7.76E-02	3.89E-02
1405.25	3.43E+00	1.46E-01	2.20E-02	8.19E-02	5.11E-02	7.76E-02	3.90E-02
1407.08	3.43E+00	1.47E-01	2.20E-02	8.19E-02	5.11E-02	7.76E-02	3.90E-02
1408.9	3.43E+00	1.47E-01	2.20E-02	8.19E-02	5.11E-02	7.76E-02	3.90E-02
1410.72	3.43E+00	1.47E-01	2.20E-02	8.19E-02	5.11E-02	7.76E-02	3.90E-02
1412.55	3.43E+00	1.47E-01	2.20E-02	8.19E-02	5.11E-02	7.76E-02	3.90E-02
1414.38	3.43E+00	1.47E-01	2.20E-02	8.19E-02	5.11E-02	7.76E-02	3.90E-02
1416.2	3.43E+00	1.48E-01	2.21E-02	8.19E-02	5.11E-02	7.76E-02	3.90E-02
1418.03	3.43E+00	1.48E-01	2.21E-02	8.19E-02	5.11E-02	7.76E-02	3.90E-02
1419.85	3.43E+00	1.48E-01	2.21E-02	8.19E-02	5.11E-02	7.76E-02	3.90E-02
1421.67	3.43E+00	1.48E-01	2.21E-02	8.19E-02	5.11E-02	7.76E-02	3.90E-02
1423.5	3.43E+00	1.48E-01	2.21E-02	8.19E-02	5.11E-02	7.76E-02	3.90E-02
1425.33	3.43E+00	1.48E-01	2.21E-02	8.19E-02	5.11E-02	7.76E-02	3.90E-02
1427.15	3.43E+00	1.49E-01	2.21E-02	8.19E-02	5.11E-02	7.76E-02	3.90E-02
1428.97	3.43E+00	1.49E-01	2.21E-02	8.19E-02	5.11E-02	7.76E-02	3.90E-02
1430.8	3.43E+00	1.49E-01	2.21E-02	8.19E-02	5.11E-02	7.76E-02	3.90E-02
1432.63	3.43E+00	1.49E-01	2.21E-02	8.19E-02	5.11E-02	7.76E-02	3.90E-02
1434.45	3.43E+00	1.49E-01	2.21E-02	8.19E-02	5.11E-02	7.76E-02	3.90E-02
1436.28	3.43E+00	1.49E-01	2.21E-02	8.19E-02	5.11E-02	7.76E-02	3.91E-02
1438.1	3.43E+00	1.50E-01	2.21E-02	8.19E-02	5.12E-02	7.76E-02	3.91E-02
1439.92	3.43E+00	1.50E-01	2.21E-02	8.19E-02	5.12E-02	7.76E-02	3.91E-02
1441.75	3.43E+00	1.50E-01	2.21E-02	8.19E-02	5.12E-02	7.76E-02	3.91E-02
1443.58	3.43E+00	1.50E-01	2.21E-02	8.19E-02	5.12E-02	7.76E-02	3.91E-02
1445.4	3.43E+00	1.50E-01	2.21E-02	8.19E-02	5.12E-02	7.76E-02	3.91E-02
1447.22	3.43E+00	1.50E-01	2.21E-02	8.19E-02	5.12E-02	7.76E-02	3.91E-02
1449.05	3.43E+00	1.51E-01	2.21E-02	8.19E-02	5.12E-02	7.76E-02	3.91E-02
1450.88	3.43E+00	1.51E-01	2.21E-02	8.19E-02	5.12E-02	7.76E-02	3.91E-02
1452.7	3.43E+00	1.51E-01	2.21E-02	8.19E-02	5.12E-02	7.76E-02	3.91E-02
1454.53	3.43E+00	1.51E-01	2.21E-02	8.19E-02	5.12E-02	7.76E-02	3.91E-02
1456.35	3.43E+00	1.51E-01	2.21E-02	8.19E-02	5.12E-02	7.76E-02	3.91E-02
1458.17	3.43E+00	1.52E-01	2.21E-02	8.19E-02	5.12E-02	7.76E-02	3.91E-02
1460	3.43E+00	1.52E-01	2.21E-02	8.19E-02	5.12E-02	7.76E-02	3.91E-02
1461.83	3.43E+00	1.52E-01	2.21E-02	8.19E-02	5.12E-02	7.76E-02	3.91E-02
1463.65	3.43E+00	1.52E-01	2.22E-02	8.19E-02	5.12E-02	7.76E-02	3.91E-02
1465.47	3.43E+00	1.52E-01	2.22E-02	8.19E-02	5.12E-02	7.76E-02	3.91E-02
1467.3	3.43E+00	1.52E-01	2.22E-02	8.19E-02	5.12E-02	7.76E-02	3.92E-02
1469.13	3.42E+00	1.53E-01	2.22E-02	8.19E-02	5.12E-02	7.76E-02	3.92E-02
1470.95	3.42E+00	1.53E-01	2.22E-02	8.19E-02	5.12E-02	7.76E-02	3.92E-02
1472.78	3.42E+00	1.53E-01	2.22E-02	8.19E-02	5.12E-02	7.76E-02	3.92E-02
1474.6	3.42E+00	1.53E-01	2.22E-02	8.19E-02	5.12E-02	7.76E-02	3.92E-02
1476.42	3.42E+00	1.53E-01	2.22E-02	8.19E-02	5.12E-02	7.76E-02	3.92E-02
1478.25	3.42E+00	1.53E-01	2.22E-02	8.19E-02	5.12E-02	7.76E-02	3.92E-02
1480.08	3.42E+00	1.54E-01	2.22E-02	8.19E-02	5.12E-02	7.76E-02	3.92E-02
1481.9	3.42E+00	1.54E-01	2.22E-02	8.19E-02	5.12E-02	7.76E-02	3.92E-02
1483.72	3.42E+00	1.54E-01	2.22E-02	8.19E-02	5.12E-02	7.76E-02	3.92E-02
1485.55	3.42E+00	1.54E-01	2.22E-02	8.19E-02	5.12E-02	7.76E-02	3.92E-02
1487.38	3.42E+00	1.54E-01	2.22E-02	8.19E-02	5.12E-02	7.76E-02	3.92E-02
1489.2	3.42E+00	1.54E-01	2.22E-02	8.19E-02	5.12E-02	7.76E-02	3.92E-02
1491.03	3.42E+00	1.55E-01	2.22E-02	8.19E-02	5.12E-02	7.76E-02	3.92E-02
1492.85	3.42E+00	1.55E-01	2.22E-02	8.19E-02	5.12E-02	7.76E-02	3.92E-02
1494.67	3.42E+00	1.55E-01	2.22E-02	8.19E-02	5.12E-02	7.76E-02	3.92E-02
1496.5	3.42E+00	1.55E-01	2.22E-02	8.19E-02	5.12E-02	7.76E-02	3.92E-02
1498.33	3.42E+00	1.55E-01	2.22E-02	8.19E-02	5.12E-02	7.76E-02	3.92E-02
1500.15	3.42E+00	1.55E-01	2.22E-02	8.19E-02	5.12E-02	7.76E-02	3.92E-02
1501.97	3.42E+00	1.56E-01	2.22E-02	8.19E-02	5.12E-02	7.76E-02	3.93E-02
1503.8	3.42E+00	1.56E-01	2.22E-02	8.19E-02	5.12E-02	7.76E-02	3.93E-02
1505.63	3.42E+00	1.56E-01	2.22E-02	8.19E-02	5.12E-02	7.76E-02	3.93E-02
1507.45	3.42E+00	1.56E-01	2.22E-02	8.19E-02	5.12E-02	7.76E-02	3.93E-02
1509.28	3.42E+00	1.56E-01	2.22E-02	8.19E-02	5.12E-02	7.76E-02	3.93E-02
1511.1	3.42E+00	1.57E-01	2.22E-02	8.19E-02	5.12E-02	7.76E-02	3.93E-02
1512.92	3.42E+00	1.57E-01	2.22E-02	8.19E-02	5.12E-02	7.76E-02	3.93E-02
1514.75	3.42E+00	1.57E-01	2.22E-02	8.19E-02	5.12E-02	7.76E-02	3.93E-02
1516.58	3.42E+00	1.57E-01	2.23E-02	8.19E-02	5.12E-02	7.76E-02	3.93E-02
1518.4	3.42E+00	1.57E-01	2.23E-02	8.19E-02	5.12E-02	7.76E-02	3.93E-02
1520.22	3.42E+00	1.57E-01	2.23E-02	8.19E-02	5.12E-02	7.76E-02	3.93E-02
1522.05	3.42E+00	1.58E-01	2.23E-02	8.19E-02	5.12E-02	7.76E-02	3.93E-02
1523.88	3.42E+00	1.58E-01	2.23E-02	8.19E-02	5.12E-02	7.76E-02	3.93E-02
1525.7	3.42E+00	1.58E-01	2.23E-02	8.19E-02	5.12E-02	7.76E-02	3.93E-02
1527.53	3.42E+00	1.58E-01	2.23E-02	8.19E-02	5.12E-02	7.76E-02	3.93E-02
1529.35	3.42E+00	1.58E-01	2.23E-02	8.19E-02	5.12E-02	7.76E-02	3.93E-02
1531.17	3.42E+00	1.58E-01	2.23E-02	8.19E-02	5.12E-02	7.76E-02	3.93E-02
1533	3.42E+00	1.59E-01	2.23E-02	8.19E-02	5.12E-02	7.76E-02	3.93E-02
1534.83	3.42E+00	1.59E-01	2.23E-02	8.19E-02	5.12E-02	7.76E-02	3.93E-02
1536.65	3.42E+00	1.59E-01	2.23E-02	8.19E-02	5.12E-02	7.76E-02	3.94E-02
1538.47	3.42E+00	1.59E-01	2.23E-02	8.19E-02	5.12E-02	7.76E-02	3.94E-02
1540.3	3.42E+00	1.59E-01	2.23E-02	8.19E-02	5.12E-02	7.76E-02	3.94E-02
1542.13	3.42E+00	1.59E-01	2.23E-02	8.19E-02	5.12E-02	7.76E-02	3.94E-02
1543.95	3.41E+00	1.60E-01	2.23E-02	8.19E-02	5.12E-02	7.76E-02	3.94E-02
1545.78	3.41E+00	1.60E-01	2.23E-02	8.19E-02	5.12E-02	7.76E-02	3.94E-02
1547.6	3.41E+00	1.60E-01	2.23E-02	8.19E-02	5.12E-02	7.76E-02	3.94E-02
1549.42	3.41E+00	1.60E-01	2.23E-02	8.19E-02	5.12E-02	7.76E-02	3.94E-02
1551.25	3.41E+00	1.60E-01	2.23E-02	8.19E-02	5.12E-02	7.76E-02	3.94E-02
1553.08	3.41E+00	1.60E-01	2.23E-02	8.19E-02	5.12E-02	7.76E-02	3.94E-02
1554.9	3.41E+00	1.61E-01	2.23E-02	8.19E-02	5.12E-02	7.76E-02	3.94E-02
1556.72	3.41E+00	1.61E-01	2.23E-02	8.19E-02	5.12E-02	7.76E-02	3.94E-02
1558.55	3.41E+00	1.61E-01	2.23E-02	8.19E-02	5.12E-02	7.76E-02	3.94E-02
1560.38	3.41E+00	1.61E-01	2.23E-02	8.19E-02	5.12E-02	7.76E-02	3.94E-02
1562.2	3.41E+00	1.61E-01	2.23E-02	8.19E-02	5.12E-02	7.76E-02	3.94E-02
1564.03	3.41E+00	1.62E-01	2.23E-02	8.19E-02	5.12E-02	7.76E-02	3.94E-02
1565.85	3.41E+00	1.62E-01	2.23E-02	8.19E-02	5.12E-02	7.76E-02	3.94E-02
1567.67	3.41E+00	1.62E-01	2.23E-02	8.19E-02	5.12E-02	7.76E-02	3.94E-02
1569.5	3.41E+00	1.62E-01	2.23E-02	8.19E-02	5.12E-02	7.76E-02	3.94E-02
1571.33	3.41E+00	1.62E-01	2.23E-02	8.19E-02	5.12E-02	7.76E-02	3.94E-02
1573.15	3.41E+00	1.62E-01	2.24E-02	8.19E-02	5.12E-02	7.76E-02	3.94E-02
1574.97	3.41E+00	1.63E-01	2.24E-02	8.19E-02	5.12E-02	7.76E-02	3.95E-02
1576.8	3.41E+00	1.63E-01	2.24E-02	8.19E-02	5.12E-02	7.76E-02	3.95E-02
1578.63	3.41E+00	1.63E-01	2.24E-02	8.19E-02	5.12E-02	7.76E-02	3.95E-02
1580.45	3.41E+00	1.63E-01	2.24E-02	8.19E-02	5.12E-02	7.76E-02	3.95E-02
1582.28	3.41E+00	1.63E-01	2.24E-02	8.19E-02	5.12E-02	7.76E-02	3.95E-02
1584.1	3.41E+00	1.63E-01	2.24E-02	8.19E-02	5.12E-02	7.76E-02	3.95E-02
1585.92	3.41E+00	1.64E-01	2.24E-02	8.19E-02	5.12E-02	7.76E-02	3.95E-02
1587.75	3.41E+00	1.64E-01	2.24E-02	8.19E-02	5.12E-02	7.76E-02	3.95E-02
1589.58	3.41E+00	1.64E-01	2.24E-02	8.19E-02	5.12E-02	7.76E-02	3.95E-02
1591.4	3.41E+00	1.64E-01	2.24E-02	8.19E-02	5.12E-02	7.76E-02	3.95E-02
1593.22	3.41E+00	1.64E-01	2.24E-02	8.19E-02	5.12E-02	7.76E-02	3.95E-02
1595.05	3.41E+00	1.64E-01	2.24E-02	8.19E-02	5.12E-02	7.76E-02	3.95E-02
1596.88	3.41E+00	1.65E-01	2.24E-02	8.19E-02	5.12E-02	7.76E-02	3.95E-02
1598.7	3.41E+00	1.65E-01	2.24E-02	8.19E-02	5.12E-02	7.76E-02	3.95E-02
1600.53	3.41E+00	1.65E-01	2.24E-02	8.19E-02	5.12E-02	7.76E-02	3.95E-02
1602.35	3.41E+00	1.65E-01	2.24E-02	8.19E-02	5.12E-02	7.76E-02	3.95E-02
1604.17	3.41E+00	1.65E-01	2.24E-02	8.19E-02	5.12E-02	7.76E-02	3.95E-02
1606	3.41E+00	1.65E-01	2.24E-02	8.19E-02	5.12E-02	7.76E-02	3.95E-02
1607.83	3.41E+00	1.66E-01	2.24E-02	8.19E-02	5.12E-02	7.76E-02	3.95E-02
1609.65	3.41E+00	1.66E-01	2.24E-02	8.19E-02	5.12E-02	7.76E-02	3.95E-02
1611.47	3.41E+00	1.66E-01	2.24E-02	8.19E-02	5.12E-02	7.76E-02	3.95E-02
1613.3	3.41E+00	1.66E-01	2.24E-02	8.19E-02	5.12E-02	7.76E-02	3.95E-02
1615.13	3.41E+00	1.66E-01	2.24E-02	8.19E-02	5.12E-02	7.76E-02	3.95E-02
1616.95	3.41E+00	1.67E-01	2.24E-02	8.19E-02	5.12E-02	7.76E-02	3.96E-02
1618.78	3.41E+00	1.67E-01	2.24E-02	8.19E-02	5.12E-02	7.76E-02	3.96E-02
1620.6	3.41E+00	1.67E-01	2.24E-02	8.19E-02	5.12E-02	7.76E-02	3.96E-02
1622.42	3.41E+00	1.67E-01	2.24E-02	8.19E-02	5.12E-02	7.76E-02	3.96E-02
1624.25	3.40E+00	1.67E-01	2.24E-02	8.19E-02	5.12E-02	7.76E-02	3.96E-02
1626.08	3.40E+00	1.67E-01	2.24E-02	8.19E-02	5.12E-02	7.76E-02	3.96E-02
1627.9	3.40E+00	1.68E-01	2.24E-02	8.19E-02	5.12E-02	7.76E-02	3.96E-02
1629.72	3.40E+00	1.68E-01	2.24E-02	8.19E-02	5.12E-02	7.76E-02	3.96E-02
1631.55	3.40E+00	1.68E-01	2.24E-02	8.19E-02	5.12E-02	7.76E-02	3.96E-02
1633.38	3.40E+00	1.68E-01	2.24E-02	8.19E-02	5.12E-02	7.76E-02	3.96E-02
1635.2	3.40E+00	1.68E-01	2.25E-02	8.19E-02	5.12E-02	7.76E-02	3.96E-02
1637.03	3.40E+00	1.68E-01	2.25E-02	8.19E-02	5.12E-02	7.76E-02	3.96E-02
1638.85	3.40E+00	1.69E-01	2.25E-02	8.19E-02	5.12E-02	7.76E-02	3.96E-02
1640.67	3.40E+00	1.69E-01	2.25E-02	8.19E-02	5.12E-02	7.76E-02	3.96E-02
1642.5	3.40E+00	1.69E-01	2.25E-02	8.19E-02	5.12E-02	7.76E-02	3.96E-02
1644.33	3.40E+00	1.69E-01	2.25E-02	8.19E-02	5.12E-02	7.76E-02	3.96E-02
1646.15	3.40E+00	1.69E-01	2.25E-02	8.19E-02	5.12E-02	7.76E-02	3.96E-02
1647.97	3.40E+00	1.69E-01	2.25E-02	8.19E-02	5.12E-02	7.76E-02	3.96E-02
1649.8	3.40E+00	1.70E-01	2.25E-02	8.19E-02	5.12E-02	7.76E-02	3.96E-02
1651.63	3.40E+00	1.70E-01	2.25E-02	8.19E-02	5.12E-02	7.76E-02	3.96E-02
1653.45	3.40E+00	1.70E-01	2.25E-02	8.19E-02	5.12E-02	7.76E-02	3.96E-02
1655.28	3.40E+00	1.70E-01	2.25E-02	8.19E-02	5.12E-02	7.76E-02	3.96E-02
1657.1	3.40E+00	1.70E-01	2.25E-02	8.19E-02	5.12E-02	7.76E-02	3.96E-02
1658.92	3.40E+00	1.70E-01	2.25E-02	8.19E-02	5.12E-02	7.76E-02	3.96E-02
1660.75	3.40E+00	1.71E-01	2.25E-02	8.19E-02	5.12E-02	7.76E-02	3.97E-02
1662.58	3.40E+00	1.71E-01	2.25E-02	8.19E-02	5.12E-02	7.76E-02	3.97E-02
1664.4	3.40E+00	1.71E-01	2.25E-02	8.19E-02	5.12E-02	7.76E-02	3.97E-02
1666.22	3.40E+00	1.71E-01	2.25E-02	8.19E-02	5.12E-02	7.76E-02	3.97E-02
1668.05	3.40E+00	1.71E-01	2.25E-02	8.19E-02	5.12E-02	7.76E-02	3.97E-02
1669.88	3.40E+00	1.72E-01	2.25E-02	8.19E-02	5.12E-02	7.76E-02	3.97E-02
1671.7	3.40E+00	1.72E-01	2.25E-02	8.19E-02	5.12E-02	7.76E-02	3.97E-02
1673.53	3.40E+00	1.72E-01	2.25E-02	8.19E-02	5.12E-02	7.76E-02	3.97E-02
1675.35	3.40E+00	1.72E-01	2.25E-02	8.19E-02	5.12E-02	7.76E-02	3.97E-02
1677.17	3.40E+00	1.72E-01	2.25E-02	8.19E-02	5.12E-02	7.76E-02	3.97E-02
1679	3.40E+00	1.72E-01	2.25E-02	8.19E-02	5.12E-02	7.76E-02	3.97E-02
1680.83	3.40E+00	1.73E-01	2.25E-02	8.19E-02	5.12E-02	7.76E-02	3.97E-02
1682.65	3.40E+00	1.73E-01	2.25E-02	8.19E-02	5.12E-02	7.76E-02	3.97E-02
1684.47	3.40E+00	1.73E-01	2.25E-02	8.19E-02	5.12E-02	7.76E-02	3.97E-02
1686.3	3.40E+00	1.73E-01	2.25E-02	8.19E-02	5.12E-02	7.76E-02	3.97E-02
1688.13	3.40E+00	1.73E-01	2.25E-02	8.19E-02	5.12E-02	7.76E-02	3.97E-02
1689.95	3.40E+00	1.73E-01	2.25E-02	8.19E-02	5.12E-02	7.76E-02	3.97E-02
1691.78	3.40E+00	1.74E-01	2.25E-02	8.19E-02	5.12E-02	7.76E-02	3.97E-02
1693.6	3.40E+00	1.74E-01	2.25E-02	8.19E-02	5.12E-02	7.76E-02	3.97E-02
1695.42	3.40E+00	1.74E-01	2.25E-02	8.19E-02	5.12E-02	7.76E-02	3.97E-02
1697.25	3.40E+00	1.74E-01	2.25E-02	8.19E-02	5.12E-02	7.76E-02	3.97E-02
1699.08	3.40E+00	1.74E-01	2.25E-02	8.19E-02	5.12E-02	7.76E-02	3.97E-02
1700.9	3.40E+00	1.74E-01	2.25E-02	8.19E-02	5.12E-02	7.76E-02	3.97E-02
1702.72	3.40E+00	1.75E-01	2.25E-02	8.19E-02	5.12E-02	7.76E-02	3.97E-02
1704.55	3.40E+00	1.75E-01	2.25E-02	8.19E-02	5.12E-02	7.76E-02	3.97E-02
1706.38	3.39E+00	1.75E-01	2.26E-02	8.19E-02	5.12E-02	7.76E-02	3.97E-02
1708.2	3.39E+00	1.75E-01	2.26E-02	8.19E-02	5.12E-02	7.76E-02	3.98E-02
1710.03	3.39E+00	1.75E-01	2.26E-02	8.19E-02	5.12E-02	7.76E-02	3.98E-02
1711.85	3.39E+00	1.76E-01	2.26E-02	8.19E-02	5.12E-02	7.76E-02	3.98E-02
1713.67	3.39E+00	1.76E-01	2.26E-02	8.19E-02	5.12E-02	7.76E-02	3.98E-02
1715.5	3.39E+00	1.76E-01	2.26E-02	8.19E-02	5.12E-02	7.76E-02	3.98E-02
1717.33	3.39E+00	1.76E-01	2.26E-02	8.19E-02	5.12E-02	7.76E-02	3.98E-02
1719.15	3.39E+00	1.76E-01	2.26E-02	8.19E-02	5.12E-02	7.76E-02	3.98E-02
1720.97	3.39E+00	1.76E-01	2.26E-02	8.19E-02	5.12E-02	7.76E-02	3.98E-02
1722.8	3.39E+00	1.77E-01	2.26E-02	8.19E-02	5.12E-02	7.76E-02	3.98E-02
1724.63	3.39E+00	1.77E-01	2.26E-02	8.19E-02	5.12E-02	7.76E-02	3.98E-02
1726.45	3.39E+00	1.77E-01	2.26E-02	8.19E-02	5.12E-02	7.76E-02	3.98E-02
1728.28	3.39E+00	1.77E-01	2.26E-02	8.19E-02	5.12E-02	7.76E-02	3.98E-02
1730.1	3.39E+00	1.77E-01	2.26E-02	8.19E-02	5.12E-02	7.76E-02	3.98E-02
1731.92	3.39E+00	1.77E-01	2.26E-02	8.19E-02	5.12E-02	7.76E-02	3.98E-02
1733.75	3.39E+00	1.78E-01	2.26E-02	8.19E-02	5.12E-02	7.76E-02	3.98E-02
1735.58	3.39E+00	1.78E-01	2.26E-02	8.19E-02	5.12E-02	7.76E-02	3.98E-02
1737.4	3.39E+00	1.78E-01	2.26E-02	8.19E-02	5.12E-02	7.76E-02	3.98E-02
1739.22	3.39E+00	1.78E-01	2.26E-02	8.19E-02	5.12E-02	7.77E-02	3.98E-02
1741.05	3.39E+00	1.78E-01	2.26E-02	8.19E-02	5.12E-02	7.77E-02	3.98E-02
1742.88	3.39E+00	1.78E-01	2.26E-02	8.19E-02	5.12E-02	7.77E-02	3.98E-02
1744.7	3.39E+00	1.79E-01	2.26E-02	8.19E-02	5.12E-02	7.77E-02	3.98E-02
1746.53	3.39E+00	1.79E-01	2.26E-02	8.19E-02	5.12E-02	7.77E-02	3.98E-02
1748.35	3.39E+00	1.79E-01	2.26E-02	8.19E-02	5.12E-02	7.77E-02	3.98E-02
1750.17	3.39E+00	1.79E-01	2.26E-02	8.19E-02	5.12E-02	7.77E-02	3.98E-02
1752	3.39E+00	1.79E-01	2.26E-02	8.19E-02	5.12E-02	7.77E-02	3.98E-02
1753.83	3.39E+00	1.79E-01	2.26E-02	8.19E-02	5.12E-02	7.77E-02	3.98E-02
1755.65	3.39E+00	1.80E-01	2.26E-02	8.19E-02	5.12E-02	7.77E-02	3.98E-02
1757.47	3.39E+00	1.80E-01	2.26E-02	8.19E-02	5.12E-02	7.77E-02	3.98E-02
1759.3	3.39E+00	1.80E-01	2.26E-02	8.19E-02	5.12E-02	7.77E-02	3.99E-02
1761.13	3.39E+00	1.80E-01	2.26E-02	8.19E-02	5.12E-02	7.77E-02	3.99E-02
1762.95	3.39E+00	1.80E-01	2.26E-02	8.19E-02	5.12E-02	7.77E-02	3.99E-02
1764.78	3.39E+00	1.81E-01	2.26E-02	8.19E-02	5.12E-02	7.77E-02	3.99E-02
1766.6	3.39E+00	1.81E-01	2.26E-02	8.19E-02	5.12E-02	7.77E-02	3.99E-02
1768.42	3.39E+00	1.81E-01	2.26E-02	8.19E-02	5.12E-02	7.77E-02	3.99E-02
1770.25	3.39E+00	1.81E-01	2.26E-02	8.19E-02	5.12E-02	7.77E-02	3.99E-02
1772.08	3.39E+00	1.81E-01	2.26E-02	8.19E-02	5.12E-02	7.77E-02	3.99E-02
1773.9	3.39E+00	1.81E-01	2.26E-02	8.19E-02	5.12E-02	7.77E-02	3.99E-02
1775.72	3.39E+00	1.82E-01	2.26E-02	8.19E-02	5.12E-02	7.77E-02	3.99E-02
1777.55	3.39E+00	1.82E-01	2.26E-02	8.19E-02	5.12E-02	7.77E-02	3.99E-02
1779.38	3.39E+00	1.82E-01	2.26E-02	8.19E-02	5.12E-02	7.77E-02	3.99E-02
1781.2	3.39E+00	1.82E-01	2.26E-02	8.19E-02	5.12E-02	7.77E-02	3.99E-02
1783.03	3.39E+00	1.82E-01	2.26E-02	8.19E-02	5.12E-02	7.77E-02	3.99E-02
1784.85	3.39E+00	1.82E-01	2.26E-02	8.19E-02	5.12E-02	7.77E-02	3.99E-02
1786.67	3.39E+00	1.83E-01	2.27E-02	8.19E-02	5.12E-02	7.77E-02	3.99E-02
1788.5	3.39E+00	1.83E-01	2.27E-02	8.19E-02	5.12E-02	7.77E-02	3.99E-02
1790.33	3.39E+00	1.83E-01	2.27E-02	8.19E-02	5.12E-02	7.77E-02	3.99E-02
1792.15	3.39E+00	1.83E-01	2.27E-02	8.19E-02	5.12E-02	7.77E-02	3.99E-02
1793.97	3.38E+00	1.83E-01	2.27E-02	8.19E-02	5.12E-02	7.77E-02	3.99E-02
1795.8	3.38E+00	1.83E-01	2.27E-02	8.19E-02	5.12E-02	7.77E-02	3.99E-02
1797.63	3.38E+00	1.84E-01	2.27E-02	8.19E-02	5.12E-02	7.77E-02	3.99E-02
1799.45	3.38E+00	1.84E-01	2.27E-02	8.19E-02	5.12E-02	7.77E-02	3.99E-02
1801.28	3.38E+00	1.84E-01	2.27E-02	8.19E-02	5.12E-02	7.77E-02	3.99E-02
1803.1	3.38E+00	1.84E-01	2.27E-02	8.19E-02	5.12E-02	7.77E-02	3.99E-02
1804.92	3.38E+00	1.84E-01	2.27E-02	8.19E-02	5.12E-02	7.77E-02	3.99E-02
1806.75	3.38E+00	1.84E-01	2.27E-02	8.19E-02	5.12E-02	7.77E-02	3.99E-02
1808.58	3.38E+00	1.85E-01	2.27E-02	8.19E-02	5.12E-02	7.77E-02	3.99E-02
1810.4	3.38E+00	1.85E-01	2.27E-02	8.19E-02	5.12E-02	7.77E-02	3.99E-02
1812.22	3.38E+00	1.85E-01	2.27E-02	8.19E-02	5.12E-02	7.77E-02	3.99E-02
1814.05	3.38E+00	1.85E-01	2.27E-02	8.19E-02	5.12E-02	7.77E-02	3.99E-02
1815.88	3.38E+00	1.85E-01	2.27E-02	8.19E-02	5.12E-02	7.77E-02	3.99E-02
1817.7	3.38E+00	1.86E-01	2.27E-02	8.19E-02	5.12E-02	7.77E-02	4.00E-02
1819.53	3.38E+00	1.86E-01	2.27E-02	8.19E-02	5.12E-02	7.77E-02	4.00E-02
1821.35	3.38E+00	1.86E-01	2.27E-02	8.19E-02	5.12E-02	7.77E-02	4.00E-02
1823.17	3.38E+00	1.86E-01	2.27E-02	8.19E-02	5.12E-02	7.77E-02	4.00E-02
1825	3.38E+00	1.86E-01	2.27E-02	8.19E-02	5.12E-02	7.77E-02	4.00E-02
