title = "dataset Cr_FTC"
variables = "time","cl-1"
zone t = "eff_A_tracer", f=point
0.005 20.66564756
0.022 41.2564301
0.038 35.10948436
0.055 31.93100941
0.072 32.87736726
0.088 35.39075749
0.105 57.94933187
0.122 104.8674591
0.138 153.4237311
0.155 224.3133133
0.172 253.3345248
0.188 260.0127582
0.205 365.7856383
0.222 314.6750455
0.238 295.899031
0.255 294.3748531
0.272 443.0093293
0.288 322.6503723
0.305 303.5495258
0.322 306.2653071
0.338 336.0488206
0.355 346.3711845
0.372 305.7636237
0.388 284.1211019
0.405 310.1683054
0.422 332.7899321
0.438 367.9267635
0.455 307.3535181
0.472 315.9735814
0.488 332.6451099
0.505 309.5203444
0.538 333.5081046
0.555 202.1255211
0.572 369.9995055
0.588 322.3129973
0.605 305.6213978
0.622 362.7635206
0.638 283.5279862
0.655 387.4039108
0.672 149.3289753




