  0.35096487052958E+03  0.17232893607976E-01  0.15644528157248E-01  0.00000000000000E+00   12       1

 -0.40770928567638E+04  0.98572093264405E+00  0.14279067355948E-01  0.29510353966263E+02  0.10387871892018E+04  0.59005767967099E+02  0.11656259309945E+01  0.87907080113362E+00  0.87907080113362E+00  0.77917639191392E+00  0.77917639191392E+00  0.65555723679852E-09  0.55958231183379E-03  0.29269061901390E-01  0.29269061901390E-01  0.90574798743667E-01  0.91050664899132E-01  0.35278642315634E-03  0.13354897938500E-02  0.75552959958650E-02  0.89707813201857E-02  0.15084055792179E-03  0.15084055792179E-03  0.19056334512999E-03  0.19056334512999E-03  0.62277811065480E-01  0.63653633127050E-01  0.51305102980322E-03  0.51305102980322E-03  0.00000000000000E+00  0.00000000000000E+00  0.68822738089858E-06  0.00000000000000E+00  0.00000000000000E+00  0.34411369044929E-06  0.00000000000000E+00  0.00000000000000E+00  0.83139133621618E-02  0.00000000000000E+00  0.31253975757846E-01  0.34411369044929E-06  0.83139133621618E-02  0.31253975757846E-01  0.44184619115095E+01  0.48020000000000E+00  0.31647555083816E+00  0.77234335391745E-02  0.12451999136637E+01  0.33870000000000E-01  0.34981926158015E-01  0.12920000000000E-02  0.11387586844154E+00  0.73684000000000E-02  0.59692405040704E-01  0.12804842336346E-01  0.36959214822014E-05  0.10000000000000E-06  0.44104332543339E-05  0.10000000000000E-06  0.13474881543013E-05  0.10000000000000E-06  0.66672646276198E-06  0.10000000000000E-06  0.70999473792471E-06  0.10000000000000E-06  0.38106698756518E-05  0.10000000000000E-06  0.16292050082969E-05  0.10000000000000E-06  0.45977172412448E+00  0.99766830983872E+00

 -0.45279899747894E+04  0.97955864853079E+00  0.20441351469206E-01  0.29514201531005E+02  0.10387816703696E+04  0.58997602893323E+02  0.11654649478029E+01  0.87894856324030E+00  0.87894856324030E+00  0.77906804469029E+00  0.77906804469029E+00  0.65571989502736E-09  0.55992051589202E-03  0.29264991935169E-01  0.29264991935169E-01  0.90562435288958E-01  0.91038325387030E-01  0.35282002505062E-03  0.13358344378332E-02  0.75543163113855E-02  0.89695349186039E-02  0.15081958301055E-03  0.15081958301055E-03  0.19057159130486E-03  0.19057159130486E-03  0.62269229758186E-01  0.63644784005292E-01  0.51305231078902E-03  0.51305231078902E-03  0.00000000000000E+00  0.00000000000000E+00  0.68867123377633E-06  0.00000000000000E+00  0.00000000000000E+00  0.34433561688817E-06  0.00000000000000E+00  0.00000000000000E+00  0.83138050063924E-02  0.00000000000000E+00  0.31253656481181E-01  0.34433561688817E-06  0.83138050063924E-02  0.31253656481181E-01  0.44184619115095E+01  0.48020000000000E+00  0.31670890040710E+00  0.77291283231235E-02  0.12451999136637E+01  0.33870000000000E-01  0.34981926158015E-01  0.12920000000000E-02  0.11387586844154E+00  0.73684000000000E-02  0.59520967341047E-01  0.12768066590536E-01  0.36959214822014E-05  0.10000000000000E-06  0.44104332543339E-05  0.10000000000000E-06  0.13474881543013E-05  0.10000000000000E-06  0.66672646276198E-06  0.10000000000000E-06  0.70999473792471E-06  0.10000000000000E-06  0.38106698756518E-05  0.10000000000000E-06  0.16292050082969E-05  0.10000000000000E-06  0.45980280508634E+00  0.99798548413592E+00

 -0.49852676061919E+04  0.97288738567618E+00  0.27112614323817E-01  0.29519759118324E+02  0.10387745517717E+04  0.58987070668779E+02  0.11652573106368E+01  0.87879081915473E+00  0.87879081915473E+00  0.77892822606899E+00  0.77892822606899E+00  0.65595943082583E-09  0.56040791196499E-03  0.29259739774139E-01  0.29259739774139E-01  0.90546499391348E-01  0.91022427095822E-01  0.35286864850588E-03  0.13363318817933E-02  0.75530605030527E-02  0.89679302038826E-02  0.15079251555950E-03  0.15079251555950E-03  0.19057981632372E-03  0.19057981632372E-03  0.62258167047377E-01  0.63633370861774E-01  0.51304881083142E-03  0.51304881083142E-03  0.00000000000000E+00  0.00000000000000E+00  0.68931420939780E-06  0.00000000000000E+00  0.00000000000000E+00  0.34465710469890E-06  0.00000000000000E+00  0.00000000000000E+00  0.83135436556831E-02  0.00000000000000E+00  0.31252869401798E-01  0.34465710469890E-06  0.83135436556831E-02  0.31252869401798E-01  0.44184619115095E+01  0.48020000000000E+00  0.31710518014329E+00  0.77387993394065E-02  0.12451999136637E+01  0.33870000000000E-01  0.34981926158015E-01  0.12920000000000E-02  0.11387586844154E+00  0.73684000000000E-02  0.59354926085910E-01  0.12732448456337E-01  0.36959214822014E-05  0.10000000000000E-06  0.44104332543339E-05  0.10000000000000E-06  0.13474881543013E-05  0.10000000000000E-06  0.66672646276198E-06  0.10000000000000E-06  0.70999473792471E-06  0.10000000000000E-06  0.38106698756518E-05  0.10000000000000E-06  0.16292050082969E-05  0.10000000000000E-06  0.45982875220426E+00  0.99825034050569E+00

 -0.54495038184342E+04  0.96579773798068E+00  0.34202262019321E-01  0.29527010840049E+02  0.10387659854668E+04  0.58974396164934E+02  0.11650074551460E+01  0.87860092147229E+00  0.87860092147229E+00  0.77875990766865E+00  0.77875990766865E+00  0.65627535092139E-09  0.56104218470391E-03  0.29253417044485E-01  0.29253417044485E-01  0.90527331600933E-01  0.91003310701980E-01  0.35293199955728E-03  0.13369796608489E-02  0.75515579259312E-02  0.89660034258658E-02  0.15075993084354E-03  0.15075993084354E-03  0.19058902135877E-03  0.19058902135877E-03  0.62244862597213E-01  0.63619640281803E-01  0.51304302244988E-03  0.51304302244988E-03  0.00000000000000E+00  0.00000000000000E+00  0.69015366187090E-06  0.00000000000000E+00  0.00000000000000E+00  0.34507683093545E-06  0.00000000000000E+00  0.00000000000000E+00  0.83131834028094E-02  0.00000000000000E+00  0.31251768029891E-01  0.34507683093545E-06  0.83131834028094E-02  0.31251768029891E-01  0.44184619115095E+01  0.48020000000000E+00  0.31748110465598E+00  0.77479735962546E-02  0.12451999136637E+01  0.33870000000000E-01  0.34981926158015E-01  0.12920000000000E-02  0.11387586844154E+00  0.73684000000000E-02  0.59203442846170E-01  0.12699953216781E-01  0.36959214822014E-05  0.10000000000000E-06  0.44104332543339E-05  0.10000000000000E-06  0.13474881543013E-05  0.10000000000000E-06  0.66672646276198E-06  0.10000000000000E-06  0.70999473792471E-06  0.10000000000000E-06  0.38106698756518E-05  0.10000000000000E-06  0.16292050082969E-05  0.10000000000000E-06  0.45985207318696E+00  0.99848844625431E+00

 -0.59213967348020E+04  0.95835684715555E+00  0.41643152844452E-01  0.29535937041674E+02  0.10387553453893E+04  0.58958653314403E+02  0.11646971090124E+01  0.87836504172364E+00  0.87836504172364E+00  0.77855083243689E+00  0.77855083243689E+00  0.65666376826124E-09  0.56182343655611E-03  0.29245563321035E-01  0.29245563321035E-01  0.90503516789604E-01  0.90979558933515E-01  0.35300997560771E-03  0.13377776166713E-02  0.75496954257868E-02  0.89636159237696E-02  0.15071945602303E-03  0.15071945602303E-03  0.19060082066757E-03  0.19060082066758E-03  0.62228345086220E-01  0.63602595362108E-01  0.51303633430350E-03  0.51303633430350E-03  0.00000000000000E+00  0.00000000000000E+00  0.69118789314363E-06  0.00000000000000E+00  0.00000000000000E+00  0.34559394657181E-06  0.00000000000000E+00  0.00000000000000E+00  0.83127540898118E-02  0.00000000000000E+00  0.31250439022746E-01  0.34559394657181E-06  0.83127540898118E-02  0.31250439022746E-01  0.44184619115095E+01  0.48020000000000E+00  0.31764075856728E+00  0.77518698731390E-02  0.12451999136637E+01  0.33870000000000E-01  0.34981926158015E-01  0.12920000000000E-02  0.11387586844154E+00  0.73684000000000E-02  0.59151627820323E-01  0.12688838180686E-01  0.36959214822014E-05  0.10000000000000E-06  0.44104332543339E-05  0.10000000000000E-06  0.13474881543013E-05  0.10000000000000E-06  0.66672646276198E-06  0.10000000000000E-06  0.70999473792471E-06  0.10000000000000E-06  0.38106698756518E-05  0.10000000000000E-06  0.16292050082969E-05  0.10000000000000E-06  0.45985929194618E+00  0.99856216002934E+00

 -0.64017575952432E+04  0.95061575509338E+00  0.49384244906617E-01  0.29546514240869E+02  0.10387418547308E+04  0.58938693230097E+02  0.11643036034338E+01  0.87806602665056E+00  0.87806602665056E+00  0.77828579634938E+00  0.77828579634938E+00  0.65711999071732E-09  0.56275202404161E-03  0.29235607478261E-01  0.29235607478261E-01  0.90473300131448E-01  0.90949414353874E-01  0.35310248010277E-03  0.13387258198858E-02  0.75473318908073E-02  0.89605947911555E-02  0.15066814775481E-03  0.15066814775481E-03  0.19061680884739E-03  0.19061680884740E-03  0.62207408160014E-01  0.63580997861312E-01  0.51302965146659E-03  0.51302965146659E-03  0.00000000000000E+00  0.00000000000000E+00  0.69241514494497E-06  0.00000000000000E+00  0.00000000000000E+00  0.34620757247248E-06  0.00000000000000E+00  0.00000000000000E+00  0.83122748956775E-02  0.00000000000000E+00  0.31248939975368E-01  0.34620757247248E-06  0.83122748956775E-02  0.31248939975368E-01  0.44184619115095E+01  0.48020000000000E+00  0.31766554251604E+00  0.77524747134830E-02  0.12451999136637E+01  0.33870000000000E-01  0.34981926158015E-01  0.12920000000000E-02  0.11387586844154E+00  0.73684000000000E-02  0.59145732744382E-01  0.12687573605772E-01  0.36959214822014E-05  0.10000000000000E-06  0.44104332543339E-05  0.10000000000000E-06  0.13474881543013E-05  0.10000000000000E-06  0.66672646276198E-06  0.10000000000000E-06  0.70999473792471E-06  0.10000000000000E-06  0.38106698756518E-05  0.10000000000000E-06  0.16292050082969E-05  0.10000000000000E-06  0.45985995168074E+00  0.99856889710782E+00

 -0.68915073614131E+04  0.94261369092159E+00  0.57386309078412E-01  0.29558714953848E+02  0.10387249349365E+04  0.58913660511388E+02  0.11638100597903E+01  0.87769110705747E+00  0.87769110705747E+00  0.77795348125551E+00  0.77795348125551E+00  0.65764008771265E-09  0.56382756039275E-03  0.29223124359992E-01  0.29223124359992E-01  0.90435375218041E-01  0.90911568552962E-01  0.35320936408041E-03  0.13398236977234E-02  0.75443617165699E-02  0.89568108097217E-02  0.15060381496099E-03  0.15060381496099E-03  0.19063816231080E-03  0.19063816231082E-03  0.62181152822448E-01  0.63553925103169E-01  0.51302364755591E-03  0.51302364755591E-03  0.00000000000000E+00  0.00000000000000E+00  0.69383338246669E-06  0.00000000000000E+00  0.00000000000000E+00  0.34691669123334E-06  0.00000000000000E+00  0.00000000000000E+00  0.83117598689210E-02  0.00000000000000E+00  0.31247314795880E-01  0.34691669123334E-06  0.83117598689210E-02  0.31247314795880E-01  0.44184619115095E+01  0.48020000000000E+00  0.31766250145349E+00  0.77524004978149E-02  0.12451999136637E+01  0.33870000000000E-01  0.34981926158015E-01  0.12920000000000E-02  0.11387586844154E+00  0.73684000000000E-02  0.59146352845015E-01  0.12687706625891E-01  0.36959214822014E-05  0.10000000000000E-06  0.44104332543339E-05  0.10000000000000E-06  0.13474881543013E-05  0.10000000000000E-06  0.66672646276198E-06  0.10000000000000E-06  0.70999473792471E-06  0.10000000000000E-06  0.38106698756518E-05  0.10000000000000E-06  0.16292050082969E-05  0.10000000000000E-06  0.45985989287630E+00  0.99856829660673E+00

 -0.73916858571294E+04  0.93438067972197E+00  0.65619320278026E-01  0.29572507494176E+02  0.10387043838731E+04  0.58883256803218E+02  0.11632105896652E+01  0.87723583380366E+00  0.87723583380366E+00  0.77754994359872E+00  0.77754994359872E+00  0.65822169272484E-09  0.56504839342337E-03  0.29207965830064E-01  0.29207965830064E-01  0.90389286571630E-01  0.90865565210020E-01  0.35333039489106E-03  0.13410695718692E-02  0.75407469817551E-02  0.89522179514388E-02  0.15052569420949E-03  0.15052569420949E-03  0.19066542943677E-03  0.19066542943679E-03  0.62149263938638E-01  0.63521053829372E-01  0.51301888081888E-03  0.51301888081888E-03  0.00000000000000E+00  0.00000000000000E+00  0.69544016924151E-06  0.00000000000000E+00  0.00000000000000E+00  0.34772008462075E-06  0.00000000000000E+00  0.00000000000000E+00  0.83112204793337E-02  0.00000000000000E+00  0.31245600796463E-01  0.34772008462075E-06  0.83112204793337E-02  0.31245600796463E-01  0.44184619115095E+01  0.48020000000000E+00  0.31765271933049E+00  0.77521617698098E-02  0.12451999136637E+01  0.33870000000000E-01  0.34981926158015E-01  0.12920000000000E-02  0.11387586844154E+00  0.73684000000000E-02  0.59148554335711E-01  0.12688178875941E-01  0.36959214822014E-05  0.10000000000000E-06  0.44104332543339E-05  0.10000000000000E-06  0.13474881543013E-05  0.10000000000000E-06  0.66672646276198E-06  0.10000000000000E-06  0.70999473792471E-06  0.10000000000000E-06  0.38106698756518E-05  0.10000000000000E-06  0.16292050082969E-05  0.10000000000000E-06  0.45985965935425E+00  0.99856591192243E+00

 -0.79034649876227E+04  0.92593928018431E+00  0.74060719815691E-01  0.29587855725732E+02  0.10386804712240E+04  0.58847881820801E+02  0.11625130773558E+01  0.87670618375268E+00  0.87670618375268E+00  0.77708048105353E+00  0.77708048105353E+00  0.65886447082662E-09  0.56641135828431E-03  0.29190330890866E-01  0.29190330890866E-01  0.90335645044640E-01  0.90812015802822E-01  0.35346524778856E-03  0.13424604555514E-02  0.75365346885563E-02  0.89468745256863E-02  0.15043481107574E-03  0.15043481107574E-03  0.19069841632701E-03  0.19069841632703E-03  0.62112158225927E-01  0.63482812108741E-01  0.51301585288376E-03  0.51301585288376E-03  0.00000000000000E+00  0.00000000000000E+00  0.69723266732540E-06  0.00000000000000E+00  0.00000000000000E+00  0.34861633366270E-06  0.00000000000000E+00  0.00000000000000E+00  0.83106669136963E-02  0.00000000000000E+00  0.31243832295995E-01  0.34861633366270E-06  0.83106669136963E-02  0.31243832295995E-01  0.44184619115095E+01  0.48020000000000E+00  0.31764205556897E+00  0.77519015258412E-02  0.12451999136637E+01  0.33870000000000E-01  0.34981926158015E-01  0.12920000000000E-02  0.11387586844154E+00  0.73684000000000E-02  0.59151195489849E-01  0.12688745439850E-01  0.36959214822014E-05  0.10000000000000E-06  0.44104332543339E-05  0.10000000000000E-06  0.13474881543013E-05  0.10000000000000E-06  0.66672646276198E-06  0.10000000000000E-06  0.70999473792471E-06  0.10000000000000E-06  0.38106698756518E-05  0.10000000000000E-06  0.16292050082969E-05  0.10000000000000E-06  0.45985935303431E+00  0.99856278384742E+00

 -0.84281638955487E+04  0.91730582795878E+00  0.82694172041222E-01  0.29604718818500E+02  0.10386539865581E+04  0.58808704252930E+02  0.11617405790593E+01  0.87611961762845E+00  0.87611961762845E+00  0.77656057017069E+00  0.77656057017069E+00  0.65957035138230E-09  0.56791161409418E-03  0.29170800905139E-01  0.29170800905139E-01  0.90276235927503E-01  0.90752707867150E-01  0.35361349935173E-03  0.13439919070034E-02  0.75318657238840E-02  0.89409541391043E-02  0.15033416166124E-03  0.15033416166124E-03  0.19073613010773E-03  0.19073613010776E-03  0.62071059135469E-01  0.63440456222105E-01  0.51301504067605E-03  0.51301504067605E-03  0.00000000000000E+00  0.00000000000000E+00  0.69920758567365E-06  0.00000000000000E+00  0.00000000000000E+00  0.34960379283682E-06  0.00000000000000E+00  0.00000000000000E+00  0.83101087832140E-02  0.00000000000000E+00  0.31242042587605E-01  0.34960379283682E-06  0.83101087832140E-02  0.31242042587605E-01  0.44184619115095E+01  0.48020000000000E+00  0.31763265172005E+00  0.77516720294330E-02  0.12451999136637E+01  0.33870000000000E-01  0.34981926158015E-01  0.12920000000000E-02  0.11387586844154E+00  0.73684000000000E-02  0.59153784515100E-01  0.12689300821395E-01  0.36959214822014E-05  0.10000000000000E-06  0.44104332543339E-05  0.10000000000000E-06  0.13474881543013E-05  0.10000000000000E-06  0.66672646276198E-06  0.10000000000000E-06  0.70999473792471E-06  0.10000000000000E-06  0.38106698756518E-05  0.10000000000000E-06  0.16292050082969E-05  0.10000000000000E-06  0.45985902714917E+00  0.99855945598677E+00

 -0.89672673450520E+04  0.90849135027465E+00  0.91508649725353E-01  0.29623051099341E+02  0.10386262360188E+04  0.58767656570087E+02  0.11609312208336E+01  0.87550500041670E+00  0.87550500041670E+00  0.77601579582392E+00  0.77601579582392E+00  0.66034352138760E-09  0.56954260319045E-03  0.29150336945703E-01  0.29150336945703E-01  0.90214010604534E-01  0.90690596639554E-01  0.35377462731878E-03  0.13456579825052E-02  0.75269748491547E-02  0.89347456226120E-02  0.15022869893513E-03  0.15022869893513E-03  0.19077679255881E-03  0.19077679255885E-03  0.62027992400314E-01  0.63396066144294E-01  0.51301691468573E-03  0.51301691468573E-03  0.00000000000000E+00  0.00000000000000E+00  0.70136112065772E-06  0.00000000000000E+00  0.00000000000000E+00  0.35068056032886E-06  0.00000000000000E+00  0.00000000000000E+00  0.83095555293142E-02  0.00000000000000E+00  0.31240265064851E-01  0.35068056032886E-06  0.83095555293142E-02  0.31240265064851E-01  0.44184619115095E+01  0.48020000000000E+00  0.31762521369783E+00  0.77514905080796E-02  0.12451999136637E+01  0.33870000000000E-01  0.34981926158015E-01  0.12920000000000E-02  0.11387586844154E+00  0.73684000000000E-02  0.59156047718886E-01  0.12689786309752E-01  0.36959214822014E-05  0.10000000000000E-06  0.44104332543339E-05  0.10000000000000E-06  0.13474881543013E-05  0.10000000000000E-06  0.66672646276198E-06  0.10000000000000E-06  0.70999473792471E-06  0.10000000000000E-06  0.38106698756518E-05  0.10000000000000E-06  0.16292050082969E-05  0.10000000000000E-06  0.45985872318217E+00  0.99855635195809E+00

 -0.95224478264061E+04  0.89950225489868E+00  0.10049774510132E+00  0.29642802111239E+02  0.10385989666230E+04  0.58727322741685E+02  0.11601359835832E+01  0.87490092193928E+00  0.87490092193928E+00  0.77548036262802E+00  0.77548036262802E+00  0.66119008026933E-09  0.57129620044761E-03  0.29130223878215E-01  0.29130223878215E-01  0.90152914449966E-01  0.90629632709533E-01  0.35394801958879E-03  0.13474513472710E-02  0.75221777791350E-02  0.89286371042813E-02  0.15012504456003E-03  0.15012504456003E-03  0.19081795906725E-03  0.19081795906729E-03  0.61985669507575E-01  0.63352425997144E-01  0.51302194995312E-03  0.51302194995312E-03  0.00000000000000E+00  0.00000000000000E+00  0.70368890507727E-06  0.00000000000000E+00  0.00000000000000E+00  0.35184445253864E-06  0.00000000000000E+00  0.00000000000000E+00  0.83090166637195E-02  0.00000000000000E+00  0.31238533882723E-01  0.35184445253864E-06  0.83090166637195E-02  0.31238533882723E-01  0.44184619115095E+01  0.48020000000000E+00  0.31761991069332E+00  0.77513610908063E-02  0.12451999136637E+01  0.33870000000000E-01  0.34981926158015E-01  0.12920000000000E-02  0.11387586844154E+00  0.73684000000000E-02  0.59157824628845E-01  0.12690167481391E-01  0.36959214822014E-05  0.10000000000000E-06  0.44104332543339E-05  0.10000000000000E-06  0.13474881543013E-05  0.10000000000000E-06  0.66672646276198E-06  0.10000000000000E-06  0.70999473792471E-06  0.10000000000000E-06  0.38106698756518E-05  0.10000000000000E-06  0.16292050082969E-05  0.10000000000000E-06  0.45985847142780E+00  0.99855378111753E+00

 -0.10095592030951E+05  0.89034085591704E+00  0.10965914408296E+00  0.29663917039284E+02  0.10385741992018E+04  0.58690690941787E+02  0.11594138238224E+01  0.87435200126386E+00  0.87435200126386E+00  0.77499381930208E+00  0.77499381930208E+00  0.66211737372677E-09  0.57316329925383E-03  0.29111947314818E-01  0.29111947314818E-01  0.90097508526924E-01  0.90574383240861E-01  0.35413302965331E-03  0.13493638414784E-02  0.75178416658165E-02  0.89230797334630E-02  0.15003085476232E-03  0.15003085476232E-03  0.19085677342348E-03  0.19085677342348E-03  0.61947229374328E-01  0.63312758937614E-01  0.51303063314279E-03  0.51303063314279E-03  0.00000000000000E+00  0.00000000000000E+00  0.70618628850706E-06  0.00000000000000E+00  0.00000000000000E+00  0.35309314425353E-06  0.00000000000000E+00  0.00000000000000E+00  0.83085019111506E-02  0.00000000000000E+00  0.31236884342469E-01  0.35309314425353E-06  0.83085019111506E-02  0.31236884342469E-01  0.44184619115095E+01  0.48020000000000E+00  0.31761670107299E+00  0.77512827615665E-02  0.12451999136637E+01  0.33870000000000E-01  0.34981926158015E-01  0.12920000000000E-02  0.11387586844154E+00  0.73684000000000E-02  0.59158802610850E-01  0.12690377271990E-01  0.36959214822014E-05  0.10000000000000E-06  0.44104332543339E-05  0.10000000000000E-06  0.13474881543013E-05  0.10000000000000E-06  0.66672646276198E-06  0.10000000000000E-06  0.70999473792471E-06  0.10000000000000E-06  0.38106698756518E-05  0.10000000000000E-06  0.16292050082969E-05  0.10000000000000E-06  0.45985833996644E+00  0.99855243867573E+00

 -0.10688832881456E+05  0.88100577067205E+00  0.11899422932795E+00  0.29686337741800E+02  0.10385539656905E+04  0.58660765038001E+02  0.11588240062805E+01  0.87390309085647E+00  0.87390309085647E+00  0.77459592144097E+00  0.77459592144097E+00  0.66313221019138E-09  0.57513359484522E-03  0.29097000638753E-01  0.29097000638753E-01  0.90052375484349E-01  0.90529436741984E-01  0.35432882416753E-03  0.13513858170499E-02  0.75143357331952E-02  0.89185271105872E-02  0.14995382581741E-03  0.14995382581741E-03  0.19089036605527E-03  0.19089036605533E-03  0.61915829538080E-01  0.63280307141339E-01  0.51304346773564E-03  0.51304346773564E-03  0.00000000000000E+00  0.00000000000000E+00  0.70884682236074E-06  0.00000000000000E+00  0.00000000000000E+00  0.35442341118037E-06  0.00000000000000E+00  0.00000000000000E+00  0.83080212904967E-02  0.00000000000000E+00  0.31235353099341E-01  0.35442341118037E-06  0.83080212904967E-02  0.31235353099341E-01  0.44184619115095E+01  0.48020000000000E+00  0.31761540330026E+00  0.77512510900475E-02  0.12451999136637E+01  0.33870000000000E-01  0.34981926158015E-01  0.12920000000000E-02  0.11387586844154E+00  0.73684000000000E-02  0.59159693456195E-01  0.12690568370576E-01  0.36959214822014E-05  0.10000000000000E-06  0.44104332543339E-05  0.10000000000000E-06  0.13474881543013E-05  0.10000000000000E-06  0.66672646276198E-06  0.10000000000000E-06  0.70999473792471E-06  0.10000000000000E-06  0.38106698756518E-05  0.10000000000000E-06  0.16292050082969E-05  0.10000000000000E-06  0.45985818053938E+00  0.99855081065925E+00

 -0.11304588095626E+05  0.87149221631275E+00  0.12850778368725E+00  0.29710004686778E+02  0.10385399898944E+04  0.58640092762673E+02  0.11584167984885E+01  0.87359221766453E+00  0.87359221766453E+00  0.77432037474812E+00  0.77432037474812E+00  0.66424048681754E-09  0.57719832155043E-03  0.29086649974522E-01  0.29086649974522E-01  0.90021400020102E-01  0.90498683085903E-01  0.35453478636954E-03  0.13535093583552E-02  0.75119778702411E-02  0.89153696849716E-02  0.14990048280379E-03  0.14990048280379E-03  0.19091633784367E-03  0.19091633784374E-03  0.61894153780659E-01  0.63257827129899E-01  0.51306097869666E-03  0.51306097869666E-03  0.00000000000000E+00  0.00000000000000E+00  0.71166544869304E-06  0.00000000000000E+00  0.00000000000000E+00  0.35583272434652E-06  0.00000000000000E+00  0.00000000000000E+00  0.83075851532573E-02  0.00000000000000E+00  0.31233978245072E-01  0.35583272434652E-06  0.83075851532573E-02  0.31233978245072E-01  0.44184619115095E+01  0.48020000000000E+00  0.31761587285624E+00  0.77512625493354E-02  0.12451999136637E+01  0.33870000000000E-01  0.34981926158015E-01  0.12920000000000E-02  0.11387586844154E+00  0.73684000000000E-02  0.59159802116976E-01  0.12690591679809E-01  0.36959214822014E-05  0.10000000000000E-06  0.44104332543339E-05  0.10000000000000E-06  0.13474881543013E-05  0.10000000000000E-06  0.66672646276198E-06  0.10000000000000E-06  0.70999473792471E-06  0.10000000000000E-06  0.38106698756518E-05  0.10000000000000E-06  0.16292050082969E-05  0.10000000000000E-06  0.45985814577086E+00  0.99855045561494E+00

 -0.11945607085406E+05  0.86179221816485E+00  0.13820778183515E+00  0.29734860265919E+02  0.10385333579503E+04  0.58630278939323E+02  0.11582238636747E+01  0.87344333179311E+00  0.87344333179311E+00  0.77418840772573E+00  0.77418840772573E+00  0.66544458332867E-09  0.57934948802804E-03  0.29081692751758E-01  0.29081692751758E-01  0.90007026359673E-01  0.90484569369525E-01  0.35475019253915E-03  0.13557267104926E-02  0.75109698086334E-02  0.89138553084258E-02  0.14987493534177E-03  0.14987493534177E-03  0.19093325959413E-03  0.19093325959421E-03  0.61883895811211E-01  0.63247058858768E-01  0.51308371806659E-03  0.51308371806659E-03  0.00000000000000E+00  0.00000000000000E+00  0.71463567470764E-06  0.00000000000000E+00  0.00000000000000E+00  0.35731783735382E-06  0.00000000000000E+00  0.00000000000000E+00  0.83072041950024E-02  0.00000000000000E+00  0.31232799304622E-01  0.35731783735382E-06  0.83072041950024E-02  0.31232799304622E-01  0.44184619115095E+01  0.48020000000000E+00  0.31761786590170E+00  0.77513111886508E-02  0.12451999136637E+01  0.33870000000000E-01  0.34981926158015E-01  0.12920000000000E-02  0.11387586844154E+00  0.73684000000000E-02  0.59159430608347E-01  0.12690511986095E-01  0.36959214822014E-05  0.10000000000000E-06  0.44104332543339E-05  0.10000000000000E-06  0.13474881543013E-05  0.10000000000000E-06  0.66672646276198E-06  0.10000000000000E-06  0.70999473792471E-06  0.10000000000000E-06  0.38106698756518E-05  0.10000000000000E-06  0.16292050082969E-05  0.10000000000000E-06  0.45985817682525E+00  0.99855077273188E+00

 -0.12615028581530E+05  0.85189473500090E+00  0.14810526499910E+00  0.29760853994599E+02  0.10385342598003E+04  0.58631603732536E+02  0.11582507292637E+01  0.87346060956538E+00  0.87346060956538E+00  0.77420372211479E+00  0.77420372211479E+00  0.66674283550877E-09  0.58158182694796E-03  0.29082268023039E-01  0.29082268023039E-01  0.90009677893130E-01  0.90487519030738E-01  0.35497443690473E-03  0.13580323967636E-02  0.75113491972930E-02  0.89140304610980E-02  0.14987790005042E-03  0.14987790005042E-03  0.19094106522572E-03  0.19094106522582E-03  0.61885355571943E-01  0.63248311130919E-01  0.51311227242474E-03  0.51311227242474E-03  0.00000000000000E+00  0.00000000000000E+00  0.71775157633253E-06  0.00000000000000E+00  0.00000000000000E+00  0.35887578816626E-06  0.00000000000000E+00  0.00000000000000E+00  0.83068894409175E-02  0.00000000000000E+00  0.31231857152503E-01  0.35887578816626E-06  0.83068894409175E-02  0.31231857152503E-01  0.44184619115095E+01  0.48020000000000E+00  0.31762105912685E+00  0.77513891177741E-02  0.12451999136637E+01  0.33870000000000E-01  0.34981926158015E-01  0.12920000000000E-02  0.11387586844154E+00  0.73684000000000E-02  0.59158676822666E-01  0.12690350288694E-01  0.36959214822014E-05  0.10000000000000E-06  0.44104332543339E-05  0.10000000000000E-06  0.13474881543013E-05  0.10000000000000E-06  0.66672646276198E-06  0.10000000000000E-06  0.70999473792471E-06  0.10000000000000E-06  0.38106698756518E-05  0.10000000000000E-06  0.16292050082969E-05  0.10000000000000E-06  0.45985826059353E+00  0.99855162814550E+00

 -0.13316451107209E+05  0.84178571568175E+00  0.15821428431825E+00  0.29787950244291E+02  0.10385418601313E+04  0.58642832051501E+02  0.11584730266580E+01  0.87362561235210E+00  0.87362561235210E+00  0.77434997458484E+00  0.77434997458484E+00  0.66812908380106E-09  0.58389353971435E-03  0.29087761865824E-01  0.29087761865824E-01  0.90027467637247E-01  0.90505641879611E-01  0.35520705112111E-03  0.13604238313671E-02  0.75129648327985E-02  0.89157098360546E-02  0.14990621302860E-03  0.14990621302860E-03  0.19094125058647E-03  0.19094125058658E-03  0.61897236736325E-01  0.63260253446787E-01  0.51314727353652E-03  0.51314727353652E-03  0.00000000000000E+00  0.00000000000000E+00  0.72100825897106E-06  0.00000000000000E+00  0.00000000000000E+00  0.36050412948553E-06  0.00000000000000E+00  0.00000000000000E+00  0.83066522108709E-02  0.00000000000000E+00  0.31231193862012E-01  0.36050412948553E-06  0.83066522108709E-02  0.31231193862012E-01  0.44184619115095E+01  0.48020000000000E+00  0.31762507511775E+00  0.77514871260996E-02  0.12451999136637E+01  0.33870000000000E-01  0.34981926158015E-01  0.12920000000000E-02  0.11387586844154E+00  0.73684000000000E-02  0.59157657639661E-01  0.12690131659913E-01  0.36959214822014E-05  0.10000000000000E-06  0.44104332543339E-05  0.10000000000000E-06  0.13474881543013E-05  0.10000000000000E-06  0.66672646276198E-06  0.10000000000000E-06  0.70999473792471E-06  0.10000000000000E-06  0.38106698756518E-05  0.10000000000000E-06  0.16292050082969E-05  0.10000000000000E-06  0.45985838121399E+00  0.99855285988240E+00

 -0.14054019686389E+05  0.83144809073426E+00  0.16855190926574E+00  0.29816139150721E+02  0.10385543365788E+04  0.58661269829907E+02  0.11588376013918E+01  0.87389812440654E+00  0.87389812440654E+00  0.77459151936036E+00  0.77459151936036E+00  0.66959339009028E-09  0.58628721850215E-03  0.29096835278545E-01  0.29096835278545E-01  0.90056283972326E-01  0.90534820074818E-01  0.35544780691117E-03  0.13629023211672E-02  0.75154840114554E-02  0.89184852582929E-02  0.14995297361975E-03  0.14995297361975E-03  0.19093682148959E-03  0.19093682148959E-03  0.61916706467331E-01  0.63279977329391E-01  0.51318941334156E-03  0.51318941334156E-03  0.00000000000000E+00  0.00000000000000E+00  0.72440327184774E-06  0.00000000000000E+00  0.00000000000000E+00  0.36220163592387E-06  0.00000000000000E+00  0.00000000000000E+00  0.83065040660501E-02  0.00000000000000E+00  0.31230852491358E-01  0.36220163592387E-06  0.83065040660501E-02  0.31230852491358E-01  0.44184619115095E+01  0.48020000000000E+00  0.31762949996315E+00  0.77515951123225E-02  0.12451999136637E+01  0.33870000000000E-01  0.34981926158015E-01  0.12920000000000E-02  0.11387586844154E+00  0.73684000000000E-02  0.59156263848265E-01  0.12689832672478E-01  0.36959214822014E-05  0.10000000000000E-06  0.44104332543339E-05  0.10000000000000E-06  0.13474881543013E-05  0.10000000000000E-06  0.66672646276198E-06  0.10000000000000E-06  0.70999473792471E-06  0.10000000000000E-06  0.38106698756518E-05  0.10000000000000E-06  0.16292050082969E-05  0.10000000000000E-06  0.45985857221520E+00  0.99855481032767E+00

 -0.14832533395757E+05  0.82086169759953E+00  0.17913830240047E+00  0.29845451326182E+02  0.10385690750800E+04  0.58683052390356E+02  0.11592682007846E+01  0.87422046063125E+00  0.87422046063125E+00  0.77487722646863E+00  0.77487722646863E+00  0.67112320356162E-09  0.58876984986245E-03  0.29107567609664E-01  0.29107567609664E-01  0.90090229451406E-01  0.90569147456897E-01  0.35569666960536E-03  0.13654729370385E-02  0.75184263800726E-02  0.89217670899472E-02  0.15000828358558E-03  0.15000828358558E-03  0.19093200665327E-03  0.19093200665341E-03  0.61939698526209E-01  0.63303307034946E-01  0.51323946445880E-03  0.51323946445880E-03  0.00000000000000E+00  0.00000000000000E+00  0.72793706269994E-06  0.00000000000000E+00  0.00000000000000E+00  0.36396853134997E-06  0.00000000000000E+00  0.00000000000000E+00  0.83064567399061E-02  0.00000000000000E+00  0.31230876813313E-01  0.36396853134997E-06  0.83064567399061E-02  0.31230876813313E-01  0.44184619115095E+01  0.48020000000000E+00  0.31763389923954E+00  0.77517024745459E-02  0.12451999136637E+01  0.33870000000000E-01  0.34981926158015E-01  0.12920000000000E-02  0.11387586844154E+00  0.73684000000000E-02  0.59155350607071E-01  0.12689636769675E-01  0.36959214822014E-05  0.10000000000000E-06  0.44104332543339E-05  0.10000000000000E-06  0.13474881543013E-05  0.10000000000000E-06  0.66672646276198E-06  0.10000000000000E-06  0.70999473792471E-06  0.10000000000000E-06  0.38106698756518E-05  0.10000000000000E-06  0.16292050082969E-05  0.10000000000000E-06  0.45985866075578E+00  0.99855571447784E+00

 -0.15657578594824E+05  0.81000315223975E+00  0.18999684776025E+00  0.29875976765129E+02  0.10385830119927E+04  0.58703649809631E+02  0.11596754503789E+01  0.87452498624950E+00  0.87452498624950E+00  0.77514714690299E+00  0.77514714690299E+00  0.67270679802946E-09  0.59135499920666E-03  0.29117706928544E-01  0.29117706928544E-01  0.90122391898561E-01  0.90601702391280E-01  0.35595421524361E-03  0.13681474404277E-02  0.75212346108111E-02  0.89248705462433E-02  0.15006053741326E-03  0.15006053741326E-03  0.19093175225636E-03  0.19093175225650E-03  0.61961451506709E-01  0.63325353391067E-01  0.51329830690440E-03  0.51329830690440E-03  0.00000000000000E+00  0.00000000000000E+00  0.73161772876185E-06  0.00000000000000E+00  0.00000000000000E+00  0.36580886438092E-06  0.00000000000000E+00  0.00000000000000E+00  0.83065220553160E-02  0.00000000000000E+00  0.31231310990265E-01  0.36580886438092E-06  0.83065220553160E-02  0.31231310990265E-01  0.44184619115095E+01  0.48020000000000E+00  0.31763801340782E+00  0.77518028788434E-02  0.12451999136637E+01  0.33870000000000E-01  0.34981926158015E-01  0.12920000000000E-02  0.11387586844154E+00  0.73684000000000E-02  0.59154284181807E-01  0.12689408006780E-01  0.36959214822014E-05  0.10000000000000E-06  0.44104332543339E-05  0.10000000000000E-06  0.13474881543013E-05  0.10000000000000E-06  0.66672646276198E-06  0.10000000000000E-06  0.70999473792471E-06  0.10000000000000E-06  0.38106698756518E-05  0.10000000000000E-06  0.16292050082969E-05  0.10000000000000E-06  0.45985878911438E+00  0.99855702523917E+00

 -0.16535696092500E+05  0.79884565567647E+00  0.20115434432353E+00  0.29907888200110E+02  0.10385930324338E+04  0.58718456002905E+02  0.11599684761408E+01  0.87474293051790E+00  0.87474293051790E+00  0.77534032477725E+00  0.77534032477725E+00  0.67433552389396E-09  0.59406242676956E-03  0.29124963482026E-01  0.29124963482026E-01  0.90145746259789E-01  0.90625450735582E-01  0.35622149129465E-03  0.13709436245027E-02  0.75233403135609E-02  0.89270963876536E-02  0.15009793466841E-03  0.15009793466841E-03  0.19094113359015E-03  0.19094113359031E-03  0.61977121067130E-01  0.63341140921403E-01  0.51336696102985E-03  0.51336696102985E-03  0.00000000000000E+00  0.00000000000000E+00  0.73546156140537E-06  0.00000000000000E+00  0.00000000000000E+00  0.36773078070268E-06  0.00000000000000E+00  0.00000000000000E+00  0.83067118158721E-02  0.00000000000000E+00  0.31232199168003E-01  0.36773078070268E-06  0.83067118158721E-02  0.31232199168003E-01  0.44184619115095E+01  0.48020000000000E+00  0.31764160388384E+00  0.77518905026828E-02  0.12451999136637E+01  0.33870000000000E-01  0.34981926158015E-01  0.12920000000000E-02  0.11387586844154E+00  0.73684000000000E-02  0.59153377904748E-01  0.12689213597879E-01  0.36959214822014E-05  0.10000000000000E-06  0.44104332543339E-05  0.10000000000000E-06  0.13474881543013E-05  0.10000000000000E-06  0.66672646276198E-06  0.10000000000000E-06  0.70999473792471E-06  0.10000000000000E-06  0.38106698756518E-05  0.10000000000000E-06  0.16292050082969E-05  0.10000000000000E-06  0.45985889589944E+00  0.99855811569895E+00

 -0.17474593923077E+05  0.78735871481906E+00  0.21264128518094E+00  0.29941468492062E+02  0.10385963796852E+04  0.58723394568957E+02  0.11600668595307E+01  0.87481343452689E+00  0.87481343452689E+00  0.77540281696704E+00  0.77540281696704E+00  0.67600770595907E-09  0.59692029882582E-03  0.29127310945053E-01  0.29127310945053E-01  0.90154083524081E-01  0.90634176692899E-01  0.35650035255186E-03  0.13738880504509E-02  0.75242373724040E-02  0.89278206213136E-02  0.15011003251540E-03  0.15011003251540E-03  0.19096475328174E-03  0.19096475328191E-03  0.61982412959168E-01  0.63346257275836E-01  0.51344662647420E-03  0.51344662647420E-03  0.00000000000000E+00  0.00000000000000E+00  0.73949802448007E-06  0.00000000000000E+00  0.00000000000000E+00  0.36974901224003E-06  0.00000000000000E+00  0.00000000000000E+00  0.83070376846444E-02  0.00000000000000E+00  0.31233585017663E-01  0.36974901224003E-06  0.83070376846444E-02  0.31233585017663E-01  0.44184619115095E+01  0.48020000000000E+00  0.31764447086598E+00  0.77519604700023E-02  0.12451999136637E+01  0.33870000000000E-01  0.34981926158015E-01  0.12920000000000E-02  0.11387586844154E+00  0.73684000000000E-02  0.59152685333587E-01  0.12689065031834E-01  0.36959214822014E-05  0.10000000000000E-06  0.44104332543339E-05  0.10000000000000E-06  0.13474881543013E-05  0.10000000000000E-06  0.66672646276198E-06  0.10000000000000E-06  0.70999473792471E-06  0.10000000000000E-06  0.38106698756518E-05  0.10000000000000E-06  0.16292050082969E-05  0.10000000000000E-06  0.45985897449816E+00  0.99855891832829E+00

 -0.18483421338070E+05  0.77550775764873E+00  0.22449224235127E+00  0.29977141118106E+02  0.10385909943856E+04  0.58715420854708E+02  0.11599105446397E+01  0.87469104403388E+00  0.87469104403388E+00  0.77529433448459E+00  0.77529433448460E+00  0.67773193197394E-09  0.59996716277600E-03  0.29123235897957E-01  0.29123235897957E-01  0.90142778167470E-01  0.90623251793049E-01  0.35679369593560E-03  0.13770183082330E-02  0.75235439316003E-02  0.89265702663665E-02  0.15008903141944E-03  0.15008903141944E-03  0.19100624795387E-03  0.19100624795405E-03  0.61974110435032E-01  0.63337394452358E-01  0.51353872553460E-03  0.51353872553460E-03  0.00000000000000E+00  0.00000000000000E+00  0.74377400496698E-06  0.00000000000000E+00  0.00000000000000E+00  0.37188700248349E-06  0.00000000000000E+00  0.00000000000000E+00  0.83075110484599E-02  0.00000000000000E+00  0.31235511224024E-01  0.37188700248349E-06  0.83075110484599E-02  0.31235511224024E-01  0.44184619115095E+01  0.48020000000000E+00  0.31764646456395E+00  0.77520091252420E-02  0.12451999136637E+01  0.33870000000000E-01  0.34981926158015E-01  0.12920000000000E-02  0.11387586844154E+00  0.73684000000000E-02  0.59152235373118E-01  0.12688968509121E-01  0.36959214822014E-05  0.10000000000000E-06  0.44104332543339E-05  0.10000000000000E-06  0.13474881543013E-05  0.10000000000000E-06  0.66672646276198E-06  0.10000000000000E-06  0.70999473792471E-06  0.10000000000000E-06  0.38106698756518E-05  0.10000000000000E-06  0.16292050082969E-05  0.10000000000000E-06  0.45985902236563E+00  0.99855940713851E+00

 -0.19573129157976E+05  0.76325358048620E+00  0.23674641951380E+00  0.30015501805731E+02  0.10385757378874E+04  0.58692852330400E+02  0.11594663555635E+01  0.87435062111665E+00  0.87435062111665E+00  0.77499259598978E+00  0.77499259598978E+00  0.67953005321324E-09  0.60325471002611E-03  0.29111901362190E-01  0.29111901362190E-01  0.90109288010998E-01  0.90590136050755E-01  0.35710580198649E-03  0.13803861872608E-02  0.75210480112651E-02  0.89230790103635E-02  0.15003061794160E-03  0.15003061794160E-03  0.19106797064555E-03  0.19106797064576E-03  0.61950429352509E-01  0.63312713930173E-01  0.51364494766256E-03  0.51364494766256E-03  0.00000000000000E+00  0.00000000000000E+00  0.74835895137827E-06  0.00000000000000E+00  0.00000000000000E+00  0.37417947568913E-06  0.00000000000000E+00  0.00000000000000E+00  0.83081428669347E-02  0.00000000000000E+00  0.31238018919382E-01  0.37417947568913E-06  0.83081428669347E-02  0.31238018919382E-01  0.44184619115095E+01  0.48020000000000E+00  0.31764747960167E+00  0.77520338967491E-02  0.12451999136637E+01  0.33870000000000E-01  0.34981926158015E-01  0.12920000000000E-02  0.11387586844154E+00  0.73684000000000E-02  0.59152036611861E-01  0.12688925872097E-01  0.36959214822014E-05  0.10000000000000E-06  0.44104332543339E-05  0.10000000000000E-06  0.13474881543013E-05  0.10000000000000E-06  0.66672646276198E-06  0.10000000000000E-06  0.70999473792471E-06  0.10000000000000E-06  0.38106698756518E-05  0.10000000000000E-06  0.16292050082969E-05  0.10000000000000E-06  0.45985904023116E+00  0.99855958957663E+00

 -0.20756954410939E+05  0.75055153328775E+00  0.24944846671225E+00  0.30057348185951E+02  0.10385504764164E+04  0.58655492614192E+02  0.11587304394244E+01  0.87378916417805E+00  0.87378916417805E+00  0.77449494097602E+00  0.77449494097602E+00  0.68143993409039E-09  0.60685162162031E-03  0.29093207398211E-01  0.29093207398211E-01  0.90053335476934E-01  0.90534560328183E-01  0.35744284398808E-03  0.13840621770315E-02  0.75167301615735E-02  0.89173147043499E-02  0.14993427703503E-03  0.14993427703503E-03  0.19115088114853E-03  0.19115088114853E-03  0.61911161301924E-01  0.63271994577204E-01  0.51376728994554E-03  0.51376728994554E-03  0.00000000000000E+00  0.00000000000000E+00  0.75335143116535E-06  0.00000000000000E+00  0.00000000000000E+00  0.37667571558267E-06  0.00000000000000E+00  0.00000000000000E+00  0.83089435083179E-02  0.00000000000000E+00  0.31241147070899E-01  0.37667571558267E-06  0.83089435083179E-02  0.31241147070899E-01  0.44184619115095E+01  0.48020000000000E+00  0.31764742332514E+00  0.77520325233475E-02  0.12451999136637E+01  0.33870000000000E-01  0.34981926158015E-01  0.12920000000000E-02  0.11387586844154E+00  0.73684000000000E-02  0.59151833311190E-01  0.12688882261305E-01  0.36959214822014E-05  0.10000000000000E-06  0.44104332543339E-05  0.10000000000000E-06  0.13474881543013E-05  0.10000000000000E-06  0.66672646276198E-06  0.10000000000000E-06  0.70999473792471E-06  0.10000000000000E-06  0.38106698756518E-05  0.10000000000000E-06  0.16292050082969E-05  0.10000000000000E-06  0.45985908521535E+00  0.99856004894384E+00

 -0.22051092060512E+05  0.73735025859509E+00  0.26264974140491E+00  0.30103702948321E+02  0.10385160123634E+04  0.58604529316805E+02  0.11577262454484E+01  0.87302428170973E+00  0.87302428170973E+00  0.77381697697001E+00  0.77381697697001E+00  0.68351526014242E-09  0.61084411702982E-03  0.29067740288755E-01  0.29067740288755E-01  0.89976745980094E-01  0.90458364282194E-01  0.35781271318079E-03  0.13881354733764E-02  0.75107493599162E-02  0.89094618646468E-02  0.14980303015636E-03  0.14980303015636E-03  0.19125466009359E-03  0.19125466009386E-03  0.61857569805149E-01  0.63216525494570E-01  0.51390808629619E-03  0.51390808629619E-03  0.00000000000000E+00  0.00000000000000E+00  0.75887965109966E-06  0.00000000000000E+00  0.00000000000000E+00  0.37943982554983E-06  0.00000000000000E+00  0.00000000000000E+00  0.83099225783435E-02  0.00000000000000E+00  0.31244931842705E-01  0.37943982554983E-06  0.83099225783435E-02  0.31244931842705E-01  0.44184619115095E+01  0.48020000000000E+00  0.31764624632328E+00  0.77520037991835E-02  0.12451999136637E+01  0.33870000000000E-01  0.34981926158015E-01  0.12920000000000E-02  0.11387586844154E+00  0.73684000000000E-02  0.59152365023563E-01  0.12688996320926E-01  0.36959214822014E-05  0.10000000000000E-06  0.44104332543339E-05  0.10000000000000E-06  0.13474881543013E-05  0.10000000000000E-06  0.66672646276198E-06  0.10000000000000E-06  0.70999473792471E-06  0.10000000000000E-06  0.38106698756518E-05  0.10000000000000E-06  0.16292050082969E-05  0.10000000000000E-06  0.45985899987989E+00  0.99855917751991E+00

 -0.23475653204241E+05  0.72358972121758E+00  0.27641027878242E+00  0.30155824159936E+02  0.10384739574797E+04  0.58542346257354E+02  0.11565008295709E+01  0.87209135016422E+00  0.87209135016422E+00  0.77299006037285E+00  0.77299006037285E+00  0.68583059621354E-09  0.61534577576385E-03  0.29036677908887E-01  0.29036677908887E-01  0.89883167560011E-01  0.90365218438569E-01  0.35822667263704E-03  0.13927266080680E-02  0.75034315361772E-02  0.88999071792761E-02  0.14964294757895E-03  0.14964294757895E-03  0.19137790025414E-03  0.19137790025414E-03  0.61792198111673E-01  0.63148910548055E-01  0.51407001485030E-03  0.51407001485030E-03  0.00000000000000E+00  0.00000000000000E+00  0.76511837365027E-06  0.00000000000000E+00  0.00000000000000E+00  0.38255918682514E-06  0.00000000000000E+00  0.00000000000000E+00  0.83110887470223E-02  0.00000000000000E+00  0.31249405946384E-01  0.38255918682514E-06  0.83110887470223E-02  0.31249405946384E-01  0.44184619115095E+01  0.48020000000000E+00  0.31764397856761E+00  0.77519484556977E-02  0.12451999136637E+01  0.33870000000000E-01  0.34981926158015E-01  0.12920000000000E-02  0.11387586844154E+00  0.73684000000000E-02  0.59152588659797E-01  0.12689044293976E-01  0.36959214822014E-05  0.10000000000000E-06  0.44104332543339E-05  0.10000000000000E-06  0.13474881543013E-05  0.10000000000000E-06  0.66672646276198E-06  0.10000000000000E-06  0.70999473792471E-06  0.10000000000000E-06  0.38106698756518E-05  0.10000000000000E-06  0.16292050082969E-05  0.10000000000000E-06  0.45985900725033E+00  0.99855925278489E+00

 -0.25056093985764E+05  0.70919794391964E+00  0.29080205608036E+00  0.30215195220359E+02  0.10384265402589E+04  0.58472239119689E+02  0.11551192423440E+01  0.87103937269052E+00  0.87103937269052E+00  0.77205762579390E+00  0.77205762579390E+00  0.68847468595683E-09  0.62048837210165E-03  0.29001651840729E-01  0.29001651840729E-01  0.89777649928973E-01  0.90260199788244E-01  0.35869737652518E-03  0.13979749344484E-02  0.74952043609521E-02  0.88891597501966E-02  0.14946243775991E-03  0.14946243775991E-03  0.19151837922350E-03  0.19151837922382E-03  0.61718535549654E-01  0.63072720524446E-01  0.51425607083578E-03  0.51425607083578E-03  0.00000000000000E+00  0.00000000000000E+00  0.77227348732809E-06  0.00000000000000E+00  0.00000000000000E+00  0.38613674366405E-06  0.00000000000000E+00  0.00000000000000E+00  0.83124495674462E-02  0.00000000000000E+00  0.31254597981419E-01  0.38613674366405E-06  0.83124495674462E-02  0.31254597981419E-01  0.44184619115095E+01  0.48020000000000E+00  0.31764073566543E+00  0.77518693142302E-02  0.12451999136637E+01  0.33870000000000E-01  0.34981926158015E-01  0.12920000000000E-02  0.11387586844154E+00  0.73684000000000E-02  0.59153481670087E-01  0.12689235856972E-01  0.36959214822014E-05  0.10000000000000E-06  0.44104332543339E-05  0.10000000000000E-06  0.13474881543013E-05  0.10000000000000E-06  0.66672646276198E-06  0.10000000000000E-06  0.70999473792471E-06  0.10000000000000E-06  0.38106698756518E-05  0.10000000000000E-06  0.16292050082969E-05  0.10000000000000E-06  0.45985889482880E+00  0.99855810476587E+00

 -0.26825438876300E+05  0.69408552351812E+00  0.30591447648188E+00  0.30283484990488E+02  0.10383767092616E+04  0.58398568473977E+02  0.11536675626364E+01  0.86993323710386E+00  0.86993323710386E+00  0.77107718743299E+00  0.77107718743299E+00  0.69155850619649E-09  0.62643401216627E-03  0.28964822553584E-01  0.28964822553584E-01  0.89666896657192E-01  0.90150048886610E-01  0.35924133443611E-03  0.14040557605005E-02  0.74866240737858E-02  0.88778840783150E-02  0.14927263454407E-03  0.14927263454407E-03  0.19167286802542E-03  0.19167286802576E-03  0.61641171865090E-01  0.62992653294836E-01  0.51446948974259E-03  0.51446948974259E-03  0.00000000000000E+00  0.00000000000000E+00  0.78060609451408E-06  0.00000000000000E+00  0.00000000000000E+00  0.39030304725704E-06  0.00000000000000E+00  0.00000000000000E+00  0.83140113094050E-02  0.00000000000000E+00  0.31260531820794E-01  0.39030304725704E-06  0.83140113094050E-02  0.31260531820794E-01  0.44184619115095E+01  0.48020000000000E+00  0.31763669587137E+00  0.77517707250000E-02  0.12451999136637E+01  0.33870000000000E-01  0.34981926158015E-01  0.12920000000000E-02  0.11387586844154E+00  0.73684000000000E-02  0.59154233574849E-01  0.12689397150891E-01  0.36959214822014E-05  0.10000000000000E-06  0.44104332543339E-05  0.10000000000000E-06  0.13474881543013E-05  0.10000000000000E-06  0.66672646276198E-06  0.10000000000000E-06  0.70999473792471E-06  0.10000000000000E-06  0.38106698756518E-05  0.10000000000000E-06  0.16292050082969E-05  0.10000000000000E-06  0.45985883212411E+00  0.99855746444263E+00

 -0.28827932709819E+05  0.67813607403468E+00  0.32186392596532E+00  0.30362469160869E+02  0.10383289052299E+04  0.58327900153057E+02  0.11522753912863E+01  0.86887079489220E+00  0.86887079489220E+00  0.77013547729082E+00  0.77013547729082E+00  0.69521058559205E-09  0.63335843637739E-03  0.28929448057222E-01  0.28929448057222E-01  0.89561001542014E-01  0.90044905484017E-01  0.35987642685242E-03  0.14111608722005E-02  0.74785021261095E-02  0.88670559991331E-02  0.14909032589598E-03  0.14909032589598E-03  0.19183590218540E-03  0.19183590218580E-03  0.61566986067428E-01  0.62915752318866E-01  0.51471360550057E-03  0.51471360550057E-03  0.00000000000000E+00  0.00000000000000E+00  0.79041106693949E-06  0.00000000000000E+00  0.00000000000000E+00  0.39520553346974E-06  0.00000000000000E+00  0.00000000000000E+00  0.83157787978759E-02  0.00000000000000E+00  0.31267226038554E-01  0.39520553346974E-06  0.83157787978759E-02  0.31267226038554E-01  0.44184619115095E+01  0.48020000000000E+00  0.31763210696605E+00  0.77516587349739E-02  0.12451999136637E+01  0.33870000000000E-01  0.34981926158015E-01  0.12920000000000E-02  0.11387586844154E+00  0.73684000000000E-02  0.59155057860273E-01  0.12689573971458E-01  0.36959214822014E-05  0.10000000000000E-06  0.44104332543339E-05  0.10000000000000E-06  0.13474881543013E-05  0.10000000000000E-06  0.66672646276198E-06  0.10000000000000E-06  0.70999473792471E-06  0.10000000000000E-06  0.38106698756518E-05  0.10000000000000E-06  0.16292050082969E-05  0.10000000000000E-06  0.45985876729357E+00  0.99855680241119E+00

 -0.31125394859002E+05  0.66118914873285E+00  0.33881085126715E+00  0.30453904903683E+02  0.10382917234186E+04  0.58272937075002E+02  0.11511934159686E+01  0.86804148736373E+00  0.86804148736373E+00  0.76940040925411E+00  0.76940040925411E+00  0.69958947030610E-09  0.64144117329622E-03  0.28901835886142E-01  0.28901835886142E-01  0.89479425383800E-01  0.89964295449629E-01  0.36062200902349E-03  0.14194920267968E-02  0.74724111166559E-02  0.88585834203847E-02  0.14894800023374E-03  0.14894800023374E-03  0.19199565957959E-03  0.19199565958011E-03  0.61509313956307E-01  0.62855689028665E-01  0.51499163078039E-03  0.51499163078039E-03  0.00000000000000E+00  0.00000000000000E+00  0.80201825227633E-06  0.00000000000000E+00  0.00000000000000E+00  0.40100912613816E-06  0.00000000000000E+00  0.00000000000000E+00  0.83177552738938E-02  0.00000000000000E+00  0.31274693425795E-01  0.40100912613816E-06  0.83177552738938E-02  0.31274693425795E-01  0.44184619115095E+01  0.48020000000000E+00  0.31762720381091E+00  0.77515390758320E-02  0.12451999136637E+01  0.33870000000000E-01  0.34981926158015E-01  0.12920000000000E-02  0.11387586844154E+00  0.73684000000000E-02  0.59155929636149E-01  0.12689760979380E-01  0.36959214822014E-05  0.10000000000000E-06  0.44104332543339E-05  0.10000000000000E-06  0.13474881543013E-05  0.10000000000000E-06  0.66672646276198E-06  0.10000000000000E-06  0.70999473792471E-06  0.10000000000000E-06  0.38106698756518E-05  0.10000000000000E-06  0.16292050082969E-05  0.10000000000000E-06  0.45985869994479E+00  0.99855611466462E+00

 -0.33809032598991E+05  0.64300864835744E+00  0.35699135164256E+00  0.30559356299495E+02  0.10382845050399E+04  0.58262256706496E+02  0.11509855241167E+01  0.86787163393522E+00  0.86787163393522E+00  0.76924985735060E+00  0.76924985735060E+00  0.70491250612243E-09  0.65083642448636E-03  0.28896180539354E-01  0.28896180539354E-01  0.89465819027905E-01  0.89951975763298E-01  0.36149754842065E-03  0.14292352539857E-02  0.74719144282551E-02  0.88568131496386E-02  0.14891868863221E-03  0.14891868863221E-03  0.19212383525038E-03  0.19212383525038E-03  0.61498233054001E-01  0.62843325503042E-01  0.51530635476009E-03  0.51530635476009E-03  0.00000000000000E+00  0.00000000000000E+00  0.81578135814088E-06  0.00000000000000E+00  0.00000000000000E+00  0.40789067907044E-06  0.00000000000000E+00  0.00000000000000E+00  0.83199422709582E-02  0.00000000000000E+00  0.31282940584885E-01  0.40789067907044E-06  0.83199422709582E-02  0.31282940584885E-01  0.44184619115095E+01  0.48020000000000E+00  0.31762215839702E+00  0.77514159449335E-02  0.12451999136637E+01  0.33870000000000E-01  0.34981926158015E-01  0.12920000000000E-02  0.11387586844154E+00  0.73684000000000E-02  0.59156588170993E-01  0.12689902244167E-01  0.36959214822014E-05  0.10000000000000E-06  0.44104332543339E-05  0.10000000000000E-06  0.13474881543013E-05  0.10000000000000E-06  0.66672646276198E-06  0.10000000000000E-06  0.70999473792471E-06  0.10000000000000E-06  0.38106698756518E-05  0.10000000000000E-06  0.16292050082969E-05  0.10000000000000E-06  0.45985868181090E+00  0.99855592948661E+00

 -0.37023351115367E+05  0.62322064388539E+00  0.37677935611461E+00  0.30679976666194E+02  0.10383506911042E+04  0.58360054313738E+02  0.11529183436792E+01  0.86931918508558E+00  0.86931918508558E+00  0.77053291404415E+00  0.77053291404415E+00  0.71150977798456E-09  0.66160380519080E-03  0.28944377415459E-01  0.28944377415459E-01  0.89618118637774E-01  0.90106070246243E-01  0.36251714200579E-03  0.14404916831914E-02  0.74850148655785E-02  0.88715307112452E-02  0.14916601891506E-03  0.14916601891506E-03  0.19215521389864E-03  0.19215521389947E-03  0.61601348048699E-01  0.62948052843900E-01  0.51565976669913E-03  0.51565976669913E-03  0.00000000000000E+00  0.00000000000000E+00  0.83203191754447E-06  0.00000000000000E+00  0.00000000000000E+00  0.41601595877223E-06  0.00000000000000E+00  0.00000000000000E+00  0.83223394737528E-02  0.00000000000000E+00  0.31291967495360E-01  0.41601595877223E-06  0.83223394737528E-02  0.31291967495360E-01  0.44184619115095E+01  0.48020000000000E+00  0.31761718359775E+00  0.77512945373510E-02  0.12451999136637E+01  0.33870000000000E-01  0.34981926158015E-01  0.12920000000000E-02  0.11387586844154E+00  0.73684000000000E-02  0.59157861425555E-01  0.12690175374792E-01  0.36959214822014E-05  0.10000000000000E-06  0.44104332543339E-05  0.10000000000000E-06  0.13474881543013E-05  0.10000000000000E-06  0.66672646276198E-06  0.10000000000000E-06  0.70999473792471E-06  0.10000000000000E-06  0.38106698756518E-05  0.10000000000000E-06  0.16292050082969E-05  0.10000000000000E-06  0.45985853008786E+00  0.99855438013598E+00

 -0.41020394368095E+05  0.60117869290370E+00  0.39882130709630E+00  0.30816265205220E+02  0.10385800610227E+04  0.58699104399007E+02  0.11596115644135E+01  0.87436571980381E+00  0.87436571980381E+00  0.77500597884793E+00  0.77500597884793E+00  0.71994951739674E-09  0.67365269784276E-03  0.29112404102242E-01  0.29112404102242E-01  0.90138834825826E-01  0.90629445952514E-01  0.36369030822440E-03  0.14532378996345E-02  0.75282483555847E-02  0.89229843785496E-02  0.15002588485686E-03  0.15002588485686E-03  0.19195388475250E-03  0.19195388475250E-03  0.61958470601933E-01  0.63313403135001E-01  0.51605262604512E-03  0.51605262604512E-03  0.00000000000000E+00  0.00000000000000E+00  0.85110374972062E-06  0.00000000000000E+00  0.00000000000000E+00  0.42555187486031E-06  0.00000000000000E+00  0.00000000000000E+00  0.83249444137626E-02  0.00000000000000E+00  0.31301766536039E-01  0.42555187486031E-06  0.83249444137626E-02  0.31301766536039E-01  0.44184619115095E+01  0.48020000000000E+00  0.31761237691964E+00  0.77511772326846E-02  0.12451999136637E+01  0.33870000000000E-01  0.34981926158015E-01  0.12920000000000E-02  0.11387586844154E+00  0.73684000000000E-02  0.59158798481525E-01  0.12690376386193E-01  0.36959214822014E-05  0.10000000000000E-06  0.44104332543339E-05  0.10000000000000E-06  0.13474881543013E-05  0.10000000000000E-06  0.66672646276198E-06  0.10000000000000E-06  0.70999473792471E-06  0.10000000000000E-06  0.38106698756518E-05  0.10000000000000E-06  0.16292050082969E-05  0.10000000000000E-06  0.45985844638112E+00  0.99855352534862E+00

 -0.46301990414691E+05  0.57563831465050E+00  0.42436168534950E+00  0.30967838447467E+02  0.10391410079476E+04  0.59528959973495E+02  0.11759887127072E+01  0.88673616823546E+00  0.88673616823546E+00  0.78597069407460E+00  0.78597069407460E+00  0.73116330362987E-09  0.68658706275519E-03  0.29524283944287E-01  0.29524283944287E-01  0.91408551279014E-01  0.91903319426025E-01  0.36500509479375E-03  0.14671628336031E-02  0.76325675665988E-02  0.90491582257419E-02  0.15211747883824E-03  0.15211747883824E-03  0.19126520954358E-03  0.19126520954491E-03  0.62832254136447E-01  0.64209078499219E-01  0.51648401816790E-03  0.51648401816790E-03  0.00000000000000E+00  0.00000000000000E+00  0.87321980124453E-06  0.00000000000000E+00  0.00000000000000E+00  0.43660990062227E-06  0.00000000000000E+00  0.00000000000000E+00  0.83277515075119E-02  0.00000000000000E+00  0.31312319186448E-01  0.43660990062227E-06  0.83277515075119E-02  0.31312319186448E-01  0.44184619115095E+01  0.48020000000000E+00  0.31760820911280E+00  0.77510755193642E-02  0.12451999136637E+01  0.33870000000000E-01  0.34981926158015E-01  0.12920000000000E-02  0.11387586844154E+00  0.73684000000000E-02  0.59160609182861E-01  0.12690764806547E-01  0.36959214822014E-05  0.10000000000000E-06  0.44104332543339E-05  0.10000000000000E-06  0.13474881543013E-05  0.10000000000000E-06  0.66672646276198E-06  0.10000000000000E-06  0.70999473792471E-06  0.10000000000000E-06  0.38106698756518E-05  0.10000000000000E-06  0.16292050082969E-05  0.10000000000000E-06  0.45985815967409E+00  0.99855059759002E+00

 -0.54052196089280E+05  0.54393534458470E+00  0.45606465541530E+00  0.31133381967456E+02  0.10403553574766E+04  0.61328681031940E+02  0.12115002020301E+01  0.91358161990558E+00  0.91358161990558E+00  0.80976552336002E+00  0.80976552336002E+00  0.74679722378432E-09  0.69956471181483E-03  0.30418116394577E-01  0.30418116394577E-01  0.94157857207124E-01  0.94659498844726E-01  0.36641201963291E-03  0.14815535046080E-02  0.78570306922145E-02  0.93228627759586E-02  0.15658554645854E-03  0.15658554645854E-03  0.18960781070537E-03  0.18960781070726E-03  0.64726548699002E-01  0.66152715906055E-01  0.51695108853644E-03  0.51695108853644E-03  0.00000000000000E+00  0.00000000000000E+00  0.89855198354762E-06  0.00000000000000E+00  0.00000000000000E+00  0.44927599177381E-06  0.00000000000000E+00  0.00000000000000E+00  0.83307489947518E-02  0.00000000000000E+00  0.31323585075697E-01  0.44927599177381E-06  0.83307489947518E-02  0.31323585075697E-01  0.44184619115095E+01  0.48020000000000E+00  0.31760528426090E+00  0.77510041397609E-02  0.12451999136637E+01  0.33870000000000E-01  0.34981926158015E-01  0.12920000000000E-02  0.11387586844154E+00  0.73684000000000E-02  0.59162763863510E-01  0.12691227015198E-01  0.36959214822014E-05  0.10000000000000E-06  0.44104332543339E-05  0.10000000000000E-06  0.13474881543013E-05  0.10000000000000E-06  0.66672646276198E-06  0.10000000000000E-06  0.70999473792471E-06  0.10000000000000E-06  0.38106698756518E-05  0.10000000000000E-06  0.16292050082969E-05  0.10000000000000E-06  0.45985776884504E+00  0.99854660658423E+00

 -0.67620790368514E+05  0.50018430466332E+00  0.49981569533668E+00  0.31311764398222E+02  0.10430734819326E+04  0.65373100620604E+02  0.12912893256010E+01  0.97393245841917E+00  0.97393245841917E+00  0.86325829368424E+00  0.86325829368424E+00  0.77081457285980E-09  0.71056248699243E-03  0.32427531033495E-01  0.32427531033495E-01  0.10033092088286E+00  0.10084543499892E+00  0.36769697158092E-03  0.14946236242970E-02  0.83573464839437E-02  0.99376065479764E-02  0.16641220013807E-03  0.16641220013807E-03  0.18573743869739E-03  0.18573743869739E-03  0.68980730492421E-01  0.70521588126160E-01  0.51745046766747E-03  0.51745046766747E-03  0.00000000000000E+00  0.00000000000000E+00  0.92732159251320E-06  0.00000000000000E+00  0.00000000000000E+00  0.46366079625660E-06  0.00000000000000E+00  0.00000000000000E+00  0.83339112006842E-02  0.00000000000000E+00  0.31335473883910E-01  0.46366079625660E-06  0.83339112006842E-02  0.31335473883910E-01  0.44184619115095E+01  0.48020000000000E+00  0.31760323918700E+00  0.77509542307164E-02  0.12451999136637E+01  0.33870000000000E-01  0.34981926158015E-01  0.12920000000000E-02  0.11387586844154E+00  0.73684000000000E-02  0.59166210070158E-01  0.12691966273949E-01  0.36959214822014E-05  0.10000000000000E-06  0.44104332543339E-05  0.10000000000000E-06  0.13474881543013E-05  0.10000000000000E-06  0.66672646276198E-06  0.10000000000000E-06  0.70999473792471E-06  0.10000000000000E-06  0.38106698756518E-05  0.10000000000000E-06  0.16292050082969E-05  0.10000000000000E-06  0.45985707949533E+00  0.99853956722896E+00

 -0.98119124196020E+05  0.43360116734131E+00  0.56639883265869E+00  0.31508804879316E+02  0.10503005807476E+04  0.76235065463124E+02  0.15055002934902E+01  0.11360500900902E+01  0.11360500900902E+01  0.10069533541542E+01  0.10069533541542E+01  0.81493353102163E-09  0.71460134911046E-03  0.37825349263342E-01  0.37825349263341E-01  0.11690130546271E+00  0.11744708998501E+00  0.36749399231773E-03  0.15017280953658E-02  0.96811090455764E-02  0.11587042773251E-01  0.19236783236538E-03  0.19236783236538E-03  0.17545852165159E-03  0.17545852165706E-03  0.80388124350116E-01  0.82255437474506E-01  0.51798925720261E-03  0.51798925720261E-03  0.00000000000000E+00  0.00000000000000E+00  0.96079671427555E-06  0.00000000000000E+00  0.00000000000000E+00  0.48039835713777E-06  0.00000000000000E+00  0.00000000000000E+00  0.83371898118215E-02  0.00000000000000E+00  0.31347814030303E-01  0.48039835713777E-06  0.83371898118215E-02  0.31347814030303E-01  0.44184619115095E+01  0.48020000000000E+00  0.31759516216526E+00  0.77507571148874E-02  0.12451999136637E+01  0.33870000000000E-01  0.34981926158015E-01  0.12920000000000E-02  0.11387586844154E+00  0.73684000000000E-02  0.59175788514552E-01  0.12694020982085E-01  0.36959214822014E-05  0.10000000000000E-06  0.44104332543339E-05  0.10000000000000E-06  0.13474881543013E-05  0.10000000000000E-06  0.66672646276198E-06  0.10000000000000E-06  0.70999473792471E-06  0.10000000000000E-06  0.38106698756518E-05  0.10000000000000E-06  0.16292050082969E-05  0.10000000000000E-06  0.45985522190303E+00  0.99852059849115E+00

 -0.18601945657557E+06  0.33734202955039E+00  0.66265797044961E+00  0.31759276845044E+02  0.10699808506048E+04  0.10662761499937E+03  0.21042302510466E+01  0.15897235332675E+01  0.15897235332675E+01  0.14090723243940E+01  0.14090723243940E+01  0.89285352911976E-09  0.71274025845195E-03  0.52930845653545E-01  0.52930845653545E-01  0.16325247127813E+00  0.16388988925931E+00  0.35568797264791E-03  0.15001533492623E-02  0.13221478846137E-01  0.16190750883767E-01  0.26079365482908E-03  0.26079365482908E-03  0.14938431160460E-03  0.14938431160460E-03  0.11214572468275E+00  0.11507873934723E+00  0.51862425544566E-03  0.51862425544566E-03  0.00000000000000E+00  0.00000000000000E+00  0.10040516577734E-05  0.00000000000000E+00  0.00000000000000E+00  0.50202582888668E-06  0.00000000000000E+00  0.00000000000000E+00  0.83405422194237E-02  0.00000000000000E+00  0.31360460359990E-01  0.50202582888668E-06  0.83405422194237E-02  0.31360460359990E-01  0.44203021705314E+01  0.48040000000000E+00  0.33632055107251E+00  0.82077412210444E-02  0.12451999136637E+01  0.33870000000000E-01  0.34981926158015E-01  0.12920000000000E-02  0.11387586844154E+00  0.73684000000000E-02  0.55952470539022E-01  0.12002574918747E-01  0.36959214822014E-05  0.10000000000000E-06  0.44104332543339E-05  0.10000000000000E-06  0.13474881543013E-05  0.10000000000000E-06  0.66672646276198E-06  0.10000000000000E-06  0.70999473792471E-06  0.10000000000000E-06  0.38106698756518E-05  0.10000000000000E-06  0.16292050082969E-05  0.10000000000000E-06  0.45984968386021E+00  0.99846404895229E+00

 -0.44353619394612E+06  0.23888510330940E+00  0.76111489669060E+00  0.32128410849255E+02  0.11063999933375E+04  0.16618541691912E+03  0.32738114267705E+01  0.24792872016052E+01  0.24792872016052E+01  0.21975455997700E+01  0.21975455997700E+01  0.96467250184718E-09  0.76593928376420E-03  0.82550580971553E-01  0.82550580971553E-01  0.25408864620781E+00  0.25495868223447E+00  0.30204331113645E-03  0.15352021297664E-02  0.19094745875726E-01  0.25010264068646E-01  0.29677752495587E-03  0.29677752495634E-03  0.10896741654882E-03  0.10896741655178E-03  0.17334025840290E+00  0.17922460971534E+00  0.51947117711579E-03  0.51947117711579E-03  0.00000000000000E+00  0.00000000000000E+00  0.10679223239409E-05  0.00000000000000E+00  0.00000000000000E+00  0.53396116197046E-06  0.00000000000000E+00  0.00000000000000E+00  0.83440378638788E-02  0.00000000000000E+00  0.31373690386974E-01  0.53396116197046E-06  0.83440378638788E-02  0.31373690386974E-01  0.44203021705314E+01  0.48040000000000E+00  0.33625236718860E+00  0.82060772261657E-02  0.12451999136637E+01  0.33870000000000E-01  0.34981926158015E-01  0.12920000000000E-02  0.11387586844154E+00  0.73684000000000E-02  0.55983256474326E-01  0.12009178925529E-01  0.36959214822014E-05  0.10000000000000E-06  0.14578396533338E-04  0.33054341133068E-06  0.13474881543013E-05  0.10000000000000E-06  0.66672646276198E-06  0.10000000000000E-06  0.70999473792471E-06  0.10000000000000E-06  0.38106698756518E-05  0.10000000000000E-06  0.16292050082969E-05  0.10000000000000E-06  0.45984451330489E+00  0.99841125455526E+00

 -0.98312196875702E+06  0.17401601949244E+00  0.82598398050756E+00  0.32603497907814E+02  0.11456700330507E+04  0.23568169958384E+03  0.46295152775460E+01  0.35285223755870E+01  0.35285223755870E+01  0.31275348348598E+01  0.31275348348598E+01  0.98487207011779E-09  0.96689014131993E-03  0.11749114640019E+00  0.11749114640019E+00  0.36111490736829E+00  0.36240473799408E+00  0.21651704702858E-03  0.17156537204731E-02  0.20138599852201E-01  0.29902795208400E-01  0.27006554316502E-03  0.27006554319434E-03  0.75420761908762E-04  0.75420761979051E-04  0.23958941390032E+00  0.24933225963341E+00  0.52052224145253E-03  0.52052224145253E-03  0.00000000000000E+00  0.00000000000000E+00  0.11550736433985E-05  0.00000000000000E+00  0.00000000000000E+00  0.57753682169927E-06  0.00000000000000E+00  0.00000000000000E+00  0.83478924772261E-02  0.00000000000000E+00  0.31388322057804E-01  0.57753682169927E-06  0.83478924772261E-02  0.31388322057804E-01  0.44203021705314E+01  0.48040000000000E+00  0.33620076552416E+00  0.82048179123743E-02  0.12451999136637E+01  0.33870000000000E-01  0.34981926158015E-01  0.12920000000000E-02  0.11387586844154E+00  0.73684000000000E-02  0.56003452335603E-01  0.12013511215698E-01  0.36959214822014E-05  0.10000000000000E-06  0.27534811893248E-04  0.62431081722392E-06  0.38788823300987E-03  0.28786021737682E-04  0.66672646276198E-06  0.10000000000000E-06  0.70999473792471E-06  0.10000000000000E-06  0.38106698756518E-05  0.10000000000000E-06  0.16292050082969E-05  0.10000000000000E-06  0.45981246053937E+00  0.99808403497116E+00

 -0.17901586993497E+07  0.13711868151060E+00  0.86288131848940E+00  0.33113493980702E+02  0.11793207746244E+04  0.29967312932360E+03  0.58742675940321E+01  0.45138458917962E+01  0.45138458917962E+01  0.40008409158016E+01  0.40008409158016E+01  0.97177334959629E-09  0.13429667032520E-02  0.15031964110524E+00  0.15031964110524E+00  0.46135758239472E+00  0.46326889402616E+00  0.14307253325136E-03  0.21155355384822E-02  0.14217431241421E-01  0.25192968988834E-01  0.24384122555181E-03  0.24384122555181E-03  0.53659614264219E-04  0.53659614264219E-04  0.29471754376540E+00  0.30568201412970E+00  0.52167597985030E-03  0.52167597985030E-03  0.00000000000000E+00  0.00000000000000E+00  0.12570287049108E-05  0.00000000000000E+00  0.00000000000000E+00  0.62851435245538E-06  0.00000000000000E+00  0.00000000000000E+00  0.83524156699883E-02  0.00000000000000E+00  0.31405510012407E-01  0.62851435245538E-06  0.83524156699883E-02  0.31405510012407E-01  0.44203021705314E+01  0.48040000000000E+00  0.33618307479010E+00  0.82043861785217E-02  0.12451999136637E+01  0.33870000000000E-01  0.34981926158015E-01  0.12920000000000E-02  0.11387586844154E+00  0.73684000000000E-02  0.56011072065512E-01  0.12015145752622E-01  0.36959214822014E-05  0.10000000000000E-06  0.35724571150555E-04  0.81000140100635E-06  0.12019505922684E-02  0.89199343862994E-04  0.66672646276198E-06  0.10000000000000E-06  0.70999473792471E-06  0.10000000000000E-06  0.38106698756518E-05  0.10000000000000E-06  0.16292050082969E-05  0.10000000000000E-06  0.45975065872359E+00  0.99745339540555E+00

 -0.27333191633267E+07  0.11591134084625E+00  0.88408865915376E+00  0.33546210041525E+02  0.12037496883667E+04  0.34852020452155E+03  0.68277596166941E+01  0.52732603778339E+01  0.52732603778339E+01  0.46731693689805E+01  0.46731693689805E+01  0.94753811928428E-09  0.18072348892522E-02  0.17586537559630E+00  0.17586537559630E+00  0.53829164314641E+00  0.54090900167434E+00  0.99152407322572E-04  0.26479519470181E-02  0.86192650987580E-02  0.18410555839983E-01  0.22322661068258E-03  0.22322661055029E-03  0.41337239893956E-04  0.41337239789205E-04  0.33568582465141E+00  0.34547160362750E+00  0.52276524418479E-03  0.52276524418479E-03  0.00000000000000E+00  0.00000000000000E+00  0.13489961833678E-05  0.00000000000000E+00  0.00000000000000E+00  0.67449809168390E-06  0.00000000000000E+00  0.00000000000000E+00  0.83579972556406E-02  0.00000000000000E+00  0.31426682624197E-01  0.67449809168390E-06  0.83579972556406E-02  0.31426682624197E-01  0.44377846312392E+01  0.48230000000000E+00  0.44967214359170E+00  0.10974032294914E-01  0.12451999136637E+01  0.33870000000000E-01  0.34981926158015E-01  0.12920000000000E-02  0.11387586844154E+00  0.73684000000000E-02  0.31855257040550E-01  0.68333910102949E-02  0.36959214822014E-05  0.10000000000000E-06  0.40686000969649E-04  0.92249442681553E-06  0.18249040095786E-02  0.13543005953361E-03  0.66672646276198E-06  0.10000000000000E-06  0.70999473792471E-06  0.10000000000000E-06  0.38106698756518E-05  0.10000000000000E-06  0.16292050082969E-05  0.10000000000000E-06  0.45969642414083E+00  0.99690027883419E+00

 -0.40212139677222E+07  0.99462294133067E-01  0.90053770586693E+00  0.33760633504954E+02  0.12147993219770E+04  0.37099987193780E+03  0.72866862927286E+01  0.56055705576307E+01  0.56055705576307E+01  0.49343451305660E+01  0.49343451305660E+01  0.94593379308033E-09  0.21083040183519E-02  0.19680907485821E+00  0.19680907485821E+00  0.58916263290319E+00  0.59222057322915E+00  0.83116229823326E-04  0.30024963390024E-02  0.80644508446950E-02  0.19209994055867E-01  0.21395148981596E-03  0.21395148981596E-03  0.36807086285390E-04  0.36807086285390E-04  0.36113684998139E+00  0.37227776416635E+00  0.52358388041401E-03  0.52358388041401E-03  0.00000000000000E+00  0.00000000000000E+00  0.13988169236036E-05  0.00000000000000E+00  0.00000000000000E+00  0.69940846180182E-06  0.00000000000000E+00  0.00000000000000E+00  0.83652021711077E-02  0.00000000000000E+00  0.31453905288414E-01  0.69940846180182E-06  0.83652021711077E-02  0.31453905288414E-01  0.44377846312392E+01  0.48230000000000E+00  0.44938886879374E+00  0.10967119109774E-01  0.12451999136637E+01  0.33870000000000E-01  0.34580039280902E-01  0.12771569681188E-02  0.11387586844154E+00  0.73684000000000E-02  0.31991679019429E-01  0.68626554021310E-02  0.10068376702738E-01  0.27241857683462E-03  0.40619030232050E-04  0.92097596516480E-06  0.23321656658019E-02  0.17307504027827E-03  0.66672646276198E-06  0.10000000000000E-06  0.70999473792471E-06  0.10000000000000E-06  0.38106698756518E-05  0.10000000000000E-06  0.16292050082969E-05  0.10000000000000E-06  0.45937895392690E+00  0.99366824452931E+00

 -0.85683476925054E+07  0.73747609087736E-01  0.92625239091226E+00  0.33637069181902E+02  0.12029861715406E+04  0.34319269825261E+03  0.69006280341764E+01  0.50860769676143E+01  0.50860769675924E+01  0.42930715281223E+01  0.42930715281004E+01  0.10596262007589E-08  0.19203937031395E-02  0.23281084723679E+00  0.23281084723679E+00  0.65260348690155E+00  0.65534188256972E+00  0.10390043922798E-03  0.27730521937329E-02  0.10259381341132E-01  0.22628531783561E-01  0.22728207755964E-03  0.22728207390098E-03  0.43241371686958E-04  0.43241368898656E-04  0.38371450699265E+00  0.39607822505325E+00  0.52398039745745E-03  0.52398039745745E-03  0.00000000000000E+00  0.00000000000000E+00  0.13842714980502E-05  0.00000000000000E+00  0.00000000000000E+00  0.69213574902511E-06  0.00000000000000E+00  0.00000000000000E+00  0.83748972393578E-02  0.00000000000000E+00  0.31490404001981E-01  0.69213574902511E-06  0.83748972393578E-02  0.31490404001981E-01  0.44451456673266E+01  0.48310000000000E+00  0.50146973615791E+00  0.12238127617965E-01  0.12451999136637E+01  0.33870000000000E-01  0.33154129345293E-01  0.12244933260859E-02  0.11387586844154E+00  0.73684000000000E-02  0.21604553284853E-01  0.46344739899672E-02  0.64613346093081E-01  0.17482337328929E-02  0.40806304508707E-04  0.92522213024331E-06  0.37618267604881E-02  0.27917327128108E-03  0.66672646276198E-06  0.10000000000000E-06  0.70999473792471E-06  0.10000000000000E-06  0.38106698756518E-05  0.10000000000000E-06  0.16292050082969E-05  0.10000000000000E-06  0.45769687283968E+00  0.97670552079439E+00

 -0.12454930061864E+08  0.63636842562754E-01  0.93636315743725E+00  0.33140489316547E+02  0.11685393844086E+04  0.27598601074747E+03  0.55482054872346E+01  0.41172299275167E+01  0.41172299275167E+01  0.34571240704597E+01  0.34571240704597E+01  0.12709022571946E-08  0.17198272230440E-02  0.19432435909124E+00  0.19432435909124E+00  0.52253059053341E+00  0.52465566947685E+00  0.17473030813708E-03  0.24968094253697E-02  0.92879234165436E-02  0.15724705204030E-01  0.25521603929913E-03  0.25521603929913E-03  0.61649746587442E-04  0.61649746587442E-04  0.29942366667366E+00  0.30585331591376E+00  0.52399199936637E-03  0.52399199936637E-03  0.00000000000000E+00  0.00000000000000E+00  0.18469206817959E-05  0.00000000000000E+00  0.00000000000000E+00  0.92346034089796E-06  0.00000000000000E+00  0.00000000000000E+00  0.83886599356587E-02  0.00000000000000E+00  0.31542156865508E-01  0.92346034089796E-06  0.83886599356587E-02  0.31542156865508E-01  0.44451456673266E+01  0.48310000000000E+00  0.31309040207041E+00  0.76408206123350E-02  0.12451999136637E+01  0.33870000000000E-01  0.32352951890636E-01  0.11949031523847E-02  0.11387586844154E+00  0.73684000000000E-02  0.59456013854075E-01  0.12754133173725E-01  0.60334472489801E-01  0.16324608837162E-02  0.53993695676593E-04  0.12242265682977E-05  0.42852956065449E-02  0.31802102251257E-03  0.66672646276198E-06  0.10000000000000E-06  0.70999473792471E-06  0.10000000000000E-06  0.38106698756518E-05  0.10000000000000E-06  0.16292050082969E-05  0.10000000000000E-06  0.45428073692876E+00  0.94307975384838E+00

 -0.11489243569645E+08  0.65692201807326E-01  0.93430779819267E+00  0.32303051638497E+02  0.11267961753989E+04  0.20179826296773E+03  0.39615731044749E+01  0.30561722383332E+01  0.30561722383332E+01  0.26989048305427E+01  0.26989048305427E+01  0.24476522206049E-08  0.37516465500168E-02  0.10571142361608E+00  0.10571142361608E+00  0.31330253640350E+00  0.31630232834109E+00  0.39117481805705E-03  0.47679734116474E-02  0.66348649680397E-02  0.90888791895559E-02  0.28239521274182E-03  0.28239521274182E-03  0.90649252362691E-04  0.90649252362691E-04  0.19430273631396E+00  0.19674342190934E+00  0.52383778724908E-03  0.52383778724908E-03  0.00000000000000E+00  0.00000000000000E+00  0.10842076719044E-04  0.00000000000000E+00  0.00000000000000E+00  0.54210383595220E-05  0.00000000000000E+00  0.00000000000000E+00  0.84091613189795E-02  0.00000000000000E+00  0.31619325243066E-01  0.54210383595220E-05  0.84091613189795E-02  0.31619325243066E-01  0.44451456673266E+01  0.48310000000000E+00  0.97857220487442E-03  0.23881583798857E-04  0.12451999136637E+01  0.33870000000000E-01  0.32925986895322E-01  0.12160672593213E-02  0.11387586844154E+00  0.73684000000000E-02  0.12196280793850E+00  0.26162700690073E-01  0.36959214822014E-05  0.10000000000000E-06  0.86933246931881E-04  0.19710817944350E-05  0.30988829843912E-02  0.22997478489879E-03  0.66672646276198E-06  0.10000000000000E-06  0.70999473792471E-06  0.10000000000000E-06  0.38106698756518E-05  0.10000000000000E-06  0.16292050082969E-05  0.10000000000000E-06  0.45018760460011E+00  0.90420222275162E+00

 -0.17216013398741E+08  0.56028300225465E-01  0.94397169977454E+00  0.31258731011177E+02  0.10442164476039E+04  0.67183331644027E+02  0.13228946694392E+01  0.99072316832696E+00  0.99072316832696E+00  0.88321395253726E+00  0.88321395253726E+00  0.25847538619411E-08  0.47266634332473E-02  0.32414474649314E-01  0.32414474649314E-01  0.10033310498250E+00  0.10190982082925E+00  0.69438239635165E-03  0.61177183911648E-02  0.10968618229797E-01  0.13131198976928E-01  0.32784962739422E-03  0.32784962739422E-03  0.18653524372897E-03  0.18653524372897E-03  0.71679944281477E-01  0.73747137711335E-01  0.52398410929130E-03  0.52398410929130E-03  0.00000000000000E+00  0.00000000000000E+00  0.19342544807205E-04  0.00000000000000E+00  0.00000000000000E+00  0.96712724036024E-05  0.00000000000000E+00  0.00000000000000E+00  0.84402806275494E-02  0.00000000000000E+00  0.31736662597308E-01  0.96712724036024E-05  0.84402806275494E-02  0.31736662597308E-01  0.44580274804797E+01  0.48450000000000E+00  0.40976017885432E-05  0.10000000000000E-06  0.12451999136637E+01  0.33870000000000E-01  0.34686575015414E-01  0.12810916905342E-02  0.11387586844154E+00  0.73684000000000E-02  0.11965651198812E+00  0.25667968470699E-01  0.36959214822014E-05  0.10000000000000E-06  0.24583579657669E-04  0.55739602528872E-06  0.17729238272003E-03  0.13157249817306E-04  0.66672646276198E-06  0.10000000000000E-06  0.70999473792471E-06  0.10000000000000E-06  0.38106698756518E-05  0.10000000000000E-06  0.16292050082969E-05  0.10000000000000E-06  0.44896942519292E+00  0.89292078054118E+00

 -0.13620692521708E+06  0.38145474217930E+00  0.61854525782070E+00  0.28225390319107E+02  0.99758501822212E+03  0.69562231158935E+00  0.14434352782810E-01  0.75070000000000E-02  0.75070000000000E-02  0.75070000000000E-02  0.75070000000000E-02  0.13918672861566E-05  0.54720897258079E-04  0.15360000000000E-03  0.15360000000000E-03  0.74097275525949E-03  0.74100000028951E-03  0.27891055358956E-09  0.29344135987597E-04  0.93343167678745E-03  0.10490010100577E-02  0.10330000000000E-03  0.10330000000000E-03  0.26464308216433E-03  0.26464308216433E-03  0.17491201403032E-02  0.18648173375736E-02  0.52195689591399E-03  0.52195689591399E-03  0.00000000000000E+00  0.00000000000000E+00  0.29461001923172E-04  0.00000000000000E+00  0.00000000000000E+00  0.14730500961586E-04  0.00000000000000E+00  0.00000000000000E+00  0.84921321489418E-02  0.00000000000000E+00  0.31932071776093E-01  0.14337099371997E-04  0.82653361768118E-02  0.31079274724238E-01  0.44580274804797E+01  0.48450000000000E+00  0.59988890184272E+00  0.14640000000000E-01  0.12451999136637E+01  0.33870000000000E-01  0.34981926158015E-01  0.12920000000000E-02  0.11387586844154E+00  0.73684000000000E-02  0.46617055854931E-06  0.10000000000000E-06  0.36959214822014E-05  0.10000000000000E-06  0.44104332543339E-05  0.10000000000000E-06  0.13474881543013E-05  0.10000000000000E-06  0.66672646276198E-06  0.10000000000000E-06  0.70999473792471E-06  0.10000000000000E-06  0.38106698756518E-05  0.10000000000000E-06  0.16292050082969E-05  0.10000000000000E-06  0.46000000000000E+00  0.10000000000000E+01

