title = "dataset c2b"
variables = "time", "actual water flux top", "actual water flux bottom", "cumulative water flux top", "cumulative water flux bottom" 
zone t = "mass balance -  variably saturated flow", f=point
0.25	3.22E-03	3.17E-03	-8.04E-02	-7.92E-02
0.5	3.22E-03	3.17E-03	-1.61E-01	-1.58E-01
0.75	3.22E-03	3.17E-03	-2.41E-01	-2.38E-01
1	3.22E-03	3.17E-03	-3.22E-01	-3.17E-01
1.25	1.07E-16	3.17E-03	-3.22E-01	-3.96E-01
1.5	6.25E-18	3.17E-03	-3.22E-01	-4.75E-01
1.75	0.00E+00	3.17E-03	-3.22E-01	-5.55E-01
2	7.50E-17	3.15E-03	-3.22E-01	-6.34E-01
2.25	1.28E-04	3.13E-03	-3.25E-01	-7.12E-01
2.5	1.28E-04	3.09E-03	-3.28E-01	-7.90E-01
2.75	1.28E-04	3.03E-03	-3.31E-01	-8.66E-01
3	1.28E-04	3.00E-03	-3.34E-01	-9.42E-01
3.25	1.44E-03	2.96E-03	-3.70E-01	-1.02E+00
3.5	1.44E-03	2.92E-03	-4.06E-01	-1.09E+00
3.75	1.44E-03	2.88E-03	-4.42E-01	-1.16E+00
4	1.44E-03	2.84E-03	-4.78E-01	-1.23E+00
4.25	3.14E-03	2.80E-03	-5.57E-01	-1.30E+00
4.5	3.14E-03	2.76E-03	-6.35E-01	-1.37E+00
4.75	3.14E-03	2.73E-03	-7.14E-01	-1.44E+00
5	3.14E-03	2.69E-03	-7.92E-01	-1.51E+00
5.25	2.22E-03	2.67E-03	-8.47E-01	-1.58E+00
5.5	2.22E-03	2.65E-03	-9.03E-01	-1.64E+00
5.75	2.22E-03	2.63E-03	-9.58E-01	-1.71E+00
6	2.22E-03	2.61E-03	-1.01E+00	-1.77E+00
6.25	0.00E+00	2.72E-03	-1.01E+00	-1.84E+00
6.5	0.00E+00	2.71E-03	-1.01E+00	-1.90E+00
6.75	0.00E+00	2.70E-03	-1.00E+00	-1.97E+00
7	0.00E+00	2.69E-03	-1.00E+00	-2.03E+00
7.25	3.27E-03	2.55E-03	-1.08E+00	-2.10E+00
7.5	3.27E-03	2.53E-03	-1.17E+00	-2.16E+00
7.75	3.27E-03	2.51E-03	-1.25E+00	-2.22E+00
8	3.27E-03	2.49E-03	-1.33E+00	-2.29E+00
8.25	5.03E-03	2.46E-03	-1.45E+00	-2.35E+00
8.5	5.03E-03	2.45E-03	-1.58E+00	-2.41E+00
8.75	5.03E-03	2.43E-03	-1.71E+00	-2.47E+00
9	5.03E-03	2.43E-03	-1.83E+00	-2.53E+00
9.25	1.56E-03	2.43E-03	-1.87E+00	-2.59E+00
9.5	1.56E-03	2.44E-03	-1.91E+00	-2.65E+00
9.75	1.56E-03	2.46E-03	-1.95E+00	-2.71E+00
10	1.56E-03	2.47E-03	-1.99E+00	-2.78E+00
10.25	9.53E-03	2.49E-03	-2.23E+00	-2.84E+00
10.5	9.53E-03	2.50E-03	-2.46E+00	-2.90E+00
10.75	9.53E-03	2.51E-03	-2.70E+00	-2.96E+00
11	9.53E-03	2.53E-03	-2.94E+00	-3.03E+00
11.25	2.38E-02	2.57E-03	-3.54E+00	-3.09E+00
11.5	2.38E-02	2.63E-03	-4.13E+00	-3.15E+00
11.75	2.38E-02	2.74E-03	-4.73E+00	-3.22E+00
12	2.38E-02	2.95E-03	-5.32E+00	-3.29E+00
12.25	0.00E+00	3.58E-03	-5.32E+00	-3.37E+00
12.5	0.00E+00	4.31E-03	-5.31E+00	-3.46E+00
12.75	0.00E+00	4.87E-03	-5.31E+00	-3.58E+00
13	0.00E+00	5.21E-03	-5.30E+00	-3.70E+00
13.25	8.34E-03	5.31E-03	-5.51E+00	-3.83E+00
13.5	8.34E-03	5.42E-03	-5.72E+00	-3.96E+00
13.75	8.34E-03	5.45E-03	-5.93E+00	-4.10E+00
14	8.34E-03	5.48E-03	-6.14E+00	-4.23E+00
14.25	5.39E-03	5.55E-03	-6.27E+00	-4.37E+00
14.5	5.39E-03	5.65E-03	-6.41E+00	-4.51E+00
14.75	5.39E-03	5.73E-03	-6.54E+00	-4.65E+00
15	5.39E-03	5.79E-03	-6.68E+00	-4.80E+00
15.25	1.06E-03	5.83E-03	-6.70E+00	-4.94E+00
15.5	1.06E-03	5.83E-03	-6.73E+00	-5.09E+00
15.75	1.06E-03	5.79E-03	-6.76E+00	-5.24E+00
16	1.06E-03	5.70E-03	-6.78E+00	-5.38E+00
16.25	1.42E-04	5.56E-03	-6.79E+00	-5.52E+00
16.5	1.42E-04	5.40E-03	-6.79E+00	-5.66E+00
16.75	1.42E-04	5.21E-03	-6.79E+00	-5.79E+00
17	1.42E-04	5.01E-03	-6.80E+00	-5.92E+00
17.25	8.10E-04	4.89E-03	-6.82E+00	-6.04E+00
17.5	8.10E-04	4.76E-03	-6.84E+00	-6.16E+00
17.75	8.10E-04	4.64E-03	-6.86E+00	-6.28E+00
18	8.10E-04	4.51E-03	-6.88E+00	-6.39E+00
18.25	1.79E-02	4.39E-03	-7.32E+00	-6.50E+00
18.5	1.79E-02	4.27E-03	-7.77E+00	-6.61E+00
18.75	1.79E-02	4.20E-03	-8.22E+00	-6.72E+00
19	1.79E-02	4.23E-03	-8.67E+00	-6.82E+00
19.25	0.00E+00	4.53E-03	-8.66E+00	-6.93E+00
19.5	0.00E+00	4.80E-03	-8.66E+00	-7.04E+00
19.75	0.00E+00	5.03E-03	-8.66E+00	-7.16E+00
20	0.00E+00	5.17E-03	-8.65E+00	-7.29E+00
20.25	0.00E+00	5.12E-03	-8.65E+00	-7.42E+00
20.5	0.00E+00	5.11E-03	-8.65E+00	-7.54E+00
20.75	0.00E+00	5.01E-03	-8.65E+00	-7.67E+00
21	1.26E-17	4.93E-03	-8.65E+00	-7.79E+00
21.25	3.21E-03	4.83E-03	-8.73E+00	-7.92E+00
21.5	3.21E-03	4.71E-03	-8.81E+00	-8.04E+00
21.75	3.21E-03	4.60E-03	-8.89E+00	-8.15E+00
22	3.21E-03	4.50E-03	-8.97E+00	-8.27E+00
22.25	0.00E+00	4.44E-03	-8.97E+00	-8.38E+00
22.5	0.00E+00	4.36E-03	-8.97E+00	-8.49E+00
22.75	0.00E+00	4.28E-03	-8.97E+00	-8.59E+00
23	0.00E+00	4.20E-03	-8.97E+00	-8.70E+00
23.25	2.14E-03	4.07E-03	-9.02E+00	-8.80E+00
23.5	2.14E-03	3.98E-03	-9.08E+00	-8.90E+00
23.75	2.14E-03	3.88E-03	-9.13E+00	-9.00E+00
24	2.14E-03	3.79E-03	-9.18E+00	-9.10E+00
24.25	0.00E+00	3.70E-03	-9.18E+00	-9.19E+00
24.5	7.44E-18	3.62E-03	-9.18E+00	-9.28E+00
24.75	1.42E-17	3.54E-03	-9.18E+00	-9.37E+00
25	4.59E-17	3.46E-03	-9.18E+00	-9.46E+00
25.25	0.00E+00	3.50E-03	-9.18E+00	-9.54E+00
25.5	0.00E+00	3.42E-03	-9.18E+00	-9.63E+00
25.75	0.00E+00	3.33E-03	-9.17E+00	-9.71E+00
26	0.00E+00	3.24E-03	-9.17E+00	-9.79E+00
26.25	1.50E-03	3.02E-03	-9.21E+00	-9.86E+00
26.5	1.50E-03	2.97E-03	-9.25E+00	-9.94E+00
26.75	1.50E-03	2.92E-03	-9.28E+00	-1.00E+01
27	1.50E-03	2.87E-03	-9.32E+00	-1.01E+01
27.25	2.13E-03	2.82E-03	-9.37E+00	-1.02E+01
27.5	2.13E-03	2.78E-03	-9.43E+00	-1.02E+01
27.75	2.13E-03	2.74E-03	-9.48E+00	-1.03E+01
28	2.13E-03	2.70E-03	-9.53E+00	-1.04E+01
28.25	0.00E+00	2.76E-03	-9.53E+00	-1.04E+01
28.5	0.00E+00	2.73E-03	-9.53E+00	-1.05E+01
28.75	0.00E+00	2.71E-03	-9.53E+00	-1.06E+01
29	0.00E+00	2.68E-03	-9.52E+00	-1.06E+01
29.25	0.00E+00	2.75E-03	-9.52E+00	-1.07E+01
29.5	0.00E+00	2.72E-03	-9.51E+00	-1.08E+01
29.75	0.00E+00	2.69E-03	-9.51E+00	-1.08E+01
30	0.00E+00	2.66E-03	-9.50E+00	-1.09E+01
30.25	2.65E-03	2.42E-03	-9.57E+00	-1.09E+01
30.5	2.65E-03	2.39E-03	-9.64E+00	-1.10E+01
30.75	2.65E-03	2.35E-03	-9.70E+00	-1.11E+01
31	2.65E-03	2.31E-03	-9.77E+00	-1.11E+01
31.25	4.91E-03	2.27E-03	-9.89E+00	-1.12E+01
31.5	4.91E-03	2.24E-03	-1.00E+01	-1.12E+01
31.75	4.91E-03	2.22E-03	-1.01E+01	-1.13E+01
32	4.91E-03	2.20E-03	-1.03E+01	-1.13E+01
32.25	1.47E-02	2.18E-03	-1.06E+01	-1.14E+01
32.5	1.47E-02	2.18E-03	-1.10E+01	-1.14E+01
32.75	1.47E-02	2.19E-03	-1.14E+01	-1.15E+01
33	1.47E-02	2.23E-03	-1.17E+01	-1.16E+01
33.25	0.00E+00	2.66E-03	-1.17E+01	-1.16E+01
33.5	0.00E+00	2.79E-03	-1.17E+01	-1.17E+01
33.75	0.00E+00	2.93E-03	-1.17E+01	-1.17E+01
34	0.00E+00	3.07E-03	-1.17E+01	-1.18E+01
34.25	0.00E+00	3.73E-03	-1.17E+01	-1.19E+01
34.5	0.00E+00	3.81E-03	-1.16E+01	-1.19E+01
34.75	0.00E+00	3.85E-03	-1.16E+01	-1.20E+01
35	0.00E+00	3.87E-03	-1.16E+01	-1.21E+01
35.25	0.00E+00	3.47E-03	-1.16E+01	-1.22E+01
35.5	0.00E+00	3.46E-03	-1.16E+01	-1.22E+01
35.75	0.00E+00	3.43E-03	-1.16E+01	-1.23E+01
36	0.00E+00	3.40E-03	-1.16E+01	-1.24E+01
36.25	3.45E-04	2.85E-03	-1.16E+01	-1.25E+01
36.5	3.45E-04	2.80E-03	-1.16E+01	-1.25E+01
36.75	3.45E-04	2.76E-03	-1.16E+01	-1.26E+01
37	3.45E-04	2.71E-03	-1.16E+01	-1.27E+01
37.25	6.42E-03	2.66E-03	-1.17E+01	-1.27E+01
37.5	6.42E-03	2.62E-03	-1.19E+01	-1.28E+01
37.75	6.42E-03	2.57E-03	-1.21E+01	-1.29E+01
38	6.42E-03	2.53E-03	-1.22E+01	-1.29E+01
38.25	4.54E-03	2.51E-03	-1.23E+01	-1.30E+01
38.5	4.54E-03	2.49E-03	-1.25E+01	-1.31E+01
38.75	4.54E-03	2.49E-03	-1.26E+01	-1.31E+01
39	4.54E-03	2.51E-03	-1.27E+01	-1.32E+01
39.25	1.91E-04	2.53E-03	-1.27E+01	-1.32E+01
39.5	1.91E-04	2.55E-03	-1.27E+01	-1.33E+01
39.75	1.91E-04	2.58E-03	-1.27E+01	-1.34E+01
40	1.91E-04	2.60E-03	-1.27E+01	-1.34E+01
40.25	6.31E-03	2.62E-03	-1.29E+01	-1.35E+01
40.5	6.31E-03	2.63E-03	-1.30E+01	-1.36E+01
40.75	6.31E-03	2.63E-03	-1.32E+01	-1.36E+01
41	6.31E-03	2.63E-03	-1.33E+01	-1.37E+01
41.25	0.00E+00	2.82E-03	-1.33E+01	-1.38E+01
41.5	0.00E+00	2.84E-03	-1.33E+01	-1.38E+01
41.75	0.00E+00	2.86E-03	-1.33E+01	-1.39E+01
42	0.00E+00	2.88E-03	-1.33E+01	-1.40E+01
42.25	0.00E+00	2.89E-03	-1.33E+01	-1.40E+01
42.5	0.00E+00	2.89E-03	-1.33E+01	-1.41E+01
42.75	0.00E+00	2.88E-03	-1.33E+01	-1.42E+01
43	0.00E+00	2.87E-03	-1.33E+01	-1.42E+01
43.25	0.00E+00	2.87E-03	-1.33E+01	-1.43E+01
43.5	0.00E+00	2.84E-03	-1.33E+01	-1.44E+01
43.75	0.00E+00	2.81E-03	-1.33E+01	-1.44E+01
44	0.00E+00	2.77E-03	-1.33E+01	-1.45E+01
44.25	0.00E+00	2.75E-03	-1.33E+01	-1.46E+01
44.5	0.00E+00	2.71E-03	-1.33E+01	-1.46E+01
44.75	0.00E+00	2.67E-03	-1.33E+01	-1.47E+01
45	0.00E+00	2.63E-03	-1.33E+01	-1.47E+01
45.25	0.00E+00	2.55E-03	-1.33E+01	-1.48E+01
45.5	0.00E+00	2.51E-03	-1.32E+01	-1.49E+01
45.75	0.00E+00	2.47E-03	-1.32E+01	-1.49E+01
46	0.00E+00	2.42E-03	-1.32E+01	-1.50E+01
46.25	0.00E+00	2.35E-03	-1.32E+01	-1.50E+01
46.5	0.00E+00	2.31E-03	-1.32E+01	-1.51E+01
46.75	0.00E+00	2.26E-03	-1.32E+01	-1.51E+01
47	0.00E+00	2.22E-03	-1.32E+01	-1.52E+01
47.25	0.00E+00	2.23E-03	-1.32E+01	-1.52E+01
47.5	0.00E+00	2.19E-03	-1.32E+01	-1.53E+01
47.75	0.00E+00	2.14E-03	-1.32E+01	-1.53E+01
48	0.00E+00	2.10E-03	-1.32E+01	-1.54E+01
48.25	0.00E+00	1.93E-03	-1.32E+01	-1.54E+01
48.5	0.00E+00	1.89E-03	-1.32E+01	-1.55E+01
48.75	0.00E+00	1.85E-03	-1.32E+01	-1.55E+01
49	0.00E+00	1.82E-03	-1.32E+01	-1.56E+01
49.25	0.00E+00	2.07E-03	-1.32E+01	-1.56E+01
49.5	0.00E+00	2.04E-03	-1.32E+01	-1.57E+01
49.75	0.00E+00	2.02E-03	-1.32E+01	-1.57E+01
50	0.00E+00	2.00E-03	-1.32E+01	-1.57E+01
50.25	0.00E+00	2.04E-03	-1.31E+01	-1.58E+01
50.5	0.00E+00	2.01E-03	-1.31E+01	-1.58E+01
50.75	0.00E+00	1.99E-03	-1.31E+01	-1.59E+01
51	0.00E+00	1.97E-03	-1.31E+01	-1.59E+01
51.25	0.00E+00	1.90E-03	-1.31E+01	-1.59E+01
51.5	0.00E+00	1.88E-03	-1.31E+01	-1.60E+01
51.75	0.00E+00	1.86E-03	-1.31E+01	-1.60E+01
52	0.00E+00	1.84E-03	-1.31E+01	-1.61E+01
52.25	0.00E+00	1.82E-03	-1.31E+01	-1.61E+01
52.5	0.00E+00	1.80E-03	-1.31E+01	-1.61E+01
52.75	0.00E+00	1.78E-03	-1.31E+01	-1.62E+01
53	0.00E+00	1.77E-03	-1.31E+01	-1.62E+01
53.25	0.00E+00	1.72E-03	-1.30E+01	-1.62E+01
53.5	0.00E+00	1.71E-03	-1.30E+01	-1.63E+01
53.75	0.00E+00	1.69E-03	-1.30E+01	-1.63E+01
54	0.00E+00	1.67E-03	-1.30E+01	-1.63E+01
54.25	3.02E-03	1.32E-03	-1.31E+01	-1.64E+01
54.5	3.02E-03	1.31E-03	-1.32E+01	-1.64E+01
54.75	3.02E-03	1.29E-03	-1.32E+01	-1.64E+01
55	3.02E-03	1.27E-03	-1.33E+01	-1.65E+01
55.25	3.59E-04	1.25E-03	-1.33E+01	-1.65E+01
55.5	3.59E-04	1.24E-03	-1.33E+01	-1.65E+01
55.75	3.59E-04	1.22E-03	-1.33E+01	-1.66E+01
56	3.59E-04	1.21E-03	-1.34E+01	-1.66E+01
56.25	3.42E-03	1.20E-03	-1.34E+01	-1.66E+01
56.5	3.42E-03	1.19E-03	-1.35E+01	-1.67E+01
56.75	3.42E-03	1.18E-03	-1.36E+01	-1.67E+01
57	3.42E-03	1.17E-03	-1.37E+01	-1.67E+01
57.25	7.46E-03	1.17E-03	-1.39E+01	-1.67E+01
57.5	7.46E-03	1.16E-03	-1.41E+01	-1.68E+01
57.75	7.46E-03	1.16E-03	-1.43E+01	-1.68E+01
58	7.46E-03	1.16E-03	-1.44E+01	-1.68E+01
58.25	0.00E+00	1.38E-03	-1.44E+01	-1.69E+01
58.5	0.00E+00	1.39E-03	-1.44E+01	-1.69E+01
58.75	0.00E+00	1.40E-03	-1.44E+01	-1.69E+01
59	0.00E+00	1.43E-03	-1.44E+01	-1.69E+01
59.25	0.00E+00	1.47E-03	-1.44E+01	-1.70E+01
59.5	0.00E+00	1.49E-03	-1.44E+01	-1.70E+01
59.75	0.00E+00	1.52E-03	-1.44E+01	-1.70E+01
60	0.00E+00	1.54E-03	-1.44E+01	-1.71E+01
60.25	0.00E+00	1.66E-03	-1.44E+01	-1.71E+01
60.5	0.00E+00	1.67E-03	-1.44E+01	-1.71E+01
60.75	0.00E+00	1.68E-03	-1.44E+01	-1.72E+01
61	0.00E+00	1.69E-03	-1.44E+01	-1.72E+01
61.25	0.00E+00	1.72E-03	-1.44E+01	-1.72E+01
61.5	0.00E+00	1.72E-03	-1.43E+01	-1.73E+01
61.75	0.00E+00	1.72E-03	-1.43E+01	-1.73E+01
62	0.00E+00	1.72E-03	-1.43E+01	-1.73E+01
62.25	0.00E+00	1.76E-03	-1.43E+01	-1.74E+01
62.5	0.00E+00	1.76E-03	-1.43E+01	-1.74E+01
62.75	0.00E+00	1.75E-03	-1.43E+01	-1.74E+01
63	0.00E+00	1.74E-03	-1.43E+01	-1.75E+01
63.25	0.00E+00	1.85E-03	-1.43E+01	-1.75E+01
63.5	0.00E+00	1.84E-03	-1.43E+01	-1.75E+01
63.75	0.00E+00	1.83E-03	-1.42E+01	-1.76E+01
64	0.00E+00	1.82E-03	-1.42E+01	-1.76E+01
64.25	0.00E+00	1.46E-03	-1.42E+01	-1.76E+01
64.5	0.00E+00	1.44E-03	-1.42E+01	-1.77E+01
64.75	0.00E+00	1.43E-03	-1.42E+01	-1.77E+01
65	0.00E+00	1.42E-03	-1.42E+01	-1.77E+01
65.25	4.98E-03	1.21E-03	-1.43E+01	-1.78E+01
65.5	4.98E-03	1.19E-03	-1.45E+01	-1.78E+01
65.75	4.98E-03	1.18E-03	-1.46E+01	-1.78E+01
66	4.98E-03	1.16E-03	-1.47E+01	-1.79E+01
66.25	1.87E-03	1.15E-03	-1.48E+01	-1.79E+01
66.5	1.87E-03	1.14E-03	-1.48E+01	-1.79E+01
66.75	1.87E-03	1.13E-03	-1.49E+01	-1.79E+01
67	1.87E-03	1.12E-03	-1.49E+01	-1.80E+01
67.25	0.00E+00	1.56E-03	-1.49E+01	-1.80E+01
67.5	0.00E+00	1.56E-03	-1.49E+01	-1.80E+01
67.75	0.00E+00	1.56E-03	-1.49E+01	-1.81E+01
68	0.00E+00	1.57E-03	-1.49E+01	-1.81E+01
68.25	2.20E-03	1.12E-03	-1.49E+01	-1.81E+01
68.5	2.20E-03	1.12E-03	-1.50E+01	-1.81E+01
68.75	2.20E-03	1.13E-03	-1.50E+01	-1.82E+01
69	2.20E-03	1.13E-03	-1.51E+01	-1.82E+01
69.25	4.85E-04	1.13E-03	-1.51E+01	-1.82E+01
69.5	4.85E-04	1.13E-03	-1.51E+01	-1.82E+01
69.75	4.85E-04	1.13E-03	-1.51E+01	-1.83E+01
70	4.85E-04	1.13E-03	-1.51E+01	-1.83E+01
70.25	0.00E+00	1.51E-03	-1.51E+01	-1.83E+01
70.5	0.00E+00	1.51E-03	-1.51E+01	-1.84E+01
70.75	0.00E+00	1.51E-03	-1.51E+01	-1.84E+01
71	0.00E+00	1.51E-03	-1.51E+01	-1.84E+01
71.25	4.24E-03	1.14E-03	-1.52E+01	-1.84E+01
71.5	4.24E-03	1.14E-03	-1.53E+01	-1.85E+01
71.75	4.24E-03	1.14E-03	-1.54E+01	-1.85E+01
72	4.24E-03	1.13E-03	-1.55E+01	-1.85E+01
72.25	9.83E-04	1.13E-03	-1.55E+01	-1.86E+01
72.5	9.83E-04	1.13E-03	-1.56E+01	-1.86E+01
72.75	9.83E-04	1.13E-03	-1.56E+01	-1.86E+01
73	9.83E-04	1.13E-03	-1.56E+01	-1.86E+01
73.25	0.00E+00	2.07E-03	-1.56E+01	-1.87E+01
73.5	0.00E+00	2.07E-03	-1.56E+01	-1.87E+01
73.75	0.00E+00	2.07E-03	-1.55E+01	-1.87E+01
74	0.00E+00	2.08E-03	-1.55E+01	-1.88E+01
74.25	0.00E+00	2.01E-03	-1.55E+01	-1.88E+01
74.5	0.00E+00	2.01E-03	-1.55E+01	-1.88E+01
74.75	0.00E+00	2.02E-03	-1.55E+01	-1.88E+01
75	0.00E+00	2.02E-03	-1.54E+01	-1.89E+01
75.25	0.00E+00	1.84E-03	-1.54E+01	-1.89E+01
75.5	0.00E+00	1.84E-03	-1.54E+01	-1.89E+01
75.75	0.00E+00	1.83E-03	-1.54E+01	-1.90E+01
76	0.00E+00	1.82E-03	-1.54E+01	-1.90E+01
76.25	0.00E+00	2.11E-03	-1.53E+01	-1.90E+01
76.5	0.00E+00	2.10E-03	-1.53E+01	-1.90E+01
76.75	0.00E+00	2.09E-03	-1.53E+01	-1.91E+01
77	0.00E+00	2.08E-03	-1.53E+01	-1.91E+01
77.25	0.00E+00	1.65E-03	-1.52E+01	-1.91E+01
77.5	0.00E+00	1.63E-03	-1.52E+01	-1.92E+01
77.75	0.00E+00	1.62E-03	-1.52E+01	-1.92E+01
78	0.00E+00	1.60E-03	-1.52E+01	-1.92E+01
78.25	1.22E-03	1.03E-03	-1.52E+01	-1.92E+01
78.5	1.22E-03	1.01E-03	-1.53E+01	-1.93E+01
78.75	1.22E-03	9.96E-04	-1.53E+01	-1.93E+01
79	1.22E-03	9.83E-04	-1.53E+01	-1.93E+01
79.25	3.08E-04	9.74E-04	-1.53E+01	-1.93E+01
79.5	3.08E-04	9.65E-04	-1.53E+01	-1.94E+01
79.75	3.08E-04	9.57E-04	-1.54E+01	-1.94E+01
80	3.08E-04	9.49E-04	-1.54E+01	-1.94E+01
80.25	5.27E-03	9.42E-04	-1.55E+01	-1.94E+01
80.5	5.27E-03	9.35E-04	-1.56E+01	-1.95E+01
80.75	5.27E-03	9.28E-04	-1.58E+01	-1.95E+01
81	5.27E-03	9.22E-04	-1.59E+01	-1.95E+01
81.25	3.08E-04	9.16E-04	-1.59E+01	-1.95E+01
81.5	3.08E-04	9.12E-04	-1.59E+01	-1.95E+01
81.75	3.08E-04	9.09E-04	-1.59E+01	-1.96E+01
82	3.08E-04	9.08E-04	-1.59E+01	-1.96E+01
82.25	0.00E+00	1.49E-03	-1.59E+01	-1.96E+01
82.5	0.00E+00	1.50E-03	-1.59E+01	-1.96E+01
82.75	0.00E+00	1.50E-03	-1.59E+01	-1.97E+01
83	0.00E+00	1.50E-03	-1.59E+01	-1.97E+01
83.25	1.95E-18	9.18E-04	-1.59E+01	-1.97E+01
83.5	0.00E+00	9.19E-04	-1.59E+01	-1.97E+01
83.75	0.00E+00	9.21E-04	-1.59E+01	-1.98E+01
84	0.00E+00	9.22E-04	-1.59E+01	-1.98E+01
84.25	0.00E+00	1.64E-03	-1.58E+01	-1.98E+01
84.5	0.00E+00	1.64E-03	-1.58E+01	-1.98E+01
84.75	0.00E+00	1.64E-03	-1.58E+01	-1.98E+01
85	0.00E+00	1.63E-03	-1.58E+01	-1.99E+01
85.25	0.00E+00	1.51E-03	-1.58E+01	-1.99E+01
85.5	0.00E+00	1.50E-03	-1.58E+01	-1.99E+01
85.75	0.00E+00	1.50E-03	-1.57E+01	-1.99E+01
86	0.00E+00	1.50E-03	-1.57E+01	-2.00E+01
86.25	0.00E+00	1.63E-03	-1.57E+01	-2.00E+01
86.5	0.00E+00	1.63E-03	-1.57E+01	-2.00E+01
86.75	0.00E+00	1.62E-03	-1.57E+01	-2.00E+01
87	0.00E+00	1.62E-03	-1.57E+01	-2.00E+01
87.25	0.00E+00	1.80E-03	-1.56E+01	-2.01E+01
87.5	0.00E+00	1.79E-03	-1.56E+01	-2.01E+01
87.75	0.00E+00	1.79E-03	-1.56E+01	-2.01E+01
88	0.00E+00	1.78E-03	-1.56E+01	-2.01E+01
88.25	0.00E+00	1.74E-03	-1.55E+01	-2.02E+01
88.5	0.00E+00	1.73E-03	-1.55E+01	-2.02E+01
88.75	0.00E+00	1.72E-03	-1.55E+01	-2.02E+01
89	0.00E+00	1.72E-03	-1.55E+01	-2.02E+01
89.25	0.00E+00	2.24E-03	-1.54E+01	-2.02E+01
89.5	0.00E+00	2.23E-03	-1.54E+01	-2.03E+01
89.75	0.00E+00	2.22E-03	-1.54E+01	-2.03E+01
90	0.00E+00	2.21E-03	-1.53E+01	-2.03E+01
90.25	0.00E+00	2.18E-03	-1.53E+01	-2.03E+01
90.5	0.00E+00	2.18E-03	-1.53E+01	-2.03E+01
90.75	0.00E+00	2.17E-03	-1.52E+01	-2.04E+01
91	0.00E+00	2.16E-03	-1.52E+01	-2.04E+01
91.25	0.00E+00	2.25E-03	-1.52E+01	-2.04E+01
91.5	0.00E+00	2.24E-03	-1.51E+01	-2.04E+01
91.75	0.00E+00	2.23E-03	-1.51E+01	-2.04E+01
92	0.00E+00	2.22E-03	-1.51E+01	-2.05E+01
92.25	0.00E+00	1.71E-03	-1.50E+01	-2.05E+01
92.5	0.00E+00	1.70E-03	-1.50E+01	-2.05E+01
92.75	0.00E+00	1.70E-03	-1.50E+01	-2.05E+01
93	0.00E+00	1.69E-03	-1.50E+01	-2.05E+01
93.25	5.18E-04	6.95E-04	-1.50E+01	-2.05E+01
93.5	5.18E-04	6.85E-04	-1.50E+01	-2.06E+01
93.75	5.18E-04	6.76E-04	-1.50E+01	-2.06E+01
94	5.18E-04	6.66E-04	-1.50E+01	-2.06E+01
94.25	0.00E+00	1.04E-03	-1.50E+01	-2.06E+01
94.5	0.00E+00	1.03E-03	-1.50E+01	-2.06E+01
94.75	0.00E+00	1.02E-03	-1.50E+01	-2.06E+01
95	0.00E+00	1.01E-03	-1.50E+01	-2.07E+01
95.25	1.25E-02	6.16E-04	-1.53E+01	-2.07E+01
95.5	1.25E-02	6.07E-04	-1.56E+01	-2.07E+01
95.75	1.25E-02	5.97E-04	-1.59E+01	-2.07E+01
96	1.25E-02	5.88E-04	-1.62E+01	-2.07E+01
96.25	0.00E+00	9.33E-04	-1.62E+01	-2.07E+01
96.5	0.00E+00	9.24E-04	-1.62E+01	-2.08E+01
96.75	0.00E+00	9.17E-04	-1.62E+01	-2.08E+01
97	0.00E+00	9.12E-04	-1.62E+01	-2.08E+01
97.25	4.56E-03	5.56E-04	-1.63E+01	-2.08E+01
97.5	4.56E-03	5.56E-04	-1.64E+01	-2.08E+01
97.75	4.56E-03	5.58E-04	-1.65E+01	-2.08E+01
98	4.56E-03	5.63E-04	-1.66E+01	-2.08E+01
98.25	9.03E-04	5.69E-04	-1.67E+01	-2.09E+01
98.5	9.03E-04	5.77E-04	-1.67E+01	-2.09E+01
98.75	9.03E-04	5.86E-04	-1.67E+01	-2.09E+01
99	9.03E-04	5.97E-04	-1.67E+01	-2.09E+01
99.25	0.00E+00	1.23E-03	-1.67E+01	-2.09E+01
99.5	0.00E+00	1.24E-03	-1.67E+01	-2.09E+01
99.75	0.00E+00	1.25E-03	-1.67E+01	-2.09E+01
100	0.00E+00	1.27E-03	-1.67E+01	-2.10E+01
100.25	0.00E+00	1.08E-03	-1.67E+01	-2.10E+01
100.5	0.00E+00	1.09E-03	-1.66E+01	-2.10E+01
100.75	0.00E+00	1.11E-03	-1.66E+01	-2.10E+01
101	0.00E+00	1.12E-03	-1.66E+01	-2.10E+01
101.25	0.00E+00	1.45E-03	-1.66E+01	-2.10E+01
101.5	0.00E+00	1.46E-03	-1.66E+01	-2.11E+01
101.75	0.00E+00	1.46E-03	-1.66E+01	-2.11E+01
102	0.00E+00	1.47E-03	-1.65E+01	-2.11E+01
102.25	0.00E+00	1.90E-03	-1.65E+01	-2.11E+01
102.5	0.00E+00	1.91E-03	-1.65E+01	-2.11E+01
102.75	0.00E+00	1.91E-03	-1.65E+01	-2.12E+01
103	0.00E+00	1.91E-03	-1.64E+01	-2.12E+01
103.25	0.00E+00	1.34E-03	-1.64E+01	-2.12E+01
103.5	0.00E+00	1.34E-03	-1.64E+01	-2.12E+01
103.75	0.00E+00	1.34E-03	-1.64E+01	-2.12E+01
104	0.00E+00	1.34E-03	-1.64E+01	-2.12E+01
104.25	0.00E+00	1.87E-03	-1.63E+01	-2.13E+01
104.5	0.00E+00	1.86E-03	-1.63E+01	-2.13E+01
104.75	0.00E+00	1.86E-03	-1.63E+01	-2.13E+01
105	0.00E+00	1.86E-03	-1.63E+01	-2.13E+01
105.25	0.00E+00	2.16E-03	-1.62E+01	-2.13E+01
105.5	0.00E+00	2.16E-03	-1.62E+01	-2.14E+01
105.75	0.00E+00	2.15E-03	-1.61E+01	-2.14E+01
106	0.00E+00	2.15E-03	-1.61E+01	-2.14E+01
106.25	0.00E+00	2.37E-03	-1.61E+01	-2.14E+01
106.5	0.00E+00	2.36E-03	-1.60E+01	-2.14E+01
106.75	0.00E+00	2.36E-03	-1.60E+01	-2.14E+01
107	0.00E+00	2.35E-03	-1.59E+01	-2.15E+01
107.25	0.00E+00	2.09E-03	-1.59E+01	-2.15E+01
107.5	0.00E+00	2.09E-03	-1.59E+01	-2.15E+01
107.75	0.00E+00	2.08E-03	-1.58E+01	-2.15E+01
108	0.00E+00	2.07E-03	-1.58E+01	-2.15E+01
108.25	0.00E+00	1.59E-03	-1.58E+01	-2.15E+01
108.5	0.00E+00	1.58E-03	-1.58E+01	-2.16E+01
108.75	0.00E+00	1.57E-03	-1.57E+01	-2.16E+01
109	0.00E+00	1.56E-03	-1.57E+01	-2.16E+01
109.25	0.00E+00	1.64E-03	-1.57E+01	-2.16E+01
109.5	0.00E+00	1.63E-03	-1.57E+01	-2.16E+01
109.75	0.00E+00	1.62E-03	-1.56E+01	-2.16E+01
110	0.00E+00	1.61E-03	-1.56E+01	-2.17E+01
110.25	0.00E+00	1.78E-03	-1.56E+01	-2.17E+01
110.5	0.00E+00	1.77E-03	-1.55E+01	-2.17E+01
110.75	0.00E+00	1.76E-03	-1.55E+01	-2.17E+01
111	0.00E+00	1.75E-03	-1.55E+01	-2.17E+01
111.25	0.00E+00	1.51E-03	-1.55E+01	-2.17E+01
111.5	0.00E+00	1.51E-03	-1.54E+01	-2.17E+01
111.75	0.00E+00	1.50E-03	-1.54E+01	-2.17E+01
112	0.00E+00	1.50E-03	-1.54E+01	-2.18E+01
112.25	2.23E-03	5.17E-04	-1.54E+01	-2.18E+01
112.5	2.23E-03	5.12E-04	-1.55E+01	-2.18E+01
112.75	2.23E-03	5.07E-04	-1.56E+01	-2.18E+01
113	2.23E-03	5.02E-04	-1.56E+01	-2.18E+01
113.25	0.00E+00	2.08E-03	-1.56E+01	-2.18E+01
113.5	0.00E+00	2.07E-03	-1.55E+01	-2.18E+01
113.75	0.00E+00	2.07E-03	-1.55E+01	-2.18E+01
114	0.00E+00	2.06E-03	-1.55E+01	-2.19E+01
114.25	0.00E+00	1.49E-03	-1.54E+01	-2.19E+01
114.5	0.00E+00	1.48E-03	-1.54E+01	-2.19E+01
114.75	0.00E+00	1.48E-03	-1.54E+01	-2.19E+01
115	0.00E+00	1.47E-03	-1.54E+01	-2.19E+01
115.25	0.00E+00	2.07E-03	-1.53E+01	-2.19E+01
115.5	0.00E+00	2.07E-03	-1.53E+01	-2.19E+01
115.75	0.00E+00	2.07E-03	-1.52E+01	-2.19E+01
116	0.00E+00	2.06E-03	-1.52E+01	-2.20E+01
116.25	0.00E+00	2.17E-03	-1.52E+01	-2.20E+01
116.5	0.00E+00	2.17E-03	-1.51E+01	-2.20E+01
116.75	0.00E+00	2.17E-03	-1.51E+01	-2.20E+01
117	0.00E+00	2.16E-03	-1.50E+01	-2.20E+01
117.25	0.00E+00	2.14E-03	-1.50E+01	-2.20E+01
117.5	0.00E+00	2.14E-03	-1.49E+01	-2.20E+01
117.75	0.00E+00	2.13E-03	-1.49E+01	-2.20E+01
118	0.00E+00	2.13E-03	-1.48E+01	-2.20E+01
118.25	0.00E+00	1.68E-03	-1.48E+01	-2.21E+01
118.5	0.00E+00	1.67E-03	-1.48E+01	-2.21E+01
118.75	0.00E+00	1.67E-03	-1.48E+01	-2.21E+01
119	0.00E+00	1.67E-03	-1.47E+01	-2.21E+01
119.25	0.00E+00	1.55E-03	-1.47E+01	-2.21E+01
119.5	0.00E+00	1.55E-03	-1.47E+01	-2.21E+01
119.75	0.00E+00	1.54E-03	-1.46E+01	-2.21E+01
120	0.00E+00	1.54E-03	-1.46E+01	-2.21E+01
120.25	0.00E+00	1.26E-03	-1.46E+01	-2.21E+01
120.5	0.00E+00	1.26E-03	-1.46E+01	-2.21E+01
120.75	0.00E+00	1.25E-03	-1.45E+01	-2.21E+01
121	0.00E+00	1.25E-03	-1.45E+01	-2.22E+01
121.25	0.00E+00	1.55E-03	-1.45E+01	-2.22E+01
121.5	0.00E+00	1.55E-03	-1.45E+01	-2.22E+01
121.75	0.00E+00	1.54E-03	-1.44E+01	-2.22E+01
122	0.00E+00	1.54E-03	-1.44E+01	-2.22E+01
122.25	0.00E+00	1.60E-03	-1.44E+01	-2.22E+01
122.5	0.00E+00	1.60E-03	-1.43E+01	-2.22E+01
122.75	0.00E+00	1.59E-03	-1.43E+01	-2.22E+01
123	0.00E+00	1.59E-03	-1.43E+01	-2.22E+01
123.25	0.00E+00	1.70E-03	-1.42E+01	-2.22E+01
123.5	0.00E+00	1.70E-03	-1.42E+01	-2.22E+01
123.75	0.00E+00	1.69E-03	-1.42E+01	-2.23E+01
124	0.00E+00	1.69E-03	-1.41E+01	-2.23E+01
124.25	0.00E+00	1.31E-03	-1.41E+01	-2.23E+01
124.5	0.00E+00	1.30E-03	-1.41E+01	-2.23E+01
124.75	0.00E+00	1.30E-03	-1.41E+01	-2.23E+01
125	0.00E+00	1.29E-03	-1.40E+01	-2.23E+01
125.25	0.00E+00	1.47E-03	-1.40E+01	-2.23E+01
125.5	0.00E+00	1.46E-03	-1.40E+01	-2.23E+01
125.75	0.00E+00	1.46E-03	-1.40E+01	-2.23E+01
126	0.00E+00	1.46E-03	-1.39E+01	-2.23E+01
126.25	0.00E+00	1.42E-03	-1.39E+01	-2.23E+01
126.5	0.00E+00	1.42E-03	-1.39E+01	-2.23E+01
126.75	0.00E+00	1.42E-03	-1.38E+01	-2.23E+01
127	0.00E+00	1.41E-03	-1.38E+01	-2.23E+01
127.25	1.65E-02	2.68E-04	-1.42E+01	-2.24E+01
127.5	1.65E-02	2.66E-04	-1.46E+01	-2.24E+01
127.75	1.65E-02	2.64E-04	-1.50E+01	-2.24E+01
128	1.65E-02	2.61E-04	-1.55E+01	-2.24E+01
128.25	0.00E+00	8.54E-04	-1.54E+01	-2.24E+01
128.5	0.00E+00	8.52E-04	-1.54E+01	-2.24E+01
128.75	0.00E+00	8.50E-04	-1.54E+01	-2.24E+01
129	0.00E+00	8.47E-04	-1.54E+01	-2.24E+01
129.25	0.00E+00	1.20E-03	-1.54E+01	-2.24E+01
129.5	0.00E+00	1.20E-03	-1.54E+01	-2.24E+01
129.75	0.00E+00	1.20E-03	-1.53E+01	-2.24E+01
130	0.00E+00	1.20E-03	-1.53E+01	-2.24E+01
130.25	0.00E+00	1.64E-03	-1.53E+01	-2.24E+01
130.5	0.00E+00	1.64E-03	-1.52E+01	-2.24E+01
130.75	0.00E+00	1.64E-03	-1.52E+01	-2.24E+01
131	0.00E+00	1.64E-03	-1.52E+01	-2.24E+01
131.25	0.00E+00	8.91E-04	-1.52E+01	-2.25E+01
131.5	0.00E+00	8.92E-04	-1.51E+01	-2.25E+01
131.75	0.00E+00	8.92E-04	-1.51E+01	-2.25E+01
132	0.00E+00	8.93E-04	-1.51E+01	-2.25E+01
132.25	0.00E+00	1.74E-03	-1.51E+01	-2.25E+01
132.5	0.00E+00	1.74E-03	-1.50E+01	-2.25E+01
132.75	0.00E+00	1.74E-03	-1.50E+01	-2.25E+01
133	0.00E+00	1.74E-03	-1.50E+01	-2.25E+01
133.25	0.00E+00	1.04E-03	-1.49E+01	-2.25E+01
133.5	0.00E+00	1.04E-03	-1.49E+01	-2.25E+01
133.75	0.00E+00	1.04E-03	-1.49E+01	-2.25E+01
134	0.00E+00	1.04E-03	-1.49E+01	-2.25E+01
134.25	0.00E+00	1.47E-03	-1.48E+01	-2.25E+01
134.5	0.00E+00	1.47E-03	-1.48E+01	-2.25E+01
134.75	0.00E+00	1.47E-03	-1.48E+01	-2.25E+01
135	0.00E+00	1.47E-03	-1.48E+01	-2.25E+01
135.25	0.00E+00	1.93E-03	-1.47E+01	-2.26E+01
135.5	0.00E+00	1.93E-03	-1.47E+01	-2.26E+01
135.75	0.00E+00	1.93E-03	-1.46E+01	-2.26E+01
136	0.00E+00	1.93E-03	-1.46E+01	-2.26E+01
136.25	0.00E+00	1.84E-03	-1.45E+01	-2.26E+01
136.5	0.00E+00	1.84E-03	-1.45E+01	-2.26E+01
136.75	0.00E+00	1.84E-03	-1.45E+01	-2.26E+01
137	0.00E+00	1.84E-03	-1.44E+01	-2.26E+01
137.25	0.00E+00	2.20E-03	-1.44E+01	-2.26E+01
137.5	0.00E+00	2.19E-03	-1.43E+01	-2.26E+01
137.75	0.00E+00	2.19E-03	-1.43E+01	-2.26E+01
138	0.00E+00	2.19E-03	-1.42E+01	-2.26E+01
138.25	0.00E+00	2.05E-03	-1.42E+01	-2.26E+01
138.5	0.00E+00	2.05E-03	-1.41E+01	-2.26E+01
138.75	0.00E+00	2.05E-03	-1.41E+01	-2.26E+01
139	0.00E+00	2.05E-03	-1.40E+01	-2.26E+01
139.25	0.00E+00	2.26E-03	-1.40E+01	-2.27E+01
139.5	0.00E+00	2.26E-03	-1.39E+01	-2.27E+01
139.75	0.00E+00	2.25E-03	-1.39E+01	-2.27E+01
140	0.00E+00	2.25E-03	-1.38E+01	-2.27E+01
140.25	0.00E+00	1.73E-03	-1.38E+01	-2.27E+01
140.5	0.00E+00	1.73E-03	-1.38E+01	-2.27E+01
140.75	0.00E+00	1.73E-03	-1.37E+01	-2.27E+01
141	0.00E+00	1.73E-03	-1.37E+01	-2.27E+01
141.25	0.00E+00	1.48E-03	-1.37E+01	-2.27E+01
141.5	0.00E+00	1.48E-03	-1.36E+01	-2.27E+01
141.75	0.00E+00	1.48E-03	-1.36E+01	-2.27E+01
142	0.00E+00	1.47E-03	-1.36E+01	-2.27E+01
142.25	2.15E-18	2.25E-04	-1.36E+01	-2.27E+01
142.5	0.00E+00	2.23E-04	-1.36E+01	-2.27E+01
142.75	0.00E+00	2.21E-04	-1.36E+01	-2.27E+01
143	6.25E-19	2.20E-04	-1.36E+01	-2.27E+01
143.25	0.00E+00	2.11E-03	-1.35E+01	-2.27E+01
143.5	0.00E+00	2.11E-03	-1.35E+01	-2.28E+01
143.75	0.00E+00	2.10E-03	-1.34E+01	-2.28E+01
144	0.00E+00	2.10E-03	-1.34E+01	-2.28E+01
144.25	0.00E+00	1.84E-03	-1.33E+01	-2.28E+01
144.5	0.00E+00	1.84E-03	-1.33E+01	-2.28E+01
144.75	0.00E+00	1.84E-03	-1.33E+01	-2.28E+01
145	0.00E+00	1.83E-03	-1.32E+01	-2.28E+01
145.25	0.00E+00	1.50E-03	-1.32E+01	-2.28E+01
145.5	0.00E+00	1.50E-03	-1.32E+01	-2.28E+01
145.75	0.00E+00	1.50E-03	-1.31E+01	-2.28E+01
146	0.00E+00	1.50E-03	-1.31E+01	-2.28E+01
146.25	0.00E+00	1.85E-03	-1.31E+01	-2.28E+01
146.5	0.00E+00	1.84E-03	-1.30E+01	-2.28E+01
146.75	0.00E+00	1.84E-03	-1.30E+01	-2.28E+01
147	0.00E+00	1.84E-03	-1.29E+01	-2.28E+01
147.25	3.62E-04	1.88E-04	-1.29E+01	-2.28E+01
147.5	3.62E-04	1.87E-04	-1.29E+01	-2.28E+01
147.75	3.62E-04	1.85E-04	-1.30E+01	-2.28E+01
148	3.62E-04	1.83E-04	-1.30E+01	-2.28E+01
148.25	0.00E+00	1.95E-03	-1.29E+01	-2.28E+01
148.5	0.00E+00	1.95E-03	-1.29E+01	-2.29E+01
148.75	0.00E+00	1.94E-03	-1.28E+01	-2.29E+01
149	0.00E+00	1.94E-03	-1.28E+01	-2.29E+01
149.25	0.00E+00	3.11E-04	-1.28E+01	-2.29E+01
149.5	0.00E+00	3.09E-04	-1.28E+01	-2.29E+01
149.75	0.00E+00	3.07E-04	-1.28E+01	-2.29E+01
150	0.00E+00	3.05E-04	-1.28E+01	-2.29E+01
150.25	8.01E-03	1.65E-04	-1.30E+01	-2.29E+01
150.5	8.01E-03	1.63E-04	-1.32E+01	-2.29E+01
150.75	8.01E-03	1.61E-04	-1.34E+01	-2.29E+01
151	8.01E-03	1.59E-04	-1.36E+01	-2.29E+01
151.25	0.00E+00	1.19E-03	-1.35E+01	-2.29E+01
151.5	0.00E+00	1.18E-03	-1.35E+01	-2.29E+01
151.75	0.00E+00	1.18E-03	-1.35E+01	-2.29E+01
152	0.00E+00	1.18E-03	-1.35E+01	-2.29E+01
152.25	0.00E+00	1.79E-03	-1.34E+01	-2.29E+01
152.5	0.00E+00	1.79E-03	-1.34E+01	-2.29E+01
152.75	0.00E+00	1.79E-03	-1.33E+01	-2.29E+01
153	0.00E+00	1.79E-03	-1.33E+01	-2.29E+01
153.25	2.33E-03	1.44E-04	-1.34E+01	-2.29E+01
153.5	2.33E-03	1.43E-04	-1.34E+01	-2.29E+01
153.75	2.33E-03	1.42E-04	-1.35E+01	-2.29E+01
154	2.33E-03	1.41E-04	-1.35E+01	-2.29E+01
154.25	2.94E-03	1.40E-04	-1.36E+01	-2.29E+01
154.5	2.94E-03	1.39E-04	-1.37E+01	-2.29E+01
154.75	2.94E-03	1.38E-04	-1.38E+01	-2.29E+01
155	2.94E-03	1.37E-04	-1.38E+01	-2.30E+01
155.25	0.00E+00	1.40E-04	-1.38E+01	-2.30E+01
155.5	0.00E+00	1.40E-04	-1.38E+01	-2.30E+01
155.75	0.00E+00	1.39E-04	-1.38E+01	-2.30E+01
156	0.00E+00	1.38E-04	-1.38E+01	-2.30E+01
156.25	0.00E+00	1.36E-03	-1.38E+01	-2.30E+01
156.5	0.00E+00	1.36E-03	-1.38E+01	-2.30E+01
156.75	0.00E+00	1.36E-03	-1.37E+01	-2.30E+01
157	0.00E+00	1.36E-03	-1.37E+01	-2.30E+01
157.25	1.68E-18	1.31E-04	-1.37E+01	-2.30E+01
157.5	0.00E+00	1.30E-04	-1.37E+01	-2.30E+01
157.75	0.00E+00	1.30E-04	-1.37E+01	-2.30E+01
158	0.00E+00	1.29E-04	-1.37E+01	-2.30E+01
158.25	0.00E+00	2.47E-03	-1.37E+01	-2.30E+01
158.5	0.00E+00	2.47E-03	-1.36E+01	-2.30E+01
158.75	0.00E+00	2.47E-03	-1.35E+01	-2.30E+01
159	0.00E+00	2.47E-03	-1.35E+01	-2.30E+01
159.25	0.00E+00	2.85E-03	-1.34E+01	-2.30E+01
159.5	0.00E+00	2.85E-03	-1.33E+01	-2.30E+01
159.75	0.00E+00	2.85E-03	-1.33E+01	-2.30E+01
160	0.00E+00	2.85E-03	-1.32E+01	-2.30E+01
160.25	0.00E+00	2.45E-03	-1.31E+01	-2.30E+01
160.5	0.00E+00	2.45E-03	-1.31E+01	-2.30E+01
160.75	0.00E+00	2.45E-03	-1.30E+01	-2.30E+01
161	0.00E+00	2.45E-03	-1.30E+01	-2.30E+01
161.25	2.84E-03	1.25E-04	-1.30E+01	-2.30E+01
161.5	2.84E-03	1.24E-04	-1.31E+01	-2.30E+01
161.75	2.84E-03	1.24E-04	-1.32E+01	-2.30E+01
162	2.84E-03	1.24E-04	-1.33E+01	-2.30E+01
162.25	2.71E-03	1.24E-04	-1.33E+01	-2.30E+01
162.5	2.71E-03	1.23E-04	-1.34E+01	-2.30E+01
162.75	2.71E-03	1.23E-04	-1.35E+01	-2.31E+01
163	2.71E-03	1.23E-04	-1.35E+01	-2.31E+01
163.25	0.00E+00	1.45E-03	-1.35E+01	-2.31E+01
163.5	0.00E+00	1.45E-03	-1.35E+01	-2.31E+01
163.75	0.00E+00	1.45E-03	-1.34E+01	-2.31E+01
164	0.00E+00	1.45E-03	-1.34E+01	-2.31E+01
164.25	0.00E+00	1.47E-03	-1.34E+01	-2.31E+01
164.5	0.00E+00	1.47E-03	-1.33E+01	-2.31E+01
164.75	0.00E+00	1.47E-03	-1.33E+01	-2.31E+01
165	0.00E+00	1.47E-03	-1.33E+01	-2.31E+01
165.25	0.00E+00	1.94E-03	-1.32E+01	-2.31E+01
165.5	0.00E+00	1.94E-03	-1.32E+01	-2.31E+01
165.75	0.00E+00	1.94E-03	-1.31E+01	-2.31E+01
166	0.00E+00	1.94E-03	-1.31E+01	-2.31E+01
166.25	0.00E+00	2.05E-03	-1.30E+01	-2.31E+01
166.5	0.00E+00	2.05E-03	-1.30E+01	-2.31E+01
166.75	0.00E+00	2.05E-03	-1.29E+01	-2.31E+01
167	0.00E+00	2.05E-03	-1.29E+01	-2.31E+01
167.25	0.00E+00	1.96E-03	-1.28E+01	-2.31E+01
167.5	0.00E+00	1.96E-03	-1.28E+01	-2.31E+01
167.75	0.00E+00	1.96E-03	-1.27E+01	-2.31E+01
168	0.00E+00	1.96E-03	-1.27E+01	-2.31E+01
168.25	0.00E+00	1.87E-03	-1.27E+01	-2.31E+01
168.5	0.00E+00	1.87E-03	-1.26E+01	-2.31E+01
168.75	0.00E+00	1.87E-03	-1.26E+01	-2.31E+01
169	0.00E+00	1.87E-03	-1.25E+01	-2.31E+01
169.25	6.50E-05	1.13E-04	-1.25E+01	-2.31E+01
169.5	6.50E-05	1.13E-04	-1.25E+01	-2.31E+01
169.75	6.50E-05	1.12E-04	-1.25E+01	-2.31E+01
170	6.50E-05	1.12E-04	-1.25E+01	-2.31E+01
170.25	0.00E+00	1.67E-03	-1.25E+01	-2.31E+01
170.5	0.00E+00	1.67E-03	-1.25E+01	-2.31E+01
170.75	0.00E+00	1.67E-03	-1.24E+01	-2.31E+01
171	0.00E+00	1.67E-03	-1.24E+01	-2.31E+01
171.25	2.50E-03	1.10E-04	-1.24E+01	-2.31E+01
171.5	2.50E-03	1.09E-04	-1.25E+01	-2.32E+01
171.75	2.50E-03	1.09E-04	-1.26E+01	-2.32E+01
172	2.50E-03	1.08E-04	-1.26E+01	-2.32E+01
172.25	0.00E+00	5.94E-04	-1.26E+01	-2.32E+01
172.5	0.00E+00	5.93E-04	-1.26E+01	-2.32E+01
172.75	0.00E+00	5.93E-04	-1.26E+01	-2.32E+01
173	0.00E+00	5.92E-04	-1.26E+01	-2.32E+01
173.25	0.00E+00	1.39E-03	-1.25E+01	-2.32E+01
173.5	0.00E+00	1.39E-03	-1.25E+01	-2.32E+01
173.75	0.00E+00	1.39E-03	-1.25E+01	-2.32E+01
174	0.00E+00	1.39E-03	-1.24E+01	-2.32E+01
174.25	3.60E-03	1.04E-04	-1.25E+01	-2.32E+01
174.5	3.60E-03	1.03E-04	-1.26E+01	-2.32E+01
174.75	3.60E-03	1.03E-04	-1.27E+01	-2.32E+01
175	3.60E-03	1.02E-04	-1.28E+01	-2.32E+01
175.25	0.00E+00	1.49E-03	-1.28E+01	-2.32E+01
175.5	0.00E+00	1.49E-03	-1.27E+01	-2.32E+01
175.75	0.00E+00	1.49E-03	-1.27E+01	-2.32E+01
176	0.00E+00	1.49E-03	-1.27E+01	-2.32E+01
176.25	0.00E+00	1.38E-03	-1.26E+01	-2.32E+01
176.5	0.00E+00	1.38E-03	-1.26E+01	-2.32E+01
176.75	0.00E+00	1.38E-03	-1.26E+01	-2.32E+01
177	0.00E+00	1.38E-03	-1.25E+01	-2.32E+01
177.25	3.24E-04	9.66E-05	-1.25E+01	-2.32E+01
177.5	3.24E-04	9.60E-05	-1.26E+01	-2.32E+01
177.75	3.24E-04	9.54E-05	-1.26E+01	-2.32E+01
178	3.24E-04	9.48E-05	-1.26E+01	-2.32E+01
178.25	0.00E+00	1.66E-03	-1.25E+01	-2.32E+01
178.5	0.00E+00	1.66E-03	-1.25E+01	-2.32E+01
178.75	0.00E+00	1.66E-03	-1.25E+01	-2.32E+01
179	0.00E+00	1.66E-03	-1.24E+01	-2.32E+01
179.25	7.46E-04	9.18E-05	-1.24E+01	-2.32E+01
179.5	7.46E-04	9.13E-05	-1.25E+01	-2.32E+01
179.75	7.46E-04	9.07E-05	-1.25E+01	-2.32E+01
180	7.46E-04	9.01E-05	-1.25E+01	-2.32E+01
180.25	0.00E+00	1.06E-03	-1.25E+01	-2.32E+01
180.5	0.00E+00	1.06E-03	-1.24E+01	-2.32E+01
180.75	0.00E+00	1.06E-03	-1.24E+01	-2.32E+01
181	0.00E+00	1.05E-03	-1.24E+01	-2.32E+01
181.25	0.00E+00	2.07E-03	-1.23E+01	-2.32E+01
181.5	0.00E+00	2.07E-03	-1.23E+01	-2.33E+01
181.75	0.00E+00	2.07E-03	-1.22E+01	-2.33E+01
182	0.00E+00	2.07E-03	-1.22E+01	-2.33E+01
182.25	0.00E+00	1.40E-03	-1.22E+01	-2.33E+01
182.5	0.00E+00	1.40E-03	-1.21E+01	-2.33E+01
182.75	0.00E+00	1.40E-03	-1.21E+01	-2.33E+01
183	0.00E+00	1.40E-03	-1.21E+01	-2.33E+01
183.25	1.50E-03	8.27E-05	-1.21E+01	-2.33E+01
183.5	1.50E-03	8.21E-05	-1.21E+01	-2.33E+01
183.75	1.50E-03	8.16E-05	-1.22E+01	-2.33E+01
184	1.50E-03	8.10E-05	-1.22E+01	-2.33E+01
184.25	0.00E+00	5.25E-04	-1.22E+01	-2.33E+01
184.5	0.00E+00	5.25E-04	-1.22E+01	-2.33E+01
184.75	0.00E+00	5.24E-04	-1.22E+01	-2.33E+01
185	0.00E+00	5.24E-04	-1.22E+01	-2.33E+01
185.25	5.96E-03	7.79E-05	-1.23E+01	-2.33E+01
185.5	5.96E-03	7.72E-05	-1.25E+01	-2.33E+01
185.75	5.96E-03	7.61E-05	-1.26E+01	-2.33E+01
186	5.96E-03	7.64E-05	-1.28E+01	-2.33E+01
186.25	1.02E-17	7.62E-05	-1.28E+01	-2.33E+01
186.5	8.48E-18	7.60E-05	-1.28E+01	-2.33E+01
186.75	0.00E+00	7.57E-05	-1.28E+01	-2.33E+01
187	4.20E-18	7.55E-05	-1.28E+01	-2.33E+01
187.25	0.00E+00	2.15E-03	-1.27E+01	-2.33E+01
187.5	0.00E+00	2.15E-03	-1.27E+01	-2.33E+01
187.75	0.00E+00	2.15E-03	-1.26E+01	-2.33E+01
188	0.00E+00	2.15E-03	-1.26E+01	-2.33E+01
188.25	1.54E-02	7.41E-05	-1.29E+01	-2.33E+01
188.5	1.54E-02	7.39E-05	-1.33E+01	-2.33E+01
188.75	1.54E-02	7.36E-05	-1.37E+01	-2.33E+01
189	1.54E-02	7.33E-05	-1.41E+01	-2.33E+01
189.25	1.52E-02	7.31E-05	-1.45E+01	-2.33E+01
189.5	1.52E-02	7.28E-05	-1.49E+01	-2.33E+01
189.75	1.52E-02	7.26E-05	-1.52E+01	-2.33E+01
190	1.52E-02	7.23E-05	-1.56E+01	-2.33E+01
190.25	3.70E-03	7.21E-05	-1.57E+01	-2.33E+01
190.5	3.70E-03	7.19E-05	-1.58E+01	-2.33E+01
190.75	3.70E-03	7.17E-05	-1.59E+01	-2.33E+01
191	3.70E-03	7.15E-05	-1.60E+01	-2.33E+01
191.25	1.89E-03	7.14E-05	-1.60E+01	-2.33E+01
191.5	1.89E-03	7.14E-05	-1.61E+01	-2.33E+01
191.75	1.89E-03	7.15E-05	-1.61E+01	-2.33E+01
192	1.89E-03	7.20E-05	-1.62E+01	-2.33E+01
192.25	0.00E+00	1.16E-03	-1.61E+01	-2.33E+01
192.5	0.00E+00	1.16E-03	-1.61E+01	-2.33E+01
192.75	0.00E+00	1.17E-03	-1.61E+01	-2.33E+01
193	0.00E+00	1.17E-03	-1.61E+01	-2.33E+01
193.25	2.26E-03	7.97E-05	-1.61E+01	-2.33E+01
193.5	2.26E-03	8.22E-05	-1.62E+01	-2.33E+01
193.75	2.26E-03	8.48E-05	-1.62E+01	-2.33E+01
194	2.26E-03	8.75E-05	-1.63E+01	-2.33E+01
194.25	0.00E+00	1.15E-03	-1.63E+01	-2.33E+01
194.5	0.00E+00	1.15E-03	-1.62E+01	-2.34E+01
194.75	0.00E+00	1.16E-03	-1.62E+01	-2.34E+01
195	0.00E+00	1.17E-03	-1.62E+01	-2.34E+01
195.25	0.00E+00	8.60E-04	-1.62E+01	-2.34E+01
195.5	0.00E+00	8.65E-04	-1.61E+01	-2.34E+01
195.75	0.00E+00	8.70E-04	-1.61E+01	-2.34E+01
196	0.00E+00	8.75E-04	-1.61E+01	-2.34E+01
196.25	0.00E+00	7.11E-04	-1.61E+01	-2.34E+01
196.5	0.00E+00	7.15E-04	-1.61E+01	-2.34E+01
196.75	0.00E+00	7.20E-04	-1.61E+01	-2.34E+01
197	0.00E+00	7.23E-04	-1.60E+01	-2.34E+01
197.25	0.00E+00	1.81E-03	-1.60E+01	-2.34E+01
197.5	0.00E+00	1.81E-03	-1.60E+01	-2.34E+01
197.75	0.00E+00	1.81E-03	-1.59E+01	-2.34E+01
198	0.00E+00	1.82E-03	-1.59E+01	-2.34E+01
198.25	2.06E-02	1.60E-04	-1.64E+01	-2.34E+01
198.5	2.06E-02	1.62E-04	-1.69E+01	-2.34E+01
198.75	2.06E-02	1.63E-04	-1.74E+01	-2.34E+01
199	2.06E-02	1.67E-04	-1.79E+01	-2.34E+01
199.25	0.00E+00	1.18E-03	-1.79E+01	-2.34E+01
199.5	0.00E+00	1.19E-03	-1.79E+01	-2.34E+01
199.75	0.00E+00	1.19E-03	-1.79E+01	-2.34E+01
200	0.00E+00	1.19E-03	-1.78E+01	-2.34E+01
200.25	0.00E+00	2.16E-03	-1.78E+01	-2.34E+01
200.5	0.00E+00	2.16E-03	-1.77E+01	-2.34E+01
200.75	0.00E+00	2.17E-03	-1.77E+01	-2.34E+01
201	0.00E+00	2.18E-03	-1.76E+01	-2.35E+01
201.25	5.32E-03	2.27E-04	-1.78E+01	-2.35E+01
201.5	5.32E-03	2.37E-04	-1.79E+01	-2.35E+01
201.75	5.32E-03	2.47E-04	-1.80E+01	-2.35E+01
202	5.32E-03	2.57E-04	-1.82E+01	-2.35E+01
202.25	9.76E-03	2.66E-04	-1.84E+01	-2.35E+01
202.5	9.76E-03	2.75E-04	-1.87E+01	-2.35E+01
202.75	9.76E-03	2.83E-04	-1.89E+01	-2.35E+01
203	9.76E-03	2.90E-04	-1.91E+01	-2.35E+01
203.25	5.56E-03	2.98E-04	-1.93E+01	-2.35E+01
203.5	5.56E-03	3.05E-04	-1.94E+01	-2.35E+01
203.75	5.56E-03	3.16E-04	-1.96E+01	-2.35E+01
204	5.56E-03	3.37E-04	-1.97E+01	-2.35E+01
204.25	0.00E+00	1.88E-03	-1.97E+01	-2.35E+01
204.5	0.00E+00	1.90E-03	-1.96E+01	-2.36E+01
204.75	0.00E+00	1.93E-03	-1.96E+01	-2.36E+01
205	0.00E+00	1.96E-03	-1.96E+01	-2.36E+01
205.25	0.00E+00	2.41E-03	-1.95E+01	-2.36E+01
205.5	0.00E+00	2.44E-03	-1.95E+01	-2.36E+01
205.75	0.00E+00	2.46E-03	-1.94E+01	-2.36E+01
206	0.00E+00	2.48E-03	-1.94E+01	-2.36E+01
206.25	0.00E+00	1.47E-03	-1.93E+01	-2.36E+01
206.5	0.00E+00	1.49E-03	-1.93E+01	-2.36E+01
206.75	0.00E+00	1.52E-03	-1.93E+01	-2.37E+01
207	0.00E+00	1.55E-03	-1.93E+01	-2.37E+01
207.25	0.00E+00	2.13E-03	-1.92E+01	-2.37E+01
207.5	0.00E+00	2.15E-03	-1.92E+01	-2.37E+01
207.75	0.00E+00	2.17E-03	-1.92E+01	-2.37E+01
208	0.00E+00	2.18E-03	-1.91E+01	-2.37E+01
208.25	0.00E+00	2.64E-03	-1.91E+01	-2.38E+01
208.5	0.00E+00	2.65E-03	-1.90E+01	-2.38E+01
208.75	0.00E+00	2.65E-03	-1.90E+01	-2.38E+01
209	0.00E+00	2.66E-03	-1.89E+01	-2.38E+01
209.25	0.00E+00	2.78E-03	-1.89E+01	-2.38E+01
209.5	0.00E+00	2.78E-03	-1.88E+01	-2.39E+01
209.75	0.00E+00	2.78E-03	-1.88E+01	-2.39E+01
210	0.00E+00	2.78E-03	-1.87E+01	-2.39E+01
210.25	0.00E+00	3.12E-03	-1.87E+01	-2.39E+01
210.5	0.00E+00	3.11E-03	-1.86E+01	-2.39E+01
210.75	0.00E+00	3.11E-03	-1.85E+01	-2.39E+01
211	0.00E+00	3.10E-03	-1.85E+01	-2.40E+01
211.25	0.00E+00	2.72E-03	-1.84E+01	-2.40E+01
211.5	0.00E+00	2.71E-03	-1.84E+01	-2.40E+01
211.75	0.00E+00	2.71E-03	-1.83E+01	-2.40E+01
212	0.00E+00	2.70E-03	-1.83E+01	-2.40E+01
212.25	0.00E+00	2.59E-03	-1.82E+01	-2.40E+01
212.5	0.00E+00	2.58E-03	-1.82E+01	-2.41E+01
212.75	0.00E+00	2.57E-03	-1.81E+01	-2.41E+01
213	0.00E+00	2.56E-03	-1.81E+01	-2.41E+01
213.25	0.00E+00	2.22E-03	-1.80E+01	-2.41E+01
213.5	0.00E+00	2.21E-03	-1.80E+01	-2.41E+01
213.75	0.00E+00	2.20E-03	-1.80E+01	-2.41E+01
214	0.00E+00	2.19E-03	-1.79E+01	-2.42E+01
214.25	0.00E+00	2.66E-03	-1.79E+01	-2.42E+01
214.5	0.00E+00	2.65E-03	-1.78E+01	-2.42E+01
214.75	0.00E+00	2.63E-03	-1.78E+01	-2.42E+01
215	0.00E+00	2.62E-03	-1.77E+01	-2.42E+01
215.25	0.00E+00	2.68E-03	-1.77E+01	-2.42E+01
215.5	0.00E+00	2.67E-03	-1.76E+01	-2.42E+01
215.75	0.00E+00	2.65E-03	-1.76E+01	-2.43E+01
216	0.00E+00	2.65E-03	-1.75E+01	-2.43E+01
216.25	0.00E+00	2.14E-03	-1.75E+01	-2.43E+01
216.5	0.00E+00	2.13E-03	-1.74E+01	-2.43E+01
216.75	0.00E+00	2.12E-03	-1.74E+01	-2.43E+01
217	0.00E+00	2.12E-03	-1.74E+01	-2.43E+01
217.25	0.00E+00	2.63E-03	-1.73E+01	-2.43E+01
217.5	0.00E+00	2.63E-03	-1.72E+01	-2.44E+01
217.75	0.00E+00	2.62E-03	-1.72E+01	-2.44E+01
218	0.00E+00	2.61E-03	-1.71E+01	-2.44E+01
218.25	5.70E-03	4.74E-04	-1.73E+01	-2.44E+01
218.5	5.70E-03	4.67E-04	-1.74E+01	-2.44E+01
218.75	5.70E-03	4.61E-04	-1.76E+01	-2.44E+01
219	5.70E-03	4.55E-04	-1.77E+01	-2.44E+01
219.25	5.64E-03	4.49E-04	-1.79E+01	-2.44E+01
219.5	5.64E-03	4.44E-04	-1.80E+01	-2.44E+01
219.75	5.64E-03	4.38E-04	-1.81E+01	-2.45E+01
220	5.64E-03	4.32E-04	-1.83E+01	-2.45E+01
220.25	0.00E+00	2.67E-03	-1.82E+01	-2.45E+01
220.5	0.00E+00	2.66E-03	-1.82E+01	-2.45E+01
220.75	0.00E+00	2.65E-03	-1.81E+01	-2.45E+01
221	0.00E+00	2.65E-03	-1.80E+01	-2.45E+01
221.25	0.00E+00	3.03E-03	-1.80E+01	-2.45E+01
221.5	0.00E+00	3.02E-03	-1.79E+01	-2.45E+01
221.75	0.00E+00	3.02E-03	-1.79E+01	-2.45E+01
222	0.00E+00	3.02E-03	-1.78E+01	-2.45E+01
222.25	4.19E-03	3.91E-04	-1.79E+01	-2.46E+01
222.5	4.19E-03	3.89E-04	-1.80E+01	-2.46E+01
222.75	4.19E-03	3.86E-04	-1.81E+01	-2.46E+01
223	4.19E-03	3.84E-04	-1.82E+01	-2.46E+01
223.25	0.00E+00	1.99E-03	-1.82E+01	-2.46E+01
223.5	0.00E+00	1.99E-03	-1.81E+01	-2.46E+01
223.75	0.00E+00	1.99E-03	-1.81E+01	-2.46E+01
224	0.00E+00	1.98E-03	-1.80E+01	-2.46E+01
224.25	1.41E-03	3.75E-04	-1.81E+01	-2.46E+01
224.5	1.41E-03	3.74E-04	-1.81E+01	-2.46E+01
224.75	1.41E-03	3.72E-04	-1.82E+01	-2.47E+01
225	1.41E-03	3.71E-04	-1.82E+01	-2.47E+01
225.25	2.46E-02	3.69E-04	-1.88E+01	-2.47E+01
225.5	2.46E-02	3.68E-04	-1.94E+01	-2.47E+01
225.75	2.46E-02	3.67E-04	-2.00E+01	-2.47E+01
226	2.46E-02	3.66E-04	-2.06E+01	-2.47E+01
226.25	0.00E+00	1.92E-03	-2.06E+01	-2.47E+01
226.5	0.00E+00	1.92E-03	-2.06E+01	-2.47E+01
226.75	0.00E+00	1.92E-03	-2.05E+01	-2.47E+01
227	0.00E+00	1.93E-03	-2.05E+01	-2.47E+01
227.25	0.00E+00	9.21E-04	-2.05E+01	-2.47E+01
227.5	0.00E+00	9.37E-04	-2.05E+01	-2.48E+01
227.75	0.00E+00	9.57E-04	-2.05E+01	-2.48E+01
228	0.00E+00	9.77E-04	-2.04E+01	-2.48E+01
228.25	0.00E+00	1.54E-03	-2.04E+01	-2.48E+01
228.5	0.00E+00	1.56E-03	-2.04E+01	-2.48E+01
228.75	0.00E+00	1.58E-03	-2.04E+01	-2.48E+01
229	0.00E+00	1.60E-03	-2.03E+01	-2.48E+01
229.25	0.00E+00	1.93E-03	-2.03E+01	-2.48E+01
229.5	0.00E+00	1.94E-03	-2.03E+01	-2.49E+01
229.75	0.00E+00	1.95E-03	-2.02E+01	-2.49E+01
230	0.00E+00	1.96E-03	-2.02E+01	-2.49E+01
230.25	2.41E-02	5.84E-04	-2.08E+01	-2.49E+01
230.5	2.41E-02	6.01E-04	-2.14E+01	-2.49E+01
230.75	2.41E-02	6.15E-04	-2.20E+01	-2.49E+01
231	2.41E-02	6.28E-04	-2.26E+01	-2.49E+01
231.25	5.79E-03	6.40E-04	-2.27E+01	-2.50E+01
231.5	5.79E-03	6.57E-04	-2.29E+01	-2.50E+01
231.75	5.79E-03	6.89E-04	-2.30E+01	-2.50E+01
232	5.79E-03	7.40E-04	-2.32E+01	-2.50E+01
232.25	5.53E-04	8.06E-04	-2.32E+01	-2.50E+01
232.5	5.53E-04	8.79E-04	-2.32E+01	-2.50E+01
232.75	5.53E-04	9.53E-04	-2.32E+01	-2.51E+01
233	5.53E-04	1.02E-03	-2.32E+01	-2.51E+01
233.25	0.00E+00	2.06E-03	-2.32E+01	-2.51E+01
233.5	0.00E+00	2.17E-03	-2.32E+01	-2.52E+01
233.75	0.00E+00	2.26E-03	-2.32E+01	-2.52E+01
234	0.00E+00	2.34E-03	-2.31E+01	-2.52E+01
234.25	0.00E+00	2.74E-03	-2.31E+01	-2.53E+01
234.5	0.00E+00	2.79E-03	-2.31E+01	-2.53E+01
234.75	0.00E+00	2.82E-03	-2.30E+01	-2.53E+01
235	0.00E+00	2.85E-03	-2.30E+01	-2.54E+01
235.25	0.00E+00	2.93E-03	-2.30E+01	-2.54E+01
235.5	0.00E+00	2.94E-03	-2.29E+01	-2.54E+01
235.75	0.00E+00	2.94E-03	-2.29E+01	-2.55E+01
236	0.00E+00	2.94E-03	-2.29E+01	-2.55E+01
236.25	1.46E-03	1.57E-03	-2.29E+01	-2.56E+01
236.5	1.46E-03	1.56E-03	-2.29E+01	-2.56E+01
236.75	1.46E-03	1.55E-03	-2.30E+01	-2.56E+01
237	1.46E-03	1.53E-03	-2.30E+01	-2.57E+01
237.25	1.43E-02	1.52E-03	-2.34E+01	-2.57E+01
237.5	1.43E-02	1.50E-03	-2.37E+01	-2.58E+01
237.75	1.43E-02	1.49E-03	-2.41E+01	-2.58E+01
238	1.43E-02	1.48E-03	-2.45E+01	-2.58E+01
238.25	0.00E+00	2.67E-03	-2.44E+01	-2.59E+01
238.5	0.00E+00	2.68E-03	-2.44E+01	-2.59E+01
238.75	0.00E+00	2.72E-03	-2.44E+01	-2.59E+01
239	0.00E+00	2.76E-03	-2.43E+01	-2.60E+01
239.25	1.10E-02	1.62E-03	-2.46E+01	-2.60E+01
239.5	1.10E-02	1.66E-03	-2.49E+01	-2.61E+01
239.75	1.10E-02	1.69E-03	-2.52E+01	-2.61E+01
240	1.10E-02	1.73E-03	-2.54E+01	-2.61E+01
240.25	0.00E+00	2.93E-03	-2.54E+01	-2.62E+01
240.5	0.00E+00	3.00E-03	-2.54E+01	-2.62E+01
240.75	0.00E+00	3.10E-03	-2.53E+01	-2.63E+01
241	0.00E+00	3.21E-03	-2.53E+01	-2.63E+01
241.25	0.00E+00	3.30E-03	-2.53E+01	-2.64E+01
241.5	0.00E+00	3.36E-03	-2.53E+01	-2.64E+01
241.75	0.00E+00	3.41E-03	-2.52E+01	-2.65E+01
242	0.00E+00	3.44E-03	-2.52E+01	-2.65E+01
242.25	1.00E-02	2.28E-03	-2.54E+01	-2.66E+01
242.5	1.00E-02	2.28E-03	-2.57E+01	-2.67E+01
242.75	1.00E-02	2.27E-03	-2.59E+01	-2.67E+01
243	1.00E-02	2.26E-03	-2.62E+01	-2.68E+01
243.25	0.00E+00	3.38E-03	-2.62E+01	-2.68E+01
243.5	0.00E+00	3.41E-03	-2.61E+01	-2.69E+01
243.75	0.00E+00	3.45E-03	-2.61E+01	-2.69E+01
244	0.00E+00	3.49E-03	-2.61E+01	-2.70E+01
244.25	0.00E+00	3.65E-03	-2.61E+01	-2.71E+01
244.5	0.00E+00	3.68E-03	-2.60E+01	-2.71E+01
244.75	0.00E+00	3.69E-03	-2.60E+01	-2.72E+01
245	0.00E+00	3.69E-03	-2.60E+01	-2.72E+01
245.25	0.00E+00	3.81E-03	-2.59E+01	-2.73E+01
245.5	0.00E+00	3.79E-03	-2.59E+01	-2.74E+01
245.75	0.00E+00	3.76E-03	-2.59E+01	-2.74E+01
246	0.00E+00	3.73E-03	-2.58E+01	-2.75E+01
246.25	0.00E+00	3.61E-03	-2.58E+01	-2.75E+01
246.5	0.00E+00	3.56E-03	-2.58E+01	-2.76E+01
246.75	0.00E+00	3.52E-03	-2.57E+01	-2.77E+01
247	0.00E+00	3.47E-03	-2.57E+01	-2.77E+01
247.25	0.00E+00	3.36E-03	-2.57E+01	-2.78E+01
247.5	0.00E+00	3.30E-03	-2.56E+01	-2.78E+01
247.75	0.00E+00	3.25E-03	-2.56E+01	-2.79E+01
248	0.00E+00	3.20E-03	-2.56E+01	-2.79E+01
248.25	0.00E+00	3.34E-03	-2.55E+01	-2.80E+01
248.5	0.00E+00	3.28E-03	-2.55E+01	-2.80E+01
248.75	0.00E+00	3.23E-03	-2.55E+01	-2.81E+01
249	0.00E+00	3.17E-03	-2.54E+01	-2.81E+01
249.25	0.00E+00	3.31E-03	-2.54E+01	-2.82E+01
249.5	0.00E+00	3.28E-03	-2.54E+01	-2.82E+01
249.75	0.00E+00	3.25E-03	-2.53E+01	-2.82E+01
250	0.00E+00	3.22E-03	-2.53E+01	-2.83E+01
250.25	0.00E+00	3.08E-03	-2.52E+01	-2.83E+01
250.5	0.00E+00	3.05E-03	-2.52E+01	-2.84E+01
250.75	0.00E+00	3.02E-03	-2.52E+01	-2.84E+01
251	0.00E+00	2.99E-03	-2.51E+01	-2.84E+01
251.25	0.00E+00	2.90E-03	-2.51E+01	-2.85E+01
251.5	0.00E+00	2.87E-03	-2.51E+01	-2.85E+01
251.75	0.00E+00	2.84E-03	-2.50E+01	-2.85E+01
252	0.00E+00	2.81E-03	-2.50E+01	-2.86E+01
252.25	0.00E+00	3.04E-03	-2.49E+01	-2.86E+01
252.5	0.00E+00	3.01E-03	-2.49E+01	-2.86E+01
252.75	0.00E+00	2.99E-03	-2.49E+01	-2.87E+01
253	0.00E+00	2.96E-03	-2.48E+01	-2.87E+01
253.25	0.00E+00	2.09E-03	-2.48E+01	-2.87E+01
253.5	0.00E+00	2.06E-03	-2.48E+01	-2.88E+01
253.75	0.00E+00	2.03E-03	-2.48E+01	-2.88E+01
254	0.00E+00	2.01E-03	-2.47E+01	-2.88E+01
254.25	1.12E-02	1.15E-03	-2.50E+01	-2.89E+01
254.5	1.12E-02	1.12E-03	-2.53E+01	-2.89E+01
254.75	1.12E-02	1.09E-03	-2.56E+01	-2.89E+01
255	1.12E-02	1.07E-03	-2.59E+01	-2.89E+01
255.25	0.00E+00	2.42E-03	-2.58E+01	-2.90E+01
255.5	0.00E+00	2.40E-03	-2.58E+01	-2.90E+01
255.75	0.00E+00	2.38E-03	-2.57E+01	-2.90E+01
256	0.00E+00	2.37E-03	-2.57E+01	-2.91E+01
256.25	3.49E-03	9.95E-04	-2.58E+01	-2.91E+01
256.5	3.49E-03	9.97E-04	-2.59E+01	-2.91E+01
256.75	3.49E-03	1.00E-03	-2.60E+01	-2.91E+01
257	3.49E-03	1.01E-03	-2.61E+01	-2.92E+01
257.25	0.00E+00	1.60E-03	-2.60E+01	-2.92E+01
257.5	0.00E+00	1.60E-03	-2.60E+01	-2.92E+01
257.75	0.00E+00	1.61E-03	-2.60E+01	-2.92E+01
258	0.00E+00	1.62E-03	-2.60E+01	-2.93E+01
258.25	0.00E+00	1.12E-03	-2.60E+01	-2.93E+01
258.5	0.00E+00	1.12E-03	-2.60E+01	-2.93E+01
258.75	0.00E+00	1.13E-03	-2.60E+01	-2.93E+01
259	0.00E+00	1.14E-03	-2.60E+01	-2.94E+01
259.25	0.00E+00	1.88E-03	-2.60E+01	-2.94E+01
259.5	0.00E+00	1.88E-03	-2.60E+01	-2.94E+01
259.75	0.00E+00	1.88E-03	-2.59E+01	-2.94E+01
260	0.00E+00	1.88E-03	-2.59E+01	-2.95E+01
260.25	0.00E+00	2.18E-03	-2.59E+01	-2.95E+01
260.5	0.00E+00	2.18E-03	-2.59E+01	-2.95E+01
260.75	0.00E+00	2.17E-03	-2.58E+01	-2.96E+01
261	0.00E+00	2.17E-03	-2.58E+01	-2.96E+01
261.25	1.96E-03	1.07E-03	-2.59E+01	-2.96E+01
261.5	1.96E-03	1.06E-03	-2.59E+01	-2.96E+01
261.75	1.96E-03	1.05E-03	-2.60E+01	-2.97E+01
262	1.96E-03	1.04E-03	-2.60E+01	-2.97E+01
262.25	0.00E+00	1.92E-03	-2.60E+01	-2.97E+01
262.5	0.00E+00	1.91E-03	-2.60E+01	-2.97E+01
262.75	0.00E+00	1.90E-03	-2.59E+01	-2.98E+01
263	0.00E+00	1.89E-03	-2.59E+01	-2.98E+01
263.25	0.00E+00	1.73E-03	-2.59E+01	-2.98E+01
263.5	0.00E+00	1.73E-03	-2.59E+01	-2.98E+01
263.75	0.00E+00	1.72E-03	-2.59E+01	-2.99E+01
264	0.00E+00	1.72E-03	-2.58E+01	-2.99E+01
264.25	0.00E+00	1.95E-03	-2.58E+01	-2.99E+01
264.5	0.00E+00	1.95E-03	-2.58E+01	-2.99E+01
264.75	0.00E+00	1.94E-03	-2.58E+01	-3.00E+01
265	0.00E+00	1.93E-03	-2.57E+01	-3.00E+01
265.25	1.59E-02	9.40E-04	-2.61E+01	-3.00E+01
265.5	1.59E-02	9.33E-04	-2.65E+01	-3.00E+01
265.75	1.59E-02	9.26E-04	-2.69E+01	-3.00E+01
266	1.59E-02	9.19E-04	-2.73E+01	-3.01E+01
266.25	7.09E-03	9.13E-04	-2.75E+01	-3.01E+01
266.5	7.09E-03	9.12E-04	-2.77E+01	-3.01E+01
266.75	7.09E-03	9.17E-04	-2.79E+01	-3.01E+01
267	7.09E-03	9.31E-04	-2.80E+01	-3.02E+01
267.25	4.09E-03	9.53E-04	-2.81E+01	-3.02E+01
267.5	4.09E-03	9.82E-04	-2.83E+01	-3.02E+01
267.75	4.09E-03	1.01E-03	-2.84E+01	-3.02E+01
268	4.09E-03	1.08E-03	-2.85E+01	-3.03E+01
268.25	0.00E+00	1.57E-03	-2.84E+01	-3.03E+01
268.5	0.00E+00	1.65E-03	-2.84E+01	-3.03E+01
268.75	0.00E+00	1.72E-03	-2.84E+01	-3.04E+01
269	0.00E+00	1.79E-03	-2.84E+01	-3.04E+01
269.25	0.00E+00	2.00E-03	-2.84E+01	-3.04E+01
269.5	0.00E+00	2.05E-03	-2.84E+01	-3.05E+01
269.75	0.00E+00	2.09E-03	-2.84E+01	-3.05E+01
270	0.00E+00	2.12E-03	-2.84E+01	-3.05E+01
270.25	0.00E+00	2.06E-03	-2.83E+01	-3.06E+01
270.5	0.00E+00	2.07E-03	-2.83E+01	-3.06E+01
270.75	0.00E+00	2.08E-03	-2.83E+01	-3.07E+01
271	0.00E+00	2.09E-03	-2.83E+01	-3.07E+01
271.25	4.15E-04	1.60E-03	-2.83E+01	-3.07E+01
271.5	4.15E-04	1.59E-03	-2.83E+01	-3.08E+01
271.75	4.15E-04	1.59E-03	-2.83E+01	-3.08E+01
272	4.15E-04	1.58E-03	-2.83E+01	-3.09E+01
272.25	6.11E-04	1.57E-03	-2.84E+01	-3.09E+01
272.5	6.11E-04	1.56E-03	-2.84E+01	-3.09E+01
272.75	6.11E-04	1.55E-03	-2.84E+01	-3.10E+01
273	6.11E-04	1.54E-03	-2.84E+01	-3.10E+01
273.25	0.00E+00	2.00E-03	-2.84E+01	-3.10E+01
273.5	0.00E+00	1.99E-03	-2.84E+01	-3.11E+01
273.75	0.00E+00	1.98E-03	-2.84E+01	-3.11E+01
274	0.00E+00	1.96E-03	-2.84E+01	-3.12E+01
274.25	1.94E-04	1.48E-03	-2.84E+01	-3.12E+01
274.5	1.94E-04	1.47E-03	-2.84E+01	-3.12E+01
274.75	1.94E-04	1.46E-03	-2.84E+01	-3.13E+01
275	1.94E-04	1.44E-03	-2.84E+01	-3.13E+01
275.25	0.00E+00	2.07E-03	-2.84E+01	-3.13E+01
275.5	0.00E+00	2.06E-03	-2.84E+01	-3.14E+01
275.75	0.00E+00	2.04E-03	-2.83E+01	-3.14E+01
276	0.00E+00	2.03E-03	-2.83E+01	-3.14E+01
276.25	0.00E+00	2.08E-03	-2.83E+01	-3.15E+01
276.5	0.00E+00	2.07E-03	-2.83E+01	-3.15E+01
276.75	0.00E+00	2.05E-03	-2.83E+01	-3.15E+01
277	0.00E+00	2.04E-03	-2.82E+01	-3.16E+01
277.25	0.00E+00	2.03E-03	-2.82E+01	-3.16E+01
277.5	0.00E+00	2.01E-03	-2.82E+01	-3.16E+01
277.75	0.00E+00	2.00E-03	-2.82E+01	-3.17E+01
278	0.00E+00	1.98E-03	-2.82E+01	-3.17E+01
278.25	0.00E+00	1.55E-03	-2.82E+01	-3.17E+01
278.5	0.00E+00	1.54E-03	-2.82E+01	-3.18E+01
278.75	0.00E+00	1.52E-03	-2.82E+01	-3.18E+01
279	0.00E+00	1.50E-03	-2.81E+01	-3.18E+01
279.25	0.00E+00	1.70E-03	-2.81E+01	-3.19E+01
279.5	0.00E+00	1.68E-03	-2.81E+01	-3.19E+01
279.75	0.00E+00	1.66E-03	-2.81E+01	-3.19E+01
280	0.00E+00	1.64E-03	-2.81E+01	-3.20E+01
280.25	0.00E+00	1.62E-03	-2.81E+01	-3.20E+01
280.5	0.00E+00	1.60E-03	-2.81E+01	-3.20E+01
280.75	0.00E+00	1.58E-03	-2.81E+01	-3.20E+01
281	0.00E+00	1.56E-03	-2.80E+01	-3.21E+01
281.25	0.00E+00	1.43E-03	-2.80E+01	-3.21E+01
281.5	0.00E+00	1.41E-03	-2.80E+01	-3.21E+01
281.75	0.00E+00	1.39E-03	-2.80E+01	-3.21E+01
282	0.00E+00	1.38E-03	-2.80E+01	-3.22E+01
282.25	0.00E+00	1.44E-03	-2.80E+01	-3.22E+01
282.5	0.00E+00	1.43E-03	-2.80E+01	-3.22E+01
282.75	0.00E+00	1.42E-03	-2.80E+01	-3.22E+01
283	0.00E+00	1.41E-03	-2.80E+01	-3.23E+01
283.25	0.00E+00	1.53E-03	-2.79E+01	-3.23E+01
283.5	0.00E+00	1.53E-03	-2.79E+01	-3.23E+01
283.75	0.00E+00	1.52E-03	-2.79E+01	-3.23E+01
284	0.00E+00	1.51E-03	-2.79E+01	-3.23E+01
284.25	0.00E+00	1.64E-03	-2.79E+01	-3.24E+01
284.5	0.00E+00	1.63E-03	-2.79E+01	-3.24E+01
284.75	0.00E+00	1.62E-03	-2.78E+01	-3.24E+01
285	0.00E+00	1.61E-03	-2.78E+01	-3.24E+01
285.25	0.00E+00	1.54E-03	-2.78E+01	-3.25E+01
285.5	0.00E+00	1.54E-03	-2.78E+01	-3.25E+01
285.75	0.00E+00	1.53E-03	-2.78E+01	-3.25E+01
286	0.00E+00	1.52E-03	-2.78E+01	-3.25E+01
286.25	0.00E+00	1.31E-03	-2.77E+01	-3.25E+01
286.5	0.00E+00	1.30E-03	-2.77E+01	-3.26E+01
286.75	0.00E+00	1.29E-03	-2.77E+01	-3.26E+01
287	0.00E+00	1.29E-03	-2.77E+01	-3.26E+01
287.25	0.00E+00	1.42E-03	-2.77E+01	-3.26E+01
287.5	0.00E+00	1.42E-03	-2.77E+01	-3.26E+01
287.75	0.00E+00	1.41E-03	-2.77E+01	-3.27E+01
288	0.00E+00	1.40E-03	-2.76E+01	-3.27E+01
288.25	4.64E-03	7.64E-04	-2.78E+01	-3.27E+01
288.5	4.64E-03	7.56E-04	-2.79E+01	-3.27E+01
288.75	4.64E-03	7.48E-04	-2.80E+01	-3.27E+01
289	4.64E-03	7.39E-04	-2.81E+01	-3.28E+01
289.25	0.00E+00	9.59E-04	-2.81E+01	-3.28E+01
289.5	0.00E+00	9.51E-04	-2.81E+01	-3.28E+01
289.75	0.00E+00	9.44E-04	-2.81E+01	-3.28E+01
290	0.00E+00	9.37E-04	-2.81E+01	-3.28E+01
290.25	1.19E-02	7.04E-04	-2.84E+01	-3.28E+01
290.5	1.19E-02	6.99E-04	-2.87E+01	-3.29E+01
290.75	1.19E-02	6.94E-04	-2.90E+01	-3.29E+01
291	1.19E-02	6.91E-04	-2.93E+01	-3.29E+01
291.25	2.30E-05	6.89E-04	-2.93E+01	-3.29E+01
291.5	2.30E-05	6.88E-04	-2.93E+01	-3.29E+01
291.75	2.30E-05	6.91E-04	-2.93E+01	-3.30E+01
292	2.30E-05	6.98E-04	-2.93E+01	-3.30E+01
292.25	0.00E+00	9.91E-04	-2.93E+01	-3.30E+01
292.5	0.00E+00	1.01E-03	-2.93E+01	-3.30E+01
292.75	0.00E+00	1.02E-03	-2.93E+01	-3.30E+01
293	0.00E+00	1.04E-03	-2.92E+01	-3.30E+01
293.25	2.76E-02	7.73E-04	-2.99E+01	-3.31E+01
293.5	2.76E-02	7.89E-04	-3.06E+01	-3.31E+01
293.75	2.76E-02	8.04E-04	-3.13E+01	-3.31E+01
294	2.76E-02	8.19E-04	-3.20E+01	-3.31E+01
294.25	0.00E+00	1.61E-03	-3.20E+01	-3.31E+01
294.5	0.00E+00	1.66E-03	-3.20E+01	-3.32E+01
294.75	0.00E+00	1.73E-03	-3.19E+01	-3.32E+01
295	0.00E+00	1.82E-03	-3.19E+01	-3.32E+01
295.25	0.00E+00	1.83E-03	-3.19E+01	-3.32E+01
295.5	0.00E+00	1.98E-03	-3.19E+01	-3.33E+01
295.75	0.00E+00	2.10E-03	-3.19E+01	-3.33E+01
296	0.00E+00	2.20E-03	-3.19E+01	-3.33E+01
296.25	0.00E+00	2.36E-03	-3.19E+01	-3.34E+01
296.5	0.00E+00	2.42E-03	-3.18E+01	-3.34E+01
296.75	0.00E+00	2.46E-03	-3.18E+01	-3.35E+01
297	0.00E+00	2.50E-03	-3.18E+01	-3.35E+01
297.25	0.00E+00	2.44E-03	-3.18E+01	-3.36E+01
297.5	0.00E+00	2.46E-03	-3.18E+01	-3.36E+01
297.75	0.00E+00	2.48E-03	-3.18E+01	-3.37E+01
298	0.00E+00	2.48E-03	-3.17E+01	-3.37E+01
298.25	0.00E+00	2.63E-03	-3.17E+01	-3.38E+01
298.5	0.00E+00	2.61E-03	-3.17E+01	-3.38E+01
298.75	0.00E+00	2.59E-03	-3.17E+01	-3.38E+01
299	0.00E+00	2.57E-03	-3.17E+01	-3.39E+01
299.25	0.00E+00	2.01E-03	-3.17E+01	-3.39E+01
299.5	0.00E+00	1.98E-03	-3.17E+01	-3.40E+01
299.75	0.00E+00	1.96E-03	-3.16E+01	-3.40E+01
300	0.00E+00	1.94E-03	-3.16E+01	-3.41E+01
300.25	2.46E-03	1.70E-03	-3.17E+01	-3.41E+01
300.5	2.46E-03	1.68E-03	-3.18E+01	-3.42E+01
300.75	2.46E-03	1.66E-03	-3.18E+01	-3.42E+01
301	2.46E-03	1.64E-03	-3.19E+01	-3.42E+01
301.25	0.00E+00	1.87E-03	-3.19E+01	-3.43E+01
301.5	0.00E+00	1.85E-03	-3.19E+01	-3.43E+01
301.75	0.00E+00	1.84E-03	-3.19E+01	-3.44E+01
302	0.00E+00	1.82E-03	-3.19E+01	-3.44E+01
302.25	4.63E-04	1.57E-03	-3.19E+01	-3.44E+01
302.5	4.63E-04	1.55E-03	-3.19E+01	-3.45E+01
302.75	4.63E-04	1.54E-03	-3.19E+01	-3.45E+01
303	4.63E-04	1.53E-03	-3.19E+01	-3.46E+01
303.25	0.00E+00	1.60E-03	-3.19E+01	-3.46E+01
303.5	0.00E+00	1.59E-03	-3.19E+01	-3.46E+01
303.75	0.00E+00	1.58E-03	-3.19E+01	-3.47E+01
304	0.00E+00	1.57E-03	-3.19E+01	-3.47E+01
304.25	0.00E+00	1.68E-03	-3.19E+01	-3.47E+01
304.5	0.00E+00	1.67E-03	-3.19E+01	-3.48E+01
304.75	0.00E+00	1.65E-03	-3.19E+01	-3.48E+01
305	0.00E+00	1.64E-03	-3.19E+01	-3.48E+01
305.25	5.26E-03	1.42E-03	-3.20E+01	-3.49E+01
305.5	5.26E-03	1.41E-03	-3.21E+01	-3.49E+01
305.75	5.26E-03	1.39E-03	-3.23E+01	-3.50E+01
306	5.26E-03	1.38E-03	-3.24E+01	-3.50E+01
306.25	1.71E-03	1.37E-03	-3.24E+01	-3.50E+01
306.5	1.71E-03	1.36E-03	-3.25E+01	-3.51E+01
306.75	1.71E-03	1.35E-03	-3.25E+01	-3.51E+01
307	1.71E-03	1.35E-03	-3.26E+01	-3.51E+01
307.25	0.00E+00	1.51E-03	-3.26E+01	-3.52E+01
307.5	0.00E+00	1.51E-03	-3.26E+01	-3.52E+01
307.75	0.00E+00	1.52E-03	-3.26E+01	-3.52E+01
308	0.00E+00	1.52E-03	-3.26E+01	-3.53E+01
308.25	0.00E+00	1.53E-03	-3.26E+01	-3.53E+01
308.5	0.00E+00	1.53E-03	-3.26E+01	-3.53E+01
308.75	0.00E+00	1.53E-03	-3.25E+01	-3.54E+01
309	0.00E+00	1.53E-03	-3.25E+01	-3.54E+01
309.25	0.00E+00	1.51E-03	-3.25E+01	-3.54E+01
309.5	0.00E+00	1.51E-03	-3.25E+01	-3.55E+01
309.75	0.00E+00	1.51E-03	-3.25E+01	-3.55E+01
310	0.00E+00	1.50E-03	-3.25E+01	-3.55E+01
310.25	4.00E-03	1.35E-03	-3.26E+01	-3.56E+01
310.5	4.00E-03	1.35E-03	-3.27E+01	-3.56E+01
310.75	4.00E-03	1.34E-03	-3.28E+01	-3.56E+01
311	4.00E-03	1.33E-03	-3.29E+01	-3.57E+01
311.25	4.28E-04	1.32E-03	-3.29E+01	-3.57E+01
311.5	4.28E-04	1.31E-03	-3.30E+01	-3.57E+01
311.75	4.28E-04	1.31E-03	-3.30E+01	-3.58E+01
312	4.28E-04	1.30E-03	-3.30E+01	-3.58E+01
312.25	0.00E+00	1.46E-03	-3.30E+01	-3.58E+01
312.5	0.00E+00	1.46E-03	-3.30E+01	-3.59E+01
312.75	0.00E+00	1.46E-03	-3.30E+01	-3.59E+01
313	0.00E+00	1.46E-03	-3.30E+01	-3.59E+01
313.25	9.47E-04	1.30E-03	-3.30E+01	-3.60E+01
313.5	9.47E-04	1.30E-03	-3.30E+01	-3.60E+01
313.75	9.47E-04	1.29E-03	-3.30E+01	-3.60E+01
314	9.47E-04	1.29E-03	-3.31E+01	-3.61E+01
314.25	3.25E-03	1.29E-03	-3.31E+01	-3.61E+01
314.5	3.25E-03	1.28E-03	-3.32E+01	-3.61E+01
314.75	3.25E-03	1.28E-03	-3.33E+01	-3.62E+01
315	3.25E-03	1.27E-03	-3.34E+01	-3.62E+01
315.25	0.00E+00	1.40E-03	-3.34E+01	-3.62E+01
315.5	0.00E+00	1.40E-03	-3.34E+01	-3.63E+01
315.75	0.00E+00	1.40E-03	-3.34E+01	-3.63E+01
316	0.00E+00	1.40E-03	-3.34E+01	-3.63E+01
316.25	1.88E-03	1.26E-03	-3.34E+01	-3.63E+01
316.5	1.88E-03	1.26E-03	-3.35E+01	-3.64E+01
316.75	1.88E-03	1.26E-03	-3.35E+01	-3.64E+01
317	1.88E-03	1.26E-03	-3.36E+01	-3.64E+01
317.25	6.10E-04	1.26E-03	-3.36E+01	-3.65E+01
317.5	6.10E-04	1.26E-03	-3.36E+01	-3.65E+01
317.75	6.10E-04	1.26E-03	-3.36E+01	-3.65E+01
318	6.10E-04	1.26E-03	-3.36E+01	-3.66E+01
318.25	1.37E-17	1.26E-03	-3.36E+01	-3.66E+01
318.5	3.62E-17	1.26E-03	-3.36E+01	-3.66E+01
318.75	4.48E-18	1.26E-03	-3.36E+01	-3.67E+01
319	0.00E+00	1.26E-03	-3.36E+01	-3.67E+01
319.25	0.00E+00	1.42E-03	-3.36E+01	-3.67E+01
319.5	0.00E+00	1.41E-03	-3.36E+01	-3.68E+01
319.75	0.00E+00	1.41E-03	-3.36E+01	-3.68E+01
320	0.00E+00	1.41E-03	-3.36E+01	-3.68E+01
320.25	0.00E+00	1.33E-03	-3.36E+01	-3.68E+01
320.5	0.00E+00	1.32E-03	-3.36E+01	-3.69E+01
320.75	0.00E+00	1.32E-03	-3.36E+01	-3.69E+01
321	0.00E+00	1.31E-03	-3.36E+01	-3.69E+01
321.25	1.05E-02	1.21E-03	-3.38E+01	-3.70E+01
321.5	1.05E-02	1.20E-03	-3.41E+01	-3.70E+01
321.75	1.05E-02	1.19E-03	-3.44E+01	-3.70E+01
322	1.05E-02	1.18E-03	-3.46E+01	-3.71E+01
322.25	4.06E-02	1.18E-03	-3.57E+01	-3.71E+01
322.5	4.06E-02	1.17E-03	-3.67E+01	-3.71E+01
322.75	4.06E-02	1.18E-03	-3.77E+01	-3.71E+01
323	4.06E-02	1.24E-03	-3.87E+01	-3.72E+01
323.25	3.70E-03	1.48E-03	-3.88E+01	-3.72E+01
323.5	3.70E-03	1.94E-03	-3.89E+01	-3.73E+01
323.75	3.70E-03	2.78E-03	-3.90E+01	-3.73E+01
324	3.70E-03	3.50E-03	-3.91E+01	-3.74E+01
324.25	5.57E-04	4.21E-03	-3.91E+01	-3.75E+01
324.5	5.57E-04	4.62E-03	-3.91E+01	-3.76E+01
324.75	5.57E-04	4.86E-03	-3.91E+01	-3.77E+01
325	5.57E-04	4.97E-03	-3.91E+01	-3.78E+01
325.25	2.08E-03	5.00E-03	-3.92E+01	-3.80E+01
325.5	2.08E-03	4.98E-03	-3.92E+01	-3.81E+01
325.75	2.08E-03	4.92E-03	-3.93E+01	-3.82E+01
326	2.08E-03	4.86E-03	-3.93E+01	-3.83E+01
326.25	1.73E-03	4.78E-03	-3.94E+01	-3.85E+01
326.5	1.73E-03	4.70E-03	-3.94E+01	-3.86E+01
326.75	1.73E-03	4.62E-03	-3.95E+01	-3.87E+01
327	1.73E-03	4.54E-03	-3.95E+01	-3.88E+01
327.25	0.00E+00	4.53E-03	-3.95E+01	-3.89E+01
327.5	0.00E+00	4.45E-03	-3.95E+01	-3.90E+01
327.75	0.00E+00	4.36E-03	-3.95E+01	-3.91E+01
328	0.00E+00	4.27E-03	-3.95E+01	-3.92E+01
328.25	1.24E-17	4.09E-03	-3.95E+01	-3.93E+01
328.5	1.05E-17	3.99E-03	-3.95E+01	-3.94E+01
328.75	0.00E+00	3.88E-03	-3.95E+01	-3.95E+01
329	0.00E+00	3.77E-03	-3.95E+01	-3.96E+01
329.25	7.39E-18	3.66E-03	-3.95E+01	-3.97E+01
329.5	3.40E-17	3.55E-03	-3.95E+01	-3.98E+01
329.75	2.95E-17	3.44E-03	-3.95E+01	-3.99E+01
330	0.00E+00	3.33E-03	-3.95E+01	-4.00E+01
330.25	6.17E-03	3.22E-03	-3.97E+01	-4.01E+01
330.5	6.17E-03	3.11E-03	-3.98E+01	-4.02E+01
330.75	6.17E-03	3.02E-03	-4.00E+01	-4.02E+01
331	6.17E-03	2.97E-03	-4.01E+01	-4.03E+01
331.25	7.70E-05	2.94E-03	-4.01E+01	-4.04E+01
331.5	7.70E-05	2.93E-03	-4.01E+01	-4.05E+01
331.75	7.70E-05	2.92E-03	-4.01E+01	-4.05E+01
332	7.70E-05	2.92E-03	-4.01E+01	-4.06E+01
332.25	5.03E-03	2.91E-03	-4.02E+01	-4.07E+01
332.5	5.03E-03	2.89E-03	-4.04E+01	-4.07E+01
332.75	5.03E-03	2.88E-03	-4.05E+01	-4.08E+01
333	5.03E-03	2.86E-03	-4.06E+01	-4.09E+01
333.25	3.80E-05	2.85E-03	-4.06E+01	-4.10E+01
333.5	3.80E-05	2.85E-03	-4.06E+01	-4.10E+01
333.75	3.80E-05	2.85E-03	-4.06E+01	-4.11E+01
334	3.80E-05	2.86E-03	-4.06E+01	-4.12E+01
334.25	0.00E+00	2.86E-03	-4.06E+01	-4.12E+01
334.5	0.00E+00	2.85E-03	-4.06E+01	-4.13E+01
334.75	0.00E+00	2.83E-03	-4.06E+01	-4.14E+01
335	0.00E+00	2.81E-03	-4.06E+01	-4.15E+01
335.25	0.00E+00	2.83E-03	-4.06E+01	-4.15E+01
335.5	0.00E+00	2.80E-03	-4.06E+01	-4.16E+01
335.75	0.00E+00	2.77E-03	-4.06E+01	-4.17E+01
336	0.00E+00	2.73E-03	-4.06E+01	-4.17E+01
336.25	4.63E-18	2.62E-03	-4.06E+01	-4.18E+01
336.5	0.00E+00	2.58E-03	-4.06E+01	-4.19E+01
336.75	6.94E-17	2.54E-03	-4.06E+01	-4.19E+01
337	0.00E+00	2.49E-03	-4.06E+01	-4.20E+01
337.25	7.02E-17	2.45E-03	-4.06E+01	-4.21E+01
337.5	0.00E+00	2.41E-03	-4.06E+01	-4.21E+01
337.75	0.00E+00	2.36E-03	-4.06E+01	-4.22E+01
338	1.24E-17	2.32E-03	-4.06E+01	-4.22E+01
338.25	1.11E-04	2.28E-03	-4.06E+01	-4.23E+01
338.5	1.11E-04	2.23E-03	-4.06E+01	-4.23E+01
338.75	1.11E-04	2.19E-03	-4.06E+01	-4.24E+01
339	1.11E-04	2.15E-03	-4.06E+01	-4.25E+01
339.25	0.00E+00	2.13E-03	-4.06E+01	-4.25E+01
339.5	0.00E+00	2.09E-03	-4.06E+01	-4.26E+01
339.75	0.00E+00	2.05E-03	-4.06E+01	-4.26E+01
340	0.00E+00	2.01E-03	-4.06E+01	-4.27E+01
340.25	2.27E-17	1.94E-03	-4.06E+01	-4.27E+01
340.5	8.24E-20	1.90E-03	-4.06E+01	-4.28E+01
340.75	1.58E-18	1.87E-03	-4.06E+01	-4.28E+01
341	0.00E+00	1.83E-03	-4.06E+01	-4.29E+01
341.25	0.00E+00	1.86E-03	-4.06E+01	-4.29E+01
341.5	0.00E+00	1.83E-03	-4.06E+01	-4.29E+01
341.75	0.00E+00	1.81E-03	-4.06E+01	-4.30E+01
342	0.00E+00	1.79E-03	-4.06E+01	-4.30E+01
342.25	0.00E+00	1.74E-03	-4.06E+01	-4.31E+01
342.5	0.00E+00	1.72E-03	-4.06E+01	-4.31E+01
342.75	0.00E+00	1.70E-03	-4.06E+01	-4.32E+01
343	0.00E+00	1.68E-03	-4.06E+01	-4.32E+01
343.25	4.20E-18	1.62E-03	-4.06E+01	-4.32E+01
343.5	3.34E-17	1.60E-03	-4.06E+01	-4.33E+01
343.75	1.58E-17	1.58E-03	-4.06E+01	-4.33E+01
344	0.00E+00	1.56E-03	-4.06E+01	-4.34E+01
344.25	0.00E+00	1.62E-03	-4.06E+01	-4.34E+01
344.5	0.00E+00	1.60E-03	-4.06E+01	-4.34E+01
344.75	0.00E+00	1.59E-03	-4.06E+01	-4.35E+01
345	0.00E+00	1.57E-03	-4.06E+01	-4.35E+01
345.25	0.00E+00	1.55E-03	-4.06E+01	-4.35E+01
345.5	0.00E+00	1.54E-03	-4.06E+01	-4.36E+01
345.75	0.00E+00	1.52E-03	-4.06E+01	-4.36E+01
346	0.00E+00	1.50E-03	-4.06E+01	-4.37E+01
346.25	0.00E+00	1.53E-03	-4.06E+01	-4.37E+01
346.5	0.00E+00	1.51E-03	-4.06E+01	-4.37E+01
346.75	0.00E+00	1.49E-03	-4.06E+01	-4.38E+01
347	0.00E+00	1.48E-03	-4.06E+01	-4.38E+01
347.25	0.00E+00	1.44E-03	-4.06E+01	-4.38E+01
347.5	0.00E+00	1.42E-03	-4.06E+01	-4.39E+01
347.75	0.00E+00	1.40E-03	-4.06E+01	-4.39E+01
348	0.00E+00	1.39E-03	-4.06E+01	-4.39E+01
348.25	0.00E+00	1.37E-03	-4.06E+01	-4.40E+01
348.5	0.00E+00	1.35E-03	-4.06E+01	-4.40E+01
348.75	0.00E+00	1.33E-03	-4.06E+01	-4.40E+01
349	0.00E+00	1.32E-03	-4.06E+01	-4.41E+01
349.25	0.00E+00	1.35E-03	-4.06E+01	-4.41E+01
349.5	0.00E+00	1.33E-03	-4.06E+01	-4.41E+01
349.75	0.00E+00	1.32E-03	-4.06E+01	-4.41E+01
350	0.00E+00	1.30E-03	-4.06E+01	-4.42E+01
350.25	1.60E-03	1.15E-03	-4.06E+01	-4.42E+01
350.5	1.60E-03	1.14E-03	-4.06E+01	-4.42E+01
350.75	1.60E-03	1.12E-03	-4.07E+01	-4.43E+01
351	1.60E-03	1.11E-03	-4.07E+01	-4.43E+01
351.25	2.23E-02	1.09E-03	-4.13E+01	-4.43E+01
351.5	2.23E-02	1.08E-03	-4.18E+01	-4.43E+01
351.75	2.23E-02	1.07E-03	-4.24E+01	-4.44E+01
352	2.23E-02	1.06E-03	-4.30E+01	-4.44E+01
352.25	3.98E-04	1.05E-03	-4.30E+01	-4.44E+01
352.5	3.98E-04	1.07E-03	-4.30E+01	-4.44E+01
352.75	3.98E-04	1.13E-03	-4.30E+01	-4.45E+01
353	3.98E-04	1.22E-03	-4.30E+01	-4.45E+01
353.25	0.00E+00	1.32E-03	-4.30E+01	-4.45E+01
353.5	9.43E-17	1.41E-03	-4.30E+01	-4.46E+01
353.75	0.00E+00	1.49E-03	-4.30E+01	-4.46E+01
354	3.16E-17	1.56E-03	-4.30E+01	-4.46E+01
354.25	0.00E+00	1.62E-03	-4.30E+01	-4.47E+01
354.5	8.57E-17	1.66E-03	-4.30E+01	-4.47E+01
354.75	2.47E-17	1.70E-03	-4.30E+01	-4.48E+01
355	1.53E-17	1.72E-03	-4.30E+01	-4.48E+01
355.25	1.23E-18	1.74E-03	-4.30E+01	-4.49E+01
355.5	0.00E+00	1.75E-03	-4.30E+01	-4.49E+01
355.75	0.00E+00	1.76E-03	-4.30E+01	-4.49E+01
356	1.23E-17	1.76E-03	-4.30E+01	-4.50E+01
356.25	7.32E-03	1.76E-03	-4.32E+01	-4.50E+01
356.5	7.32E-03	1.76E-03	-4.34E+01	-4.51E+01
356.75	7.32E-03	1.75E-03	-4.35E+01	-4.51E+01
357	7.32E-03	1.75E-03	-4.37E+01	-4.52E+01
357.25	0.00E+00	1.92E-03	-4.37E+01	-4.52E+01
357.5	0.00E+00	1.92E-03	-4.37E+01	-4.52E+01
357.75	0.00E+00	1.93E-03	-4.37E+01	-4.53E+01
358	0.00E+00	1.95E-03	-4.37E+01	-4.53E+01
358.25	1.57E-02	1.80E-03	-4.41E+01	-4.54E+01
358.5	1.57E-02	1.82E-03	-4.45E+01	-4.54E+01
358.75	1.57E-02	1.84E-03	-4.49E+01	-4.55E+01
359	1.57E-02	1.87E-03	-4.53E+01	-4.55E+01
359.25	0.00E+00	1.97E-03	-4.53E+01	-4.56E+01
359.5	0.00E+00	2.07E-03	-4.53E+01	-4.56E+01
359.75	0.00E+00	2.21E-03	-4.53E+01	-4.57E+01
360	0.00E+00	2.35E-03	-4.53E+01	-4.57E+01
360.25	7.48E-17	2.44E-03	-4.53E+01	-4.58E+01
360.5	0.00E+00	2.53E-03	-4.53E+01	-4.58E+01
360.75	0.00E+00	2.59E-03	-4.53E+01	-4.59E+01
361	0.00E+00	2.63E-03	-4.53E+01	-4.60E+01
361.25	2.31E-03	2.66E-03	-4.53E+01	-4.60E+01
361.5	2.31E-03	2.66E-03	-4.54E+01	-4.61E+01
361.75	2.31E-03	2.66E-03	-4.54E+01	-4.62E+01
362	2.31E-03	2.65E-03	-4.55E+01	-4.62E+01
362.25	7.15E-03	2.64E-03	-4.57E+01	-4.63E+01
362.5	7.15E-03	2.63E-03	-4.59E+01	-4.64E+01
362.75	7.15E-03	2.62E-03	-4.60E+01	-4.64E+01
363	7.15E-03	2.62E-03	-4.62E+01	-4.65E+01
363.25	3.04E-04	2.63E-03	-4.62E+01	-4.66E+01
363.5	3.04E-04	2.66E-03	-4.62E+01	-4.66E+01
363.75	3.04E-04	2.69E-03	-4.62E+01	-4.67E+01
364	3.04E-04	2.72E-03	-4.62E+01	-4.68E+01
364.25	2.02E-04	2.74E-03	-4.63E+01	-4.68E+01
364.5	2.02E-04	2.75E-03	-4.63E+01	-4.69E+01
364.75	2.02E-04	2.75E-03	-4.63E+01	-4.70E+01
365	2.02E-04	2.75E-03	-4.63E+01	-4.70E+01
