title = "dataset c2b"
variables = "time", "cum top solute flux-influx [mol/m2/d]", "cum bottom solute flux-outflux [mol/m2/d]", "cum top gas flux-outflux [mol/m2/d]", "cum bottom gas flux-influx [mol/m2/d]"  
zone t = "mass balance for component - reactive transport", f=point
0.25	1.54E-03	1.48E-03	4.95E-04	0.00E+00
0.5	3.08E-03	2.96E-03	1.37E-03	0.00E+00
0.75	4.62E-03	4.45E-03	2.48E-03	0.00E+00
1	6.16E-03	5.93E-03	3.79E-03	0.00E+00
1.25	6.16E-03	7.41E-03	4.81E-03	0.00E+00
1.5	6.16E-03	8.89E-03	6.07E-03	0.00E+00
1.75	6.16E-03	1.04E-02	7.50E-03	0.00E+00
2	6.16E-03	1.19E-02	9.08E-03	0.00E+00
2.25	6.22E-03	1.33E-02	1.08E-02	0.00E+00
2.5	6.28E-03	1.48E-02	1.26E-02	0.00E+00
2.75	6.34E-03	1.62E-02	1.45E-02	0.00E+00
3	6.40E-03	1.76E-02	1.65E-02	0.00E+00
3.25	7.10E-03	1.90E-02	1.88E-02	0.00E+00
3.5	7.80E-03	2.04E-02	2.11E-02	0.00E+00
3.75	8.51E-03	2.17E-02	2.35E-02	0.00E+00
4	9.21E-03	2.30E-02	2.58E-02	0.00E+00
4.25	1.07E-02	2.43E-02	2.84E-02	0.00E+00
4.5	1.22E-02	2.56E-02	3.10E-02	0.00E+00
4.75	1.38E-02	2.69E-02	3.35E-02	0.00E+00
5	1.53E-02	2.81E-02	3.60E-02	0.00E+00
5.25	1.63E-02	2.94E-02	3.85E-02	0.00E+00
5.5	1.74E-02	3.06E-02	4.09E-02	0.00E+00
5.75	1.85E-02	3.18E-02	4.35E-02	0.00E+00
6	1.96E-02	3.30E-02	4.60E-02	0.00E+00
6.25	1.96E-02	3.42E-02	4.83E-02	0.00E+00
6.5	1.96E-02	3.54E-02	5.07E-02	0.00E+00
6.75	1.96E-02	3.66E-02	5.33E-02	0.00E+00
7	1.96E-02	3.78E-02	5.59E-02	0.00E+00
7.25	2.12E-02	3.90E-02	5.90E-02	0.00E+00
7.5	2.29E-02	4.02E-02	6.20E-02	0.00E+00
7.75	2.45E-02	4.13E-02	6.49E-02	0.00E+00
8	2.61E-02	4.25E-02	6.78E-02	0.00E+00
8.25	2.86E-02	4.36E-02	7.08E-02	0.00E+00
8.5	3.10E-02	4.48E-02	7.36E-02	0.00E+00
8.75	3.34E-02	4.59E-02	7.64E-02	0.00E+00
9	3.58E-02	4.70E-02	7.91E-02	0.00E+00
9.25	3.66E-02	4.82E-02	8.15E-02	0.00E+00
9.5	3.73E-02	4.93E-02	8.39E-02	0.00E+00
9.75	3.80E-02	5.04E-02	8.65E-02	0.00E+00
10	3.88E-02	5.16E-02	8.92E-02	0.00E+00
10.25	4.33E-02	5.28E-02	9.27E-02	0.00E+00
10.5	4.79E-02	5.39E-02	9.58E-02	0.00E+00
10.75	5.25E-02	5.51E-02	9.86E-02	0.00E+00
11	5.71E-02	5.63E-02	1.01E-01	0.00E+00
11.25	6.83E-02	5.75E-02	1.05E-01	0.00E+00
11.5	7.95E-02	5.87E-02	1.07E-01	0.00E+00
11.75	9.07E-02	6.00E-02	1.10E-01	0.00E+00
12	1.02E-01	6.14E-02	1.12E-01	0.00E+00
12.25	1.02E-01	6.29E-02	1.12E-01	0.00E+00
12.5	1.02E-01	6.47E-02	1.13E-01	0.00E+00
12.75	1.02E-01	6.70E-02	1.14E-01	0.00E+00
13	1.02E-01	6.94E-02	1.16E-01	0.00E+00
13.25	1.06E-01	7.21E-02	1.19E-01	0.00E+00
13.5	1.10E-01	7.48E-02	1.21E-01	0.00E+00
13.75	1.14E-01	7.76E-02	1.23E-01	0.00E+00
14	1.18E-01	8.04E-02	1.26E-01	0.00E+00
14.25	1.21E-01	8.33E-02	1.28E-01	0.00E+00
14.5	1.23E-01	8.61E-02	1.30E-01	0.00E+00
14.75	1.26E-01	8.91E-02	1.32E-01	0.00E+00
15	1.28E-01	9.21E-02	1.34E-01	0.00E+00
15.25	1.29E-01	9.51E-02	1.36E-01	0.00E+00
15.5	1.30E-01	9.81E-02	1.38E-01	0.00E+00
15.75	1.30E-01	1.01E-01	1.41E-01	0.00E+00
16	1.31E-01	1.04E-01	1.44E-01	0.00E+00
16.25	1.31E-01	1.07E-01	1.46E-01	0.00E+00
16.5	1.31E-01	1.10E-01	1.49E-01	0.00E+00
16.75	1.31E-01	1.13E-01	1.52E-01	0.00E+00
17	1.32E-01	1.15E-01	1.55E-01	0.00E+00
17.25	1.32E-01	1.18E-01	1.59E-01	0.00E+00
17.5	1.32E-01	1.20E-01	1.62E-01	0.00E+00
17.75	1.33E-01	1.23E-01	1.65E-01	0.00E+00
18	1.33E-01	1.25E-01	1.68E-01	0.00E+00
18.25	1.42E-01	1.27E-01	1.73E-01	0.00E+00
18.5	1.50E-01	1.30E-01	1.76E-01	0.00E+00
18.75	1.58E-01	1.32E-01	1.79E-01	0.00E+00
19	1.67E-01	1.34E-01	1.81E-01	0.00E+00
19.25	1.67E-01	1.36E-01	1.82E-01	0.00E+00
19.5	1.67E-01	1.38E-01	1.84E-01	0.00E+00
19.75	1.67E-01	1.41E-01	1.86E-01	0.00E+00
20	1.67E-01	1.43E-01	1.88E-01	0.00E+00
20.25	1.67E-01	1.46E-01	1.91E-01	0.00E+00
20.5	1.67E-01	1.49E-01	1.94E-01	0.00E+00
20.75	1.67E-01	1.52E-01	1.97E-01	0.00E+00
21	1.67E-01	1.54E-01	2.00E-01	0.00E+00
21.25	1.69E-01	1.57E-01	2.03E-01	0.00E+00
21.5	1.70E-01	1.59E-01	2.07E-01	0.00E+00
21.75	1.72E-01	1.62E-01	2.10E-01	0.00E+00
22	1.73E-01	1.64E-01	2.13E-01	0.00E+00
22.25	1.73E-01	1.66E-01	2.16E-01	0.00E+00
22.5	1.73E-01	1.69E-01	2.19E-01	0.00E+00
22.75	1.73E-01	1.71E-01	2.22E-01	0.00E+00
23	1.73E-01	1.73E-01	2.26E-01	0.00E+00
23.25	1.74E-01	1.75E-01	2.29E-01	0.00E+00
23.5	1.76E-01	1.77E-01	2.33E-01	0.00E+00
23.75	1.77E-01	1.79E-01	2.36E-01	0.00E+00
24	1.78E-01	1.81E-01	2.40E-01	0.00E+00
24.25	1.78E-01	1.83E-01	2.43E-01	0.00E+00
24.5	1.78E-01	1.85E-01	2.46E-01	0.00E+00
24.75	1.78E-01	1.87E-01	2.50E-01	0.00E+00
25	1.78E-01	1.89E-01	2.53E-01	0.00E+00
25.25	1.78E-01	1.91E-01	2.57E-01	0.00E+00
25.5	1.78E-01	1.92E-01	2.60E-01	0.00E+00
25.75	1.78E-01	1.94E-01	2.64E-01	0.00E+00
26	1.78E-01	1.96E-01	2.68E-01	0.00E+00
26.25	1.78E-01	1.97E-01	2.72E-01	0.00E+00
26.5	1.79E-01	1.99E-01	2.75E-01	0.00E+00
26.75	1.80E-01	2.00E-01	2.79E-01	0.00E+00
27	1.81E-01	2.02E-01	2.83E-01	0.00E+00
27.25	1.82E-01	2.03E-01	2.86E-01	0.00E+00
27.5	1.83E-01	2.05E-01	2.90E-01	0.00E+00
27.75	1.84E-01	2.06E-01	2.93E-01	0.00E+00
28	1.85E-01	2.07E-01	2.97E-01	0.00E+00
28.25	1.85E-01	2.09E-01	3.00E-01	0.00E+00
28.5	1.85E-01	2.10E-01	3.04E-01	0.00E+00
28.75	1.85E-01	2.12E-01	3.07E-01	0.00E+00
29	1.85E-01	2.13E-01	3.11E-01	0.00E+00
29.25	1.85E-01	2.14E-01	3.14E-01	0.00E+00
29.5	1.85E-01	2.16E-01	3.18E-01	0.00E+00
29.75	1.85E-01	2.17E-01	3.22E-01	0.00E+00
30	1.85E-01	2.18E-01	3.25E-01	0.00E+00
30.25	1.86E-01	2.19E-01	3.29E-01	0.00E+00
30.5	1.88E-01	2.21E-01	3.33E-01	0.00E+00
30.75	1.89E-01	2.22E-01	3.37E-01	0.00E+00
31	1.91E-01	2.23E-01	3.41E-01	0.00E+00
31.25	1.93E-01	2.24E-01	3.45E-01	0.00E+00
31.5	1.96E-01	2.25E-01	3.49E-01	0.00E+00
31.75	1.98E-01	2.26E-01	3.52E-01	0.00E+00
32	2.01E-01	2.28E-01	3.56E-01	0.00E+00
32.25	2.08E-01	2.29E-01	3.60E-01	0.00E+00
32.5	2.15E-01	2.30E-01	3.63E-01	0.00E+00
32.75	2.22E-01	2.31E-01	3.66E-01	0.00E+00
33	2.29E-01	2.32E-01	3.69E-01	0.00E+00
33.25	2.29E-01	2.33E-01	3.70E-01	0.00E+00
33.5	2.29E-01	2.34E-01	3.72E-01	0.00E+00
33.75	2.29E-01	2.36E-01	3.75E-01	0.00E+00
34	2.29E-01	2.37E-01	3.78E-01	0.00E+00
34.25	2.29E-01	2.39E-01	3.81E-01	0.00E+00
34.5	2.29E-01	2.40E-01	3.85E-01	0.00E+00
34.75	2.29E-01	2.42E-01	3.88E-01	0.00E+00
35	2.29E-01	2.43E-01	3.92E-01	0.00E+00
35.25	2.29E-01	2.45E-01	3.96E-01	0.00E+00
35.5	2.29E-01	2.46E-01	3.99E-01	0.00E+00
35.75	2.29E-01	2.48E-01	4.03E-01	0.00E+00
36	2.29E-01	2.50E-01	4.07E-01	0.00E+00
36.25	2.29E-01	2.51E-01	4.11E-01	0.00E+00
36.5	2.30E-01	2.53E-01	4.15E-01	0.00E+00
36.75	2.30E-01	2.54E-01	4.19E-01	0.00E+00
37	2.31E-01	2.56E-01	4.23E-01	0.00E+00
37.25	2.34E-01	2.57E-01	4.27E-01	0.00E+00
37.5	2.37E-01	2.58E-01	4.31E-01	0.00E+00
37.75	2.40E-01	2.60E-01	4.35E-01	0.00E+00
38	2.44E-01	2.61E-01	4.39E-01	0.00E+00
38.25	2.46E-01	2.62E-01	4.42E-01	0.00E+00
38.5	2.48E-01	2.64E-01	4.45E-01	0.00E+00
38.75	2.50E-01	2.65E-01	4.48E-01	0.00E+00
39	2.53E-01	2.66E-01	4.51E-01	0.00E+00
39.25	2.53E-01	2.68E-01	4.54E-01	0.00E+00
39.5	2.53E-01	2.69E-01	4.57E-01	0.00E+00
39.75	2.53E-01	2.70E-01	4.61E-01	0.00E+00
40	2.53E-01	2.72E-01	4.64E-01	0.00E+00
40.25	2.57E-01	2.73E-01	4.68E-01	0.00E+00
40.5	2.60E-01	2.75E-01	4.72E-01	0.00E+00
40.75	2.63E-01	2.76E-01	4.75E-01	0.00E+00
41	2.66E-01	2.77E-01	4.78E-01	0.00E+00
41.25	2.66E-01	2.79E-01	4.81E-01	0.00E+00
41.5	2.66E-01	2.80E-01	4.84E-01	0.00E+00
41.75	2.66E-01	2.82E-01	4.87E-01	0.00E+00
42	2.66E-01	2.83E-01	4.91E-01	0.00E+00
42.25	2.66E-01	2.85E-01	4.94E-01	0.00E+00
42.5	2.66E-01	2.86E-01	4.98E-01	0.00E+00
42.75	2.66E-01	2.87E-01	5.01E-01	0.00E+00
43	2.66E-01	2.89E-01	5.05E-01	0.00E+00
43.25	2.66E-01	2.90E-01	5.09E-01	0.00E+00
43.5	2.66E-01	2.92E-01	5.13E-01	0.00E+00
43.75	2.66E-01	2.93E-01	5.16E-01	0.00E+00
44	2.66E-01	2.95E-01	5.20E-01	0.00E+00
44.25	2.66E-01	2.96E-01	5.24E-01	0.00E+00
44.5	2.66E-01	2.97E-01	5.28E-01	0.00E+00
44.75	2.66E-01	2.99E-01	5.32E-01	0.00E+00
45	2.66E-01	3.00E-01	5.36E-01	0.00E+00
45.25	2.66E-01	3.01E-01	5.39E-01	0.00E+00
45.5	2.66E-01	3.02E-01	5.43E-01	0.00E+00
45.75	2.66E-01	3.04E-01	5.47E-01	0.00E+00
46	2.66E-01	3.05E-01	5.51E-01	0.00E+00
46.25	2.66E-01	3.06E-01	5.55E-01	0.00E+00
46.5	2.66E-01	3.07E-01	5.59E-01	0.00E+00
46.75	2.66E-01	3.08E-01	5.63E-01	0.00E+00
47	2.66E-01	3.09E-01	5.67E-01	0.00E+00
47.25	2.66E-01	3.11E-01	5.71E-01	0.00E+00
47.5	2.66E-01	3.12E-01	5.75E-01	0.00E+00
47.75	2.66E-01	3.13E-01	5.78E-01	0.00E+00
48	2.66E-01	3.14E-01	5.82E-01	0.00E+00
48.25	2.66E-01	3.15E-01	5.86E-01	0.00E+00
48.5	2.66E-01	3.16E-01	5.90E-01	0.00E+00
48.75	2.66E-01	3.17E-01	5.94E-01	0.00E+00
49	2.66E-01	3.17E-01	5.98E-01	0.00E+00
49.25	2.66E-01	3.18E-01	6.02E-01	0.00E+00
49.5	2.66E-01	3.19E-01	6.06E-01	0.00E+00
49.75	2.66E-01	3.20E-01	6.10E-01	0.00E+00
50	2.66E-01	3.21E-01	6.14E-01	0.00E+00
50.25	2.66E-01	3.22E-01	6.18E-01	0.00E+00
50.5	2.66E-01	3.23E-01	6.22E-01	0.00E+00
50.75	2.66E-01	3.24E-01	6.25E-01	0.00E+00
51	2.66E-01	3.24E-01	6.29E-01	0.00E+00
51.25	2.66E-01	3.25E-01	6.33E-01	0.00E+00
51.5	2.66E-01	3.26E-01	6.37E-01	0.00E+00
51.75	2.66E-01	3.27E-01	6.41E-01	0.00E+00
52	2.66E-01	3.28E-01	6.45E-01	0.00E+00
52.25	2.66E-01	3.28E-01	6.49E-01	0.00E+00
52.5	2.66E-01	3.29E-01	6.53E-01	0.00E+00
52.75	2.66E-01	3.30E-01	6.57E-01	0.00E+00
53	2.66E-01	3.31E-01	6.61E-01	0.00E+00
53.25	2.66E-01	3.31E-01	6.65E-01	0.00E+00
53.5	2.66E-01	3.32E-01	6.69E-01	0.00E+00
53.75	2.66E-01	3.33E-01	6.73E-01	0.00E+00
54	2.66E-01	3.33E-01	6.77E-01	0.00E+00
54.25	2.67E-01	3.34E-01	6.81E-01	0.00E+00
54.5	2.69E-01	3.35E-01	6.85E-01	0.00E+00
54.75	2.70E-01	3.35E-01	6.90E-01	0.00E+00
55	2.72E-01	3.36E-01	6.94E-01	0.00E+00
55.25	2.72E-01	3.37E-01	6.97E-01	0.00E+00
55.5	2.72E-01	3.37E-01	7.01E-01	0.00E+00
55.75	2.73E-01	3.38E-01	7.04E-01	0.00E+00
56	2.73E-01	3.39E-01	7.08E-01	0.00E+00
56.25	2.75E-01	3.39E-01	7.12E-01	0.00E+00
56.5	2.76E-01	3.40E-01	7.16E-01	0.00E+00
56.75	2.78E-01	3.40E-01	7.20E-01	0.00E+00
57	2.80E-01	3.41E-01	7.24E-01	0.00E+00
57.25	2.83E-01	3.41E-01	7.28E-01	0.00E+00
57.5	2.87E-01	3.42E-01	7.32E-01	0.00E+00
57.75	2.91E-01	3.43E-01	7.35E-01	0.00E+00
58	2.94E-01	3.43E-01	7.39E-01	0.00E+00
58.25	2.94E-01	3.44E-01	7.42E-01	0.00E+00
58.5	2.94E-01	3.44E-01	7.45E-01	0.00E+00
58.75	2.94E-01	3.45E-01	7.48E-01	0.00E+00
59	2.94E-01	3.46E-01	7.51E-01	0.00E+00
59.25	2.94E-01	3.46E-01	7.55E-01	0.00E+00
59.5	2.94E-01	3.47E-01	7.58E-01	0.00E+00
59.75	2.94E-01	3.48E-01	7.62E-01	0.00E+00
60	2.94E-01	3.48E-01	7.65E-01	0.00E+00
60.25	2.94E-01	3.49E-01	7.69E-01	0.00E+00
60.5	2.94E-01	3.50E-01	7.73E-01	0.00E+00
60.75	2.94E-01	3.50E-01	7.76E-01	0.00E+00
61	2.94E-01	3.51E-01	7.80E-01	0.00E+00
61.25	2.94E-01	3.52E-01	7.84E-01	0.00E+00
61.5	2.94E-01	3.52E-01	7.88E-01	0.00E+00
61.75	2.94E-01	3.53E-01	7.92E-01	0.00E+00
62	2.94E-01	3.54E-01	7.96E-01	0.00E+00
62.25	2.94E-01	3.55E-01	7.99E-01	0.00E+00
62.5	2.94E-01	3.55E-01	8.03E-01	0.00E+00
62.75	2.94E-01	3.56E-01	8.07E-01	0.00E+00
63	2.94E-01	3.57E-01	8.11E-01	0.00E+00
63.25	2.94E-01	3.57E-01	8.15E-01	0.00E+00
63.5	2.94E-01	3.58E-01	8.19E-01	0.00E+00
63.75	2.94E-01	3.59E-01	8.23E-01	0.00E+00
64	2.94E-01	3.59E-01	8.27E-01	0.00E+00
64.25	2.94E-01	3.60E-01	8.31E-01	0.00E+00
64.5	2.94E-01	3.61E-01	8.35E-01	0.00E+00
64.75	2.94E-01	3.61E-01	8.39E-01	0.00E+00
65	2.94E-01	3.62E-01	8.43E-01	0.00E+00
65.25	2.97E-01	3.62E-01	8.47E-01	0.00E+00
65.5	2.99E-01	3.63E-01	8.52E-01	0.00E+00
65.75	3.01E-01	3.64E-01	8.56E-01	0.00E+00
66	3.04E-01	3.64E-01	8.60E-01	0.00E+00
66.25	3.05E-01	3.65E-01	8.63E-01	0.00E+00
66.5	3.06E-01	3.65E-01	8.67E-01	0.00E+00
66.75	3.07E-01	3.66E-01	8.71E-01	0.00E+00
67	3.08E-01	3.67E-01	8.74E-01	0.00E+00
67.25	3.08E-01	3.67E-01	8.78E-01	0.00E+00
67.5	3.08E-01	3.68E-01	8.81E-01	0.00E+00
67.75	3.08E-01	3.68E-01	8.85E-01	0.00E+00
68	3.08E-01	3.69E-01	8.89E-01	0.00E+00
68.25	3.09E-01	3.69E-01	8.93E-01	0.00E+00
68.5	3.10E-01	3.70E-01	8.97E-01	0.00E+00
68.75	3.11E-01	3.71E-01	9.01E-01	0.00E+00
69	3.13E-01	3.71E-01	9.05E-01	0.00E+00
69.25	3.13E-01	3.72E-01	9.08E-01	0.00E+00
69.5	3.13E-01	3.72E-01	9.12E-01	0.00E+00
69.75	3.14E-01	3.73E-01	9.16E-01	0.00E+00
70	3.14E-01	3.73E-01	9.19E-01	0.00E+00
70.25	3.14E-01	3.74E-01	9.23E-01	0.00E+00
70.5	3.14E-01	3.75E-01	9.27E-01	0.00E+00
70.75	3.14E-01	3.75E-01	9.31E-01	0.00E+00
71	3.14E-01	3.76E-01	9.34E-01	0.00E+00
71.25	3.16E-01	3.76E-01	9.39E-01	0.00E+00
71.5	3.18E-01	3.77E-01	9.43E-01	0.00E+00
71.75	3.20E-01	3.78E-01	9.47E-01	0.00E+00
72	3.22E-01	3.78E-01	9.51E-01	0.00E+00
72.25	3.23E-01	3.79E-01	9.55E-01	0.00E+00
72.5	3.24E-01	3.79E-01	9.58E-01	0.00E+00
72.75	3.25E-01	3.80E-01	9.62E-01	0.00E+00
73	3.25E-01	3.80E-01	9.66E-01	0.00E+00
73.25	3.25E-01	3.81E-01	9.70E-01	0.00E+00
73.5	3.25E-01	3.82E-01	9.74E-01	0.00E+00
73.75	3.25E-01	3.82E-01	9.78E-01	0.00E+00
74	3.25E-01	3.83E-01	9.82E-01	0.00E+00
74.25	3.25E-01	3.83E-01	9.86E-01	0.00E+00
74.5	3.25E-01	3.84E-01	9.90E-01	0.00E+00
74.75	3.25E-01	3.85E-01	9.94E-01	0.00E+00
75	3.25E-01	3.85E-01	9.98E-01	0.00E+00
75.25	3.25E-01	3.86E-01	1.00E+00	0.00E+00
75.5	3.25E-01	3.86E-01	1.01E+00	0.00E+00
75.75	3.25E-01	3.87E-01	1.01E+00	0.00E+00
76	3.25E-01	3.87E-01	1.01E+00	0.00E+00
76.25	3.25E-01	3.88E-01	1.02E+00	0.00E+00
76.5	3.25E-01	3.89E-01	1.02E+00	0.00E+00
76.75	3.25E-01	3.89E-01	1.03E+00	0.00E+00
77	3.25E-01	3.90E-01	1.03E+00	0.00E+00
77.25	3.25E-01	3.90E-01	1.03E+00	0.00E+00
77.5	3.25E-01	3.91E-01	1.04E+00	0.00E+00
77.75	3.25E-01	3.91E-01	1.04E+00	0.00E+00
78	3.25E-01	3.92E-01	1.05E+00	0.00E+00
78.25	3.26E-01	3.93E-01	1.05E+00	0.00E+00
78.5	3.27E-01	3.93E-01	1.06E+00	0.00E+00
78.75	3.28E-01	3.94E-01	1.06E+00	0.00E+00
79	3.29E-01	3.94E-01	1.06E+00	0.00E+00
79.25	3.30E-01	3.95E-01	1.07E+00	0.00E+00
79.5	3.30E-01	3.95E-01	1.07E+00	0.00E+00
79.75	3.30E-01	3.96E-01	1.08E+00	0.00E+00
80	3.31E-01	3.96E-01	1.08E+00	0.00E+00
80.25	3.34E-01	3.96E-01	1.09E+00	0.00E+00
80.5	3.36E-01	3.97E-01	1.09E+00	0.00E+00
80.75	3.39E-01	3.97E-01	1.10E+00	0.00E+00
81	3.42E-01	3.98E-01	1.10E+00	0.00E+00
81.25	3.43E-01	3.98E-01	1.10E+00	0.00E+00
81.5	3.43E-01	3.99E-01	1.11E+00	0.00E+00
81.75	3.44E-01	3.99E-01	1.11E+00	0.00E+00
82	3.44E-01	4.00E-01	1.11E+00	0.00E+00
82.25	3.44E-01	4.00E-01	1.12E+00	0.00E+00
82.5	3.44E-01	4.01E-01	1.12E+00	0.00E+00
82.75	3.44E-01	4.01E-01	1.13E+00	0.00E+00
83	3.44E-01	4.02E-01	1.13E+00	0.00E+00
83.25	3.44E-01	4.02E-01	1.13E+00	0.00E+00
83.5	3.44E-01	4.02E-01	1.14E+00	0.00E+00
83.75	3.44E-01	4.03E-01	1.14E+00	0.00E+00
84	3.44E-01	4.03E-01	1.14E+00	0.00E+00
84.25	3.44E-01	4.04E-01	1.15E+00	0.00E+00
84.5	3.44E-01	4.04E-01	1.15E+00	0.00E+00
84.75	3.44E-01	4.05E-01	1.16E+00	0.00E+00
85	3.44E-01	4.05E-01	1.16E+00	0.00E+00
85.25	3.44E-01	4.06E-01	1.16E+00	0.00E+00
85.5	3.44E-01	4.06E-01	1.17E+00	0.00E+00
85.75	3.44E-01	4.07E-01	1.17E+00	0.00E+00
86	3.44E-01	4.07E-01	1.18E+00	0.00E+00
86.25	3.44E-01	4.08E-01	1.18E+00	0.00E+00
86.5	3.44E-01	4.08E-01	1.18E+00	0.00E+00
86.75	3.44E-01	4.08E-01	1.19E+00	0.00E+00
87	3.44E-01	4.09E-01	1.19E+00	0.00E+00
87.25	3.44E-01	4.09E-01	1.20E+00	0.00E+00
87.5	3.44E-01	4.10E-01	1.20E+00	0.00E+00
87.75	3.44E-01	4.10E-01	1.20E+00	0.00E+00
88	3.44E-01	4.11E-01	1.21E+00	0.00E+00
88.25	3.44E-01	4.11E-01	1.21E+00	0.00E+00
88.5	3.44E-01	4.12E-01	1.22E+00	0.00E+00
88.75	3.44E-01	4.12E-01	1.22E+00	0.00E+00
89	3.44E-01	4.12E-01	1.22E+00	0.00E+00
89.25	3.44E-01	4.13E-01	1.23E+00	0.00E+00
89.5	3.44E-01	4.13E-01	1.23E+00	0.00E+00
89.75	3.44E-01	4.14E-01	1.24E+00	0.00E+00
90	3.44E-01	4.14E-01	1.24E+00	0.00E+00
90.25	3.44E-01	4.14E-01	1.25E+00	0.00E+00
90.5	3.44E-01	4.15E-01	1.25E+00	0.00E+00
90.75	3.44E-01	4.15E-01	1.25E+00	0.00E+00
91	3.44E-01	4.16E-01	1.26E+00	0.00E+00
91.25	3.44E-01	4.16E-01	1.26E+00	0.00E+00
91.5	3.44E-01	4.16E-01	1.27E+00	0.00E+00
91.75	3.44E-01	4.17E-01	1.27E+00	0.00E+00
92	3.44E-01	4.17E-01	1.27E+00	0.00E+00
92.25	3.44E-01	4.17E-01	1.28E+00	0.00E+00
92.5	3.44E-01	4.18E-01	1.28E+00	0.00E+00
92.75	3.44E-01	4.18E-01	1.29E+00	0.00E+00
93	3.44E-01	4.18E-01	1.29E+00	0.00E+00
93.25	3.45E-01	4.19E-01	1.30E+00	0.00E+00
93.5	3.45E-01	4.19E-01	1.30E+00	0.00E+00
93.75	3.46E-01	4.20E-01	1.30E+00	0.00E+00
94	3.47E-01	4.20E-01	1.31E+00	0.00E+00
94.25	3.47E-01	4.20E-01	1.31E+00	0.00E+00
94.5	3.47E-01	4.20E-01	1.32E+00	0.00E+00
94.75	3.47E-01	4.21E-01	1.32E+00	0.00E+00
95	3.47E-01	4.21E-01	1.32E+00	0.00E+00
95.25	3.53E-01	4.21E-01	1.33E+00	0.00E+00
95.5	3.59E-01	4.22E-01	1.34E+00	0.00E+00
95.75	3.65E-01	4.22E-01	1.34E+00	0.00E+00
96	3.71E-01	4.22E-01	1.34E+00	0.00E+00
96.25	3.71E-01	4.23E-01	1.35E+00	0.00E+00
96.5	3.71E-01	4.23E-01	1.35E+00	0.00E+00
96.75	3.71E-01	4.23E-01	1.35E+00	0.00E+00
97	3.71E-01	4.23E-01	1.36E+00	0.00E+00
97.25	3.74E-01	4.24E-01	1.36E+00	0.00E+00
97.5	3.76E-01	4.24E-01	1.37E+00	0.00E+00
97.75	3.78E-01	4.24E-01	1.37E+00	0.00E+00
98	3.81E-01	4.24E-01	1.37E+00	0.00E+00
98.25	3.81E-01	4.25E-01	1.38E+00	0.00E+00
98.5	3.82E-01	4.25E-01	1.38E+00	0.00E+00
98.75	3.83E-01	4.25E-01	1.38E+00	0.00E+00
99	3.84E-01	4.26E-01	1.39E+00	0.00E+00
99.25	3.84E-01	4.26E-01	1.39E+00	0.00E+00
99.5	3.84E-01	4.26E-01	1.39E+00	0.00E+00
99.75	3.84E-01	4.27E-01	1.40E+00	0.00E+00
100	3.84E-01	4.27E-01	1.40E+00	0.00E+00
100.25	3.84E-01	4.27E-01	1.41E+00	0.00E+00
100.5	3.84E-01	4.28E-01	1.41E+00	0.00E+00
100.75	3.84E-01	4.28E-01	1.41E+00	0.00E+00
101	3.84E-01	4.28E-01	1.42E+00	0.00E+00
101.25	3.84E-01	4.29E-01	1.42E+00	0.00E+00
101.5	3.84E-01	4.29E-01	1.42E+00	0.00E+00
101.75	3.84E-01	4.29E-01	1.43E+00	0.00E+00
102	3.84E-01	4.30E-01	1.43E+00	0.00E+00
102.25	3.84E-01	4.30E-01	1.44E+00	0.00E+00
102.5	3.84E-01	4.30E-01	1.44E+00	0.00E+00
102.75	3.84E-01	4.31E-01	1.44E+00	0.00E+00
103	3.84E-01	4.31E-01	1.45E+00	0.00E+00
103.25	3.84E-01	4.32E-01	1.45E+00	0.00E+00
103.5	3.84E-01	4.32E-01	1.46E+00	0.00E+00
103.75	3.84E-01	4.32E-01	1.46E+00	0.00E+00
104	3.84E-01	4.33E-01	1.47E+00	0.00E+00
104.25	3.84E-01	4.33E-01	1.47E+00	0.00E+00
104.5	3.84E-01	4.33E-01	1.47E+00	0.00E+00
104.75	3.84E-01	4.34E-01	1.48E+00	0.00E+00
105	3.84E-01	4.34E-01	1.48E+00	0.00E+00
105.25	3.84E-01	4.35E-01	1.49E+00	0.00E+00
105.5	3.84E-01	4.35E-01	1.49E+00	0.00E+00
105.75	3.84E-01	4.35E-01	1.49E+00	0.00E+00
106	3.84E-01	4.36E-01	1.50E+00	0.00E+00
106.25	3.84E-01	4.36E-01	1.50E+00	0.00E+00
106.5	3.84E-01	4.36E-01	1.51E+00	0.00E+00
106.75	3.84E-01	4.37E-01	1.51E+00	0.00E+00
107	3.84E-01	4.37E-01	1.52E+00	0.00E+00
107.25	3.84E-01	4.37E-01	1.52E+00	0.00E+00
107.5	3.84E-01	4.38E-01	1.53E+00	0.00E+00
107.75	3.84E-01	4.38E-01	1.53E+00	0.00E+00
108	3.84E-01	4.38E-01	1.53E+00	0.00E+00
108.25	3.84E-01	4.39E-01	1.54E+00	0.00E+00
108.5	3.84E-01	4.39E-01	1.54E+00	0.00E+00
108.75	3.84E-01	4.39E-01	1.55E+00	0.00E+00
109	3.84E-01	4.40E-01	1.55E+00	0.00E+00
109.25	3.84E-01	4.40E-01	1.55E+00	0.00E+00
109.5	3.84E-01	4.40E-01	1.56E+00	0.00E+00
109.75	3.84E-01	4.40E-01	1.56E+00	0.00E+00
110	3.84E-01	4.41E-01	1.57E+00	0.00E+00
110.25	3.84E-01	4.41E-01	1.57E+00	0.00E+00
110.5	3.84E-01	4.41E-01	1.58E+00	0.00E+00
110.75	3.84E-01	4.42E-01	1.58E+00	0.00E+00
111	3.84E-01	4.42E-01	1.58E+00	0.00E+00
111.25	3.84E-01	4.42E-01	1.59E+00	0.00E+00
111.5	3.84E-01	4.42E-01	1.59E+00	0.00E+00
111.75	3.84E-01	4.43E-01	1.60E+00	0.00E+00
112	3.84E-01	4.43E-01	1.60E+00	0.00E+00
112.25	3.85E-01	4.43E-01	1.60E+00	0.00E+00
112.5	3.86E-01	4.43E-01	1.61E+00	0.00E+00
112.75	3.88E-01	4.44E-01	1.61E+00	0.00E+00
113	3.89E-01	4.44E-01	1.62E+00	0.00E+00
113.25	3.89E-01	4.44E-01	1.62E+00	0.00E+00
113.5	3.89E-01	4.44E-01	1.63E+00	0.00E+00
113.75	3.89E-01	4.45E-01	1.63E+00	0.00E+00
114	3.89E-01	4.45E-01	1.63E+00	0.00E+00
114.25	3.89E-01	4.45E-01	1.64E+00	0.00E+00
114.5	3.89E-01	4.45E-01	1.64E+00	0.00E+00
114.75	3.89E-01	4.46E-01	1.65E+00	0.00E+00
115	3.89E-01	4.46E-01	1.65E+00	0.00E+00
115.25	3.89E-01	4.46E-01	1.65E+00	0.00E+00
115.5	3.89E-01	4.46E-01	1.66E+00	0.00E+00
115.75	3.89E-01	4.46E-01	1.66E+00	0.00E+00
116	3.89E-01	4.47E-01	1.67E+00	0.00E+00
116.25	3.89E-01	4.47E-01	1.67E+00	0.00E+00
116.5	3.89E-01	4.47E-01	1.67E+00	0.00E+00
116.75	3.89E-01	4.47E-01	1.68E+00	0.00E+00
117	3.89E-01	4.47E-01	1.68E+00	0.00E+00
117.25	3.89E-01	4.48E-01	1.69E+00	0.00E+00
117.5	3.89E-01	4.48E-01	1.69E+00	0.00E+00
117.75	3.89E-01	4.48E-01	1.69E+00	0.00E+00
118	3.89E-01	4.48E-01	1.70E+00	0.00E+00
118.25	3.89E-01	4.48E-01	1.70E+00	0.00E+00
118.5	3.89E-01	4.49E-01	1.71E+00	0.00E+00
118.75	3.89E-01	4.49E-01	1.71E+00	0.00E+00
119	3.89E-01	4.49E-01	1.71E+00	0.00E+00
119.25	3.89E-01	4.49E-01	1.72E+00	0.00E+00
119.5	3.89E-01	4.49E-01	1.72E+00	0.00E+00
119.75	3.89E-01	4.50E-01	1.72E+00	0.00E+00
120	3.89E-01	4.50E-01	1.73E+00	0.00E+00
120.25	3.89E-01	4.50E-01	1.73E+00	0.00E+00
120.5	3.89E-01	4.50E-01	1.74E+00	0.00E+00
120.75	3.89E-01	4.50E-01	1.74E+00	0.00E+00
121	3.89E-01	4.51E-01	1.74E+00	0.00E+00
121.25	3.89E-01	4.51E-01	1.75E+00	0.00E+00
121.5	3.89E-01	4.51E-01	1.75E+00	0.00E+00
121.75	3.89E-01	4.51E-01	1.75E+00	0.00E+00
122	3.89E-01	4.51E-01	1.76E+00	0.00E+00
122.25	3.89E-01	4.51E-01	1.76E+00	0.00E+00
122.5	3.89E-01	4.52E-01	1.77E+00	0.00E+00
122.75	3.89E-01	4.52E-01	1.77E+00	0.00E+00
123	3.89E-01	4.52E-01	1.77E+00	0.00E+00
123.25	3.89E-01	4.52E-01	1.78E+00	0.00E+00
123.5	3.89E-01	4.52E-01	1.78E+00	0.00E+00
123.75	3.89E-01	4.52E-01	1.78E+00	0.00E+00
124	3.89E-01	4.52E-01	1.79E+00	0.00E+00
124.25	3.89E-01	4.53E-01	1.79E+00	0.00E+00
124.5	3.89E-01	4.53E-01	1.80E+00	0.00E+00
124.75	3.89E-01	4.53E-01	1.80E+00	0.00E+00
125	3.89E-01	4.53E-01	1.80E+00	0.00E+00
125.25	3.89E-01	4.53E-01	1.81E+00	0.00E+00
125.5	3.89E-01	4.53E-01	1.81E+00	0.00E+00
125.75	3.89E-01	4.53E-01	1.81E+00	0.00E+00
126	3.89E-01	4.54E-01	1.82E+00	0.00E+00
126.25	3.89E-01	4.54E-01	1.82E+00	0.00E+00
126.5	3.89E-01	4.54E-01	1.83E+00	0.00E+00
126.75	3.89E-01	4.54E-01	1.83E+00	0.00E+00
127	3.89E-01	4.54E-01	1.83E+00	0.00E+00
127.25	3.97E-01	4.54E-01	1.84E+00	0.00E+00
127.5	4.05E-01	4.54E-01	1.85E+00	0.00E+00
127.75	4.13E-01	4.54E-01	1.86E+00	0.00E+00
128	4.21E-01	4.55E-01	1.86E+00	0.00E+00
128.25	4.21E-01	4.55E-01	1.86E+00	0.00E+00
128.5	4.21E-01	4.55E-01	1.87E+00	0.00E+00
128.75	4.21E-01	4.55E-01	1.87E+00	0.00E+00
129	4.21E-01	4.55E-01	1.87E+00	0.00E+00
129.25	4.21E-01	4.55E-01	1.88E+00	0.00E+00
129.5	4.21E-01	4.55E-01	1.88E+00	0.00E+00
129.75	4.21E-01	4.55E-01	1.88E+00	0.00E+00
130	4.21E-01	4.56E-01	1.89E+00	0.00E+00
130.25	4.21E-01	4.56E-01	1.89E+00	0.00E+00
130.5	4.21E-01	4.56E-01	1.90E+00	0.00E+00
130.75	4.21E-01	4.56E-01	1.90E+00	0.00E+00
131	4.21E-01	4.56E-01	1.90E+00	0.00E+00
131.25	4.21E-01	4.56E-01	1.91E+00	0.00E+00
131.5	4.21E-01	4.56E-01	1.91E+00	0.00E+00
131.75	4.21E-01	4.56E-01	1.92E+00	0.00E+00
132	4.21E-01	4.57E-01	1.92E+00	0.00E+00
132.25	4.21E-01	4.57E-01	1.92E+00	0.00E+00
132.5	4.21E-01	4.57E-01	1.93E+00	0.00E+00
132.75	4.21E-01	4.57E-01	1.93E+00	0.00E+00
133	4.21E-01	4.57E-01	1.94E+00	0.00E+00
133.25	4.21E-01	4.57E-01	1.94E+00	0.00E+00
133.5	4.21E-01	4.57E-01	1.94E+00	0.00E+00
133.75	4.21E-01	4.57E-01	1.95E+00	0.00E+00
134	4.21E-01	4.57E-01	1.95E+00	0.00E+00
134.25	4.21E-01	4.58E-01	1.96E+00	0.00E+00
134.5	4.21E-01	4.58E-01	1.96E+00	0.00E+00
134.75	4.21E-01	4.58E-01	1.96E+00	0.00E+00
135	4.21E-01	4.58E-01	1.97E+00	0.00E+00
135.25	4.21E-01	4.58E-01	1.97E+00	0.00E+00
135.5	4.21E-01	4.58E-01	1.98E+00	0.00E+00
135.75	4.21E-01	4.58E-01	1.98E+00	0.00E+00
136	4.21E-01	4.58E-01	1.98E+00	0.00E+00
136.25	4.21E-01	4.59E-01	1.99E+00	0.00E+00
136.5	4.21E-01	4.59E-01	1.99E+00	0.00E+00
136.75	4.21E-01	4.59E-01	2.00E+00	0.00E+00
137	4.21E-01	4.59E-01	2.00E+00	0.00E+00
137.25	4.21E-01	4.59E-01	2.01E+00	0.00E+00
137.5	4.21E-01	4.59E-01	2.01E+00	0.00E+00
137.75	4.21E-01	4.59E-01	2.01E+00	0.00E+00
138	4.21E-01	4.59E-01	2.02E+00	0.00E+00
138.25	4.21E-01	4.60E-01	2.02E+00	0.00E+00
138.5	4.21E-01	4.60E-01	2.03E+00	0.00E+00
138.75	4.21E-01	4.60E-01	2.03E+00	0.00E+00
139	4.21E-01	4.60E-01	2.03E+00	0.00E+00
139.25	4.21E-01	4.60E-01	2.04E+00	0.00E+00
139.5	4.21E-01	4.60E-01	2.04E+00	0.00E+00
139.75	4.21E-01	4.60E-01	2.05E+00	0.00E+00
140	4.21E-01	4.60E-01	2.05E+00	0.00E+00
140.25	4.21E-01	4.60E-01	2.05E+00	0.00E+00
140.5	4.21E-01	4.61E-01	2.06E+00	0.00E+00
140.75	4.21E-01	4.61E-01	2.06E+00	0.00E+00
141	4.21E-01	4.61E-01	2.07E+00	0.00E+00
141.25	4.21E-01	4.61E-01	2.07E+00	0.00E+00
141.5	4.21E-01	4.61E-01	2.07E+00	0.00E+00
141.75	4.21E-01	4.61E-01	2.08E+00	0.00E+00
142	4.21E-01	4.61E-01	2.08E+00	0.00E+00
142.25	4.21E-01	4.61E-01	2.09E+00	0.00E+00
142.5	4.21E-01	4.61E-01	2.09E+00	0.00E+00
142.75	4.21E-01	4.62E-01	2.09E+00	0.00E+00
143	4.21E-01	4.62E-01	2.10E+00	0.00E+00
143.25	4.21E-01	4.62E-01	2.10E+00	0.00E+00
143.5	4.21E-01	4.62E-01	2.11E+00	0.00E+00
143.75	4.21E-01	4.62E-01	2.11E+00	0.00E+00
144	4.21E-01	4.62E-01	2.11E+00	0.00E+00
144.25	4.21E-01	4.62E-01	2.12E+00	0.00E+00
144.5	4.21E-01	4.62E-01	2.12E+00	0.00E+00
144.75	4.21E-01	4.62E-01	2.12E+00	0.00E+00
145	4.21E-01	4.62E-01	2.13E+00	0.00E+00
145.25	4.21E-01	4.63E-01	2.13E+00	0.00E+00
145.5	4.21E-01	4.63E-01	2.14E+00	0.00E+00
145.75	4.21E-01	4.63E-01	2.14E+00	0.00E+00
146	4.21E-01	4.63E-01	2.14E+00	0.00E+00
146.25	4.21E-01	4.63E-01	2.15E+00	0.00E+00
146.5	4.21E-01	4.63E-01	2.15E+00	0.00E+00
146.75	4.21E-01	4.63E-01	2.15E+00	0.00E+00
147	4.21E-01	4.63E-01	2.16E+00	0.00E+00
147.25	4.22E-01	4.63E-01	2.16E+00	0.00E+00
147.5	4.23E-01	4.63E-01	2.17E+00	0.00E+00
147.75	4.23E-01	4.63E-01	2.17E+00	0.00E+00
148	4.24E-01	4.64E-01	2.18E+00	0.00E+00
148.25	4.24E-01	4.64E-01	2.18E+00	0.00E+00
148.5	4.24E-01	4.64E-01	2.18E+00	0.00E+00
148.75	4.24E-01	4.64E-01	2.19E+00	0.00E+00
149	4.24E-01	4.64E-01	2.19E+00	0.00E+00
149.25	4.24E-01	4.64E-01	2.19E+00	0.00E+00
149.5	4.24E-01	4.64E-01	2.20E+00	0.00E+00
149.75	4.24E-01	4.64E-01	2.20E+00	0.00E+00
150	4.24E-01	4.64E-01	2.21E+00	0.00E+00
150.25	4.28E-01	4.64E-01	2.21E+00	0.00E+00
150.5	4.33E-01	4.64E-01	2.22E+00	0.00E+00
150.75	4.37E-01	4.64E-01	2.23E+00	0.00E+00
151	4.42E-01	4.65E-01	2.23E+00	0.00E+00
151.25	4.42E-01	4.65E-01	2.24E+00	0.00E+00
151.5	4.42E-01	4.65E-01	2.24E+00	0.00E+00
151.75	4.42E-01	4.65E-01	2.24E+00	0.00E+00
152	4.42E-01	4.65E-01	2.25E+00	0.00E+00
152.25	4.42E-01	4.65E-01	2.25E+00	0.00E+00
152.5	4.42E-01	4.65E-01	2.25E+00	0.00E+00
152.75	4.42E-01	4.65E-01	2.26E+00	0.00E+00
153	4.42E-01	4.65E-01	2.26E+00	0.00E+00
153.25	4.43E-01	4.65E-01	2.27E+00	0.00E+00
153.5	4.44E-01	4.65E-01	2.27E+00	0.00E+00
153.75	4.46E-01	4.65E-01	2.28E+00	0.00E+00
154	4.47E-01	4.65E-01	2.28E+00	0.00E+00
154.25	4.49E-01	4.65E-01	2.29E+00	0.00E+00
154.5	4.51E-01	4.66E-01	2.29E+00	0.00E+00
154.75	4.53E-01	4.66E-01	2.30E+00	0.00E+00
155	4.56E-01	4.66E-01	2.30E+00	0.00E+00
155.25	4.56E-01	4.66E-01	2.31E+00	0.00E+00
155.5	4.56E-01	4.66E-01	2.31E+00	0.00E+00
155.75	4.56E-01	4.66E-01	2.31E+00	0.00E+00
156	4.56E-01	4.66E-01	2.32E+00	0.00E+00
156.25	4.56E-01	4.66E-01	2.32E+00	0.00E+00
156.5	4.56E-01	4.66E-01	2.32E+00	0.00E+00
156.75	4.56E-01	4.66E-01	2.33E+00	0.00E+00
157	4.56E-01	4.66E-01	2.33E+00	0.00E+00
157.25	4.56E-01	4.66E-01	2.33E+00	0.00E+00
157.5	4.56E-01	4.66E-01	2.34E+00	0.00E+00
157.75	4.56E-01	4.66E-01	2.34E+00	0.00E+00
158	4.56E-01	4.66E-01	2.35E+00	0.00E+00
158.25	4.56E-01	4.66E-01	2.35E+00	0.00E+00
158.5	4.56E-01	4.67E-01	2.35E+00	0.00E+00
158.75	4.56E-01	4.67E-01	2.36E+00	0.00E+00
159	4.56E-01	4.67E-01	2.36E+00	0.00E+00
159.25	4.56E-01	4.67E-01	2.37E+00	0.00E+00
159.5	4.56E-01	4.67E-01	2.37E+00	0.00E+00
159.75	4.56E-01	4.67E-01	2.37E+00	0.00E+00
160	4.56E-01	4.67E-01	2.38E+00	0.00E+00
160.25	4.56E-01	4.67E-01	2.38E+00	0.00E+00
160.5	4.56E-01	4.67E-01	2.39E+00	0.00E+00
160.75	4.56E-01	4.67E-01	2.39E+00	0.00E+00
161	4.56E-01	4.67E-01	2.39E+00	0.00E+00
161.25	4.57E-01	4.67E-01	2.40E+00	0.00E+00
161.5	4.59E-01	4.67E-01	2.41E+00	0.00E+00
161.75	4.61E-01	4.67E-01	2.41E+00	0.00E+00
162	4.62E-01	4.67E-01	2.42E+00	0.00E+00
162.25	4.64E-01	4.67E-01	2.42E+00	0.00E+00
162.5	4.66E-01	4.67E-01	2.43E+00	0.00E+00
162.75	4.68E-01	4.68E-01	2.43E+00	0.00E+00
163	4.70E-01	4.68E-01	2.44E+00	0.00E+00
163.25	4.70E-01	4.68E-01	2.44E+00	0.00E+00
163.5	4.70E-01	4.68E-01	2.44E+00	0.00E+00
163.75	4.70E-01	4.68E-01	2.45E+00	0.00E+00
164	4.70E-01	4.68E-01	2.45E+00	0.00E+00
164.25	4.70E-01	4.68E-01	2.46E+00	0.00E+00
164.5	4.70E-01	4.68E-01	2.46E+00	0.00E+00
164.75	4.70E-01	4.68E-01	2.46E+00	0.00E+00
165	4.70E-01	4.68E-01	2.47E+00	0.00E+00
165.25	4.70E-01	4.68E-01	2.47E+00	0.00E+00
165.5	4.70E-01	4.68E-01	2.47E+00	0.00E+00
165.75	4.70E-01	4.68E-01	2.48E+00	0.00E+00
166	4.70E-01	4.68E-01	2.48E+00	0.00E+00
166.25	4.70E-01	4.68E-01	2.49E+00	0.00E+00
166.5	4.70E-01	4.68E-01	2.49E+00	0.00E+00
166.75	4.70E-01	4.68E-01	2.49E+00	0.00E+00
167	4.70E-01	4.69E-01	2.50E+00	0.00E+00
167.25	4.70E-01	4.69E-01	2.50E+00	0.00E+00
167.5	4.70E-01	4.69E-01	2.51E+00	0.00E+00
167.75	4.70E-01	4.69E-01	2.51E+00	0.00E+00
168	4.70E-01	4.69E-01	2.51E+00	0.00E+00
168.25	4.70E-01	4.69E-01	2.52E+00	0.00E+00
168.5	4.70E-01	4.69E-01	2.52E+00	0.00E+00
168.75	4.70E-01	4.69E-01	2.53E+00	0.00E+00
169	4.70E-01	4.69E-01	2.53E+00	0.00E+00
169.25	4.70E-01	4.69E-01	2.53E+00	0.00E+00
169.5	4.70E-01	4.69E-01	2.54E+00	0.00E+00
169.75	4.71E-01	4.69E-01	2.54E+00	0.00E+00
170	4.71E-01	4.69E-01	2.55E+00	0.00E+00
170.25	4.71E-01	4.69E-01	2.55E+00	0.00E+00
170.5	4.71E-01	4.69E-01	2.55E+00	0.00E+00
170.75	4.71E-01	4.69E-01	2.56E+00	0.00E+00
171	4.71E-01	4.69E-01	2.56E+00	0.00E+00
171.25	4.73E-01	4.69E-01	2.57E+00	0.00E+00
171.5	4.75E-01	4.69E-01	2.57E+00	0.00E+00
171.75	4.76E-01	4.70E-01	2.58E+00	0.00E+00
172	4.78E-01	4.70E-01	2.58E+00	0.00E+00
172.25	4.78E-01	4.70E-01	2.59E+00	0.00E+00
172.5	4.78E-01	4.70E-01	2.59E+00	0.00E+00
172.75	4.78E-01	4.70E-01	2.60E+00	0.00E+00
173	4.78E-01	4.70E-01	2.60E+00	0.00E+00
173.25	4.78E-01	4.70E-01	2.60E+00	0.00E+00
173.5	4.78E-01	4.70E-01	2.61E+00	0.00E+00
173.75	4.78E-01	4.70E-01	2.61E+00	0.00E+00
174	4.78E-01	4.70E-01	2.61E+00	0.00E+00
174.25	4.81E-01	4.70E-01	2.62E+00	0.00E+00
174.5	4.83E-01	4.70E-01	2.63E+00	0.00E+00
174.75	4.86E-01	4.70E-01	2.63E+00	0.00E+00
175	4.88E-01	4.70E-01	2.64E+00	0.00E+00
175.25	4.88E-01	4.70E-01	2.64E+00	0.00E+00
175.5	4.88E-01	4.70E-01	2.65E+00	0.00E+00
175.75	4.88E-01	4.70E-01	2.65E+00	0.00E+00
176	4.88E-01	4.70E-01	2.65E+00	0.00E+00
176.25	4.88E-01	4.70E-01	2.66E+00	0.00E+00
176.5	4.88E-01	4.70E-01	2.66E+00	0.00E+00
176.75	4.88E-01	4.71E-01	2.66E+00	0.00E+00
177	4.88E-01	4.71E-01	2.67E+00	0.00E+00
177.25	4.89E-01	4.71E-01	2.67E+00	0.00E+00
177.5	4.90E-01	4.71E-01	2.68E+00	0.00E+00
177.75	4.91E-01	4.71E-01	2.68E+00	0.00E+00
178	4.92E-01	4.71E-01	2.69E+00	0.00E+00
178.25	4.92E-01	4.71E-01	2.69E+00	0.00E+00
178.5	4.92E-01	4.71E-01	2.69E+00	0.00E+00
178.75	4.92E-01	4.71E-01	2.70E+00	0.00E+00
179	4.92E-01	4.71E-01	2.70E+00	0.00E+00
179.25	4.93E-01	4.71E-01	2.71E+00	0.00E+00
179.5	4.95E-01	4.71E-01	2.71E+00	0.00E+00
179.75	4.96E-01	4.71E-01	2.72E+00	0.00E+00
180	4.97E-01	4.71E-01	2.72E+00	0.00E+00
180.25	4.97E-01	4.71E-01	2.73E+00	0.00E+00
180.5	4.97E-01	4.71E-01	2.73E+00	0.00E+00
180.75	4.97E-01	4.71E-01	2.73E+00	0.00E+00
181	4.97E-01	4.71E-01	2.74E+00	0.00E+00
181.25	4.97E-01	4.71E-01	2.74E+00	0.00E+00
181.5	4.97E-01	4.71E-01	2.74E+00	0.00E+00
181.75	4.97E-01	4.71E-01	2.75E+00	0.00E+00
182	4.97E-01	4.71E-01	2.75E+00	0.00E+00
182.25	4.97E-01	4.71E-01	2.76E+00	0.00E+00
182.5	4.97E-01	4.71E-01	2.76E+00	0.00E+00
182.75	4.97E-01	4.72E-01	2.76E+00	0.00E+00
183	4.97E-01	4.72E-01	2.77E+00	0.00E+00
183.25	4.99E-01	4.72E-01	2.77E+00	0.00E+00
183.5	5.00E-01	4.72E-01	2.78E+00	0.00E+00
183.75	5.01E-01	4.72E-01	2.78E+00	0.00E+00
184	5.03E-01	4.72E-01	2.79E+00	0.00E+00
184.25	5.03E-01	4.72E-01	2.79E+00	0.00E+00
184.5	5.03E-01	4.72E-01	2.80E+00	0.00E+00
184.75	5.03E-01	4.72E-01	2.80E+00	0.00E+00
185	5.03E-01	4.72E-01	2.80E+00	0.00E+00
185.25	5.06E-01	4.72E-01	2.81E+00	0.00E+00
185.5	5.09E-01	4.72E-01	2.82E+00	0.00E+00
185.75	5.13E-01	4.72E-01	2.82E+00	0.00E+00
186	5.16E-01	4.72E-01	2.83E+00	0.00E+00
186.25	5.16E-01	4.72E-01	2.83E+00	0.00E+00
186.5	5.16E-01	4.72E-01	2.83E+00	0.00E+00
186.75	5.16E-01	4.72E-01	2.84E+00	0.00E+00
187	5.16E-01	4.72E-01	2.84E+00	0.00E+00
187.25	5.16E-01	4.72E-01	2.85E+00	0.00E+00
187.5	5.16E-01	4.72E-01	2.85E+00	0.00E+00
187.75	5.16E-01	4.72E-01	2.85E+00	0.00E+00
188	5.16E-01	4.72E-01	2.86E+00	0.00E+00
188.25	5.24E-01	4.72E-01	2.87E+00	0.00E+00
188.5	5.32E-01	4.72E-01	2.87E+00	0.00E+00
188.75	5.40E-01	4.72E-01	2.88E+00	0.00E+00
189	5.48E-01	4.72E-01	2.89E+00	0.00E+00
189.25	5.55E-01	4.72E-01	2.89E+00	0.00E+00
189.5	5.63E-01	4.73E-01	2.90E+00	0.00E+00
189.75	5.71E-01	4.73E-01	2.90E+00	0.00E+00
190	5.79E-01	4.73E-01	2.90E+00	0.00E+00
190.25	5.81E-01	4.73E-01	2.91E+00	0.00E+00
190.5	5.83E-01	4.73E-01	2.91E+00	0.00E+00
190.75	5.85E-01	4.73E-01	2.91E+00	0.00E+00
191	5.87E-01	4.73E-01	2.92E+00	0.00E+00
191.25	5.89E-01	4.73E-01	2.92E+00	0.00E+00
191.5	5.90E-01	4.73E-01	2.93E+00	0.00E+00
191.75	5.92E-01	4.73E-01	2.93E+00	0.00E+00
192	5.93E-01	4.73E-01	2.93E+00	0.00E+00
192.25	5.93E-01	4.73E-01	2.94E+00	0.00E+00
192.5	5.93E-01	4.73E-01	2.94E+00	0.00E+00
192.75	5.93E-01	4.73E-01	2.95E+00	0.00E+00
193	5.93E-01	4.73E-01	2.95E+00	0.00E+00
193.25	5.95E-01	4.73E-01	2.96E+00	0.00E+00
193.5	5.96E-01	4.73E-01	2.96E+00	0.00E+00
193.75	5.98E-01	4.73E-01	2.97E+00	0.00E+00
194	5.99E-01	4.73E-01	2.97E+00	0.00E+00
194.25	5.99E-01	4.73E-01	2.97E+00	0.00E+00
194.5	5.99E-01	4.73E-01	2.98E+00	0.00E+00
194.75	5.99E-01	4.73E-01	2.98E+00	0.00E+00
195	5.99E-01	4.73E-01	2.99E+00	0.00E+00
195.25	5.99E-01	4.73E-01	2.99E+00	0.00E+00
195.5	5.99E-01	4.74E-01	3.00E+00	0.00E+00
195.75	5.99E-01	4.74E-01	3.00E+00	0.00E+00
196	5.99E-01	4.74E-01	3.01E+00	0.00E+00
196.25	5.99E-01	4.74E-01	3.01E+00	0.00E+00
196.5	5.99E-01	4.74E-01	3.02E+00	0.00E+00
196.75	5.99E-01	4.74E-01	3.02E+00	0.00E+00
197	5.99E-01	4.74E-01	3.03E+00	0.00E+00
197.25	5.99E-01	4.74E-01	3.03E+00	0.00E+00
197.5	5.99E-01	4.74E-01	3.04E+00	0.00E+00
197.75	5.99E-01	4.74E-01	3.04E+00	0.00E+00
198	5.99E-01	4.74E-01	3.05E+00	0.00E+00
198.25	6.10E-01	4.74E-01	3.06E+00	0.00E+00
198.5	6.20E-01	4.74E-01	3.06E+00	0.00E+00
198.75	6.31E-01	4.75E-01	3.07E+00	0.00E+00
199	6.41E-01	4.75E-01	3.07E+00	0.00E+00
199.25	6.41E-01	4.75E-01	3.08E+00	0.00E+00
199.5	6.41E-01	4.75E-01	3.08E+00	0.00E+00
199.75	6.41E-01	4.75E-01	3.08E+00	0.00E+00
200	6.41E-01	4.75E-01	3.09E+00	0.00E+00
200.25	6.41E-01	4.75E-01	3.09E+00	0.00E+00
200.5	6.41E-01	4.75E-01	3.10E+00	0.00E+00
200.75	6.41E-01	4.75E-01	3.10E+00	0.00E+00
201	6.41E-01	4.75E-01	3.11E+00	0.00E+00
201.25	6.44E-01	4.76E-01	3.11E+00	0.00E+00
201.5	6.47E-01	4.76E-01	3.12E+00	0.00E+00
201.75	6.50E-01	4.76E-01	3.12E+00	0.00E+00
202	6.52E-01	4.76E-01	3.13E+00	0.00E+00
202.25	6.58E-01	4.76E-01	3.13E+00	0.00E+00
202.5	6.63E-01	4.76E-01	3.14E+00	0.00E+00
202.75	6.68E-01	4.76E-01	3.14E+00	0.00E+00
203	6.73E-01	4.76E-01	3.15E+00	0.00E+00
203.25	6.77E-01	4.77E-01	3.15E+00	0.00E+00
203.5	6.80E-01	4.77E-01	3.16E+00	0.00E+00
203.75	6.84E-01	4.77E-01	3.16E+00	0.00E+00
204	6.88E-01	4.77E-01	3.16E+00	0.00E+00
204.25	6.88E-01	4.77E-01	3.17E+00	0.00E+00
204.5	6.88E-01	4.78E-01	3.17E+00	0.00E+00
204.75	6.88E-01	4.78E-01	3.18E+00	0.00E+00
205	6.88E-01	4.78E-01	3.18E+00	0.00E+00
205.25	6.88E-01	4.78E-01	3.19E+00	0.00E+00
205.5	6.88E-01	4.79E-01	3.19E+00	0.00E+00
205.75	6.88E-01	4.79E-01	3.20E+00	0.00E+00
206	6.88E-01	4.79E-01	3.20E+00	0.00E+00
206.25	6.88E-01	4.79E-01	3.21E+00	0.00E+00
206.5	6.88E-01	4.80E-01	3.21E+00	0.00E+00
206.75	6.88E-01	4.80E-01	3.22E+00	0.00E+00
207	6.88E-01	4.80E-01	3.22E+00	0.00E+00
207.25	6.88E-01	4.81E-01	3.23E+00	0.00E+00
207.5	6.88E-01	4.81E-01	3.23E+00	0.00E+00
207.75	6.88E-01	4.82E-01	3.24E+00	0.00E+00
208	6.88E-01	4.82E-01	3.24E+00	0.00E+00
208.25	6.88E-01	4.82E-01	3.25E+00	0.00E+00
208.5	6.88E-01	4.83E-01	3.25E+00	0.00E+00
208.75	6.88E-01	4.83E-01	3.26E+00	0.00E+00
209	6.88E-01	4.84E-01	3.27E+00	0.00E+00
209.25	6.88E-01	4.84E-01	3.27E+00	0.00E+00
209.5	6.88E-01	4.84E-01	3.28E+00	0.00E+00
209.75	6.88E-01	4.85E-01	3.28E+00	0.00E+00
210	6.88E-01	4.85E-01	3.29E+00	0.00E+00
210.25	6.88E-01	4.86E-01	3.29E+00	0.00E+00
210.5	6.88E-01	4.86E-01	3.30E+00	0.00E+00
210.75	6.88E-01	4.86E-01	3.31E+00	0.00E+00
211	6.88E-01	4.87E-01	3.31E+00	0.00E+00
211.25	6.88E-01	4.87E-01	3.32E+00	0.00E+00
211.5	6.88E-01	4.87E-01	3.32E+00	0.00E+00
211.75	6.88E-01	4.88E-01	3.33E+00	0.00E+00
212	6.88E-01	4.88E-01	3.34E+00	0.00E+00
212.25	6.88E-01	4.89E-01	3.34E+00	0.00E+00
212.5	6.88E-01	4.89E-01	3.35E+00	0.00E+00
212.75	6.88E-01	4.89E-01	3.35E+00	0.00E+00
213	6.88E-01	4.90E-01	3.36E+00	0.00E+00
213.25	6.88E-01	4.90E-01	3.36E+00	0.00E+00
213.5	6.88E-01	4.90E-01	3.37E+00	0.00E+00
213.75	6.88E-01	4.91E-01	3.37E+00	0.00E+00
214	6.88E-01	4.91E-01	3.38E+00	0.00E+00
214.25	6.88E-01	4.91E-01	3.39E+00	0.00E+00
214.5	6.88E-01	4.92E-01	3.39E+00	0.00E+00
214.75	6.88E-01	4.92E-01	3.40E+00	0.00E+00
215	6.88E-01	4.92E-01	3.40E+00	0.00E+00
215.25	6.88E-01	4.92E-01	3.41E+00	0.00E+00
215.5	6.88E-01	4.93E-01	3.41E+00	0.00E+00
215.75	6.88E-01	4.93E-01	3.42E+00	0.00E+00
216	6.88E-01	4.93E-01	3.42E+00	0.00E+00
216.25	6.88E-01	4.94E-01	3.43E+00	0.00E+00
216.5	6.88E-01	4.94E-01	3.43E+00	0.00E+00
216.75	6.88E-01	4.94E-01	3.44E+00	0.00E+00
217	6.88E-01	4.94E-01	3.44E+00	0.00E+00
217.25	6.88E-01	4.95E-01	3.45E+00	0.00E+00
217.5	6.88E-01	4.95E-01	3.45E+00	0.00E+00
217.75	6.88E-01	4.95E-01	3.46E+00	0.00E+00
218	6.88E-01	4.95E-01	3.46E+00	0.00E+00
218.25	6.90E-01	4.95E-01	3.47E+00	0.00E+00
218.5	6.93E-01	4.96E-01	3.47E+00	0.00E+00
218.75	6.96E-01	4.96E-01	3.48E+00	0.00E+00
219	6.98E-01	4.96E-01	3.49E+00	0.00E+00
219.25	7.02E-01	4.96E-01	3.49E+00	0.00E+00
219.5	7.05E-01	4.97E-01	3.50E+00	0.00E+00
219.75	7.08E-01	4.97E-01	3.50E+00	0.00E+00
220	7.12E-01	4.97E-01	3.51E+00	0.00E+00
220.25	7.12E-01	4.97E-01	3.51E+00	0.00E+00
220.5	7.12E-01	4.97E-01	3.52E+00	0.00E+00
220.75	7.12E-01	4.98E-01	3.52E+00	0.00E+00
221	7.12E-01	4.98E-01	3.52E+00	0.00E+00
221.25	7.12E-01	4.98E-01	3.53E+00	0.00E+00
221.5	7.12E-01	4.98E-01	3.53E+00	0.00E+00
221.75	7.12E-01	4.98E-01	3.54E+00	0.00E+00
222	7.12E-01	4.99E-01	3.54E+00	0.00E+00
222.25	7.14E-01	4.99E-01	3.55E+00	0.00E+00
222.5	7.17E-01	4.99E-01	3.55E+00	0.00E+00
222.75	7.19E-01	4.99E-01	3.56E+00	0.00E+00
223	7.22E-01	4.99E-01	3.56E+00	0.00E+00
223.25	7.22E-01	5.00E-01	3.57E+00	0.00E+00
223.5	7.22E-01	5.00E-01	3.57E+00	0.00E+00
223.75	7.22E-01	5.00E-01	3.58E+00	0.00E+00
224	7.22E-01	5.00E-01	3.58E+00	0.00E+00
224.25	7.23E-01	5.00E-01	3.58E+00	0.00E+00
224.5	7.24E-01	5.00E-01	3.59E+00	0.00E+00
224.75	7.25E-01	5.01E-01	3.59E+00	0.00E+00
225	7.26E-01	5.01E-01	3.60E+00	0.00E+00
225.25	7.38E-01	5.01E-01	3.61E+00	0.00E+00
225.5	7.50E-01	5.01E-01	3.61E+00	0.00E+00
225.75	7.62E-01	5.01E-01	3.61E+00	0.00E+00
226	7.74E-01	5.02E-01	3.62E+00	0.00E+00
226.25	7.74E-01	5.02E-01	3.62E+00	0.00E+00
226.5	7.74E-01	5.02E-01	3.62E+00	0.00E+00
226.75	7.74E-01	5.02E-01	3.63E+00	0.00E+00
227	7.74E-01	5.02E-01	3.63E+00	0.00E+00
227.25	7.74E-01	5.02E-01	3.63E+00	0.00E+00
227.5	7.74E-01	5.03E-01	3.64E+00	0.00E+00
227.75	7.74E-01	5.03E-01	3.64E+00	0.00E+00
228	7.74E-01	5.03E-01	3.64E+00	0.00E+00
228.25	7.74E-01	5.03E-01	3.65E+00	0.00E+00
228.5	7.74E-01	5.04E-01	3.65E+00	0.00E+00
228.75	7.74E-01	5.04E-01	3.66E+00	0.00E+00
229	7.74E-01	5.04E-01	3.66E+00	0.00E+00
229.25	7.74E-01	5.04E-01	3.67E+00	0.00E+00
229.5	7.74E-01	5.05E-01	3.67E+00	0.00E+00
229.75	7.74E-01	5.05E-01	3.67E+00	0.00E+00
230	7.74E-01	5.05E-01	3.68E+00	0.00E+00
230.25	7.86E-01	5.06E-01	3.69E+00	0.00E+00
230.5	7.97E-01	5.06E-01	3.69E+00	0.00E+00
230.75	8.09E-01	5.06E-01	3.70E+00	0.00E+00
231	8.21E-01	5.06E-01	3.70E+00	0.00E+00
231.25	8.25E-01	5.07E-01	3.70E+00	0.00E+00
231.5	8.28E-01	5.07E-01	3.70E+00	0.00E+00
231.75	8.31E-01	5.08E-01	3.71E+00	0.00E+00
232	8.35E-01	5.08E-01	3.71E+00	0.00E+00
232.25	8.36E-01	5.08E-01	3.71E+00	0.00E+00
232.5	8.36E-01	5.09E-01	3.72E+00	0.00E+00
232.75	8.37E-01	5.09E-01	3.72E+00	0.00E+00
233	8.38E-01	5.10E-01	3.72E+00	0.00E+00
233.25	8.38E-01	5.10E-01	3.73E+00	0.00E+00
233.5	8.38E-01	5.11E-01	3.73E+00	0.00E+00
233.75	8.38E-01	5.12E-01	3.74E+00	0.00E+00
234	8.38E-01	5.13E-01	3.74E+00	0.00E+00
234.25	8.38E-01	5.13E-01	3.74E+00	0.00E+00
234.5	8.38E-01	5.14E-01	3.75E+00	0.00E+00
234.75	8.38E-01	5.15E-01	3.75E+00	0.00E+00
235	8.38E-01	5.16E-01	3.76E+00	0.00E+00
235.25	8.38E-01	5.17E-01	3.76E+00	0.00E+00
235.5	8.38E-01	5.18E-01	3.77E+00	0.00E+00
235.75	8.38E-01	5.19E-01	3.77E+00	0.00E+00
236	8.38E-01	5.19E-01	3.78E+00	0.00E+00
236.25	8.39E-01	5.20E-01	3.78E+00	0.00E+00
236.5	8.40E-01	5.21E-01	3.79E+00	0.00E+00
236.75	8.42E-01	5.22E-01	3.79E+00	0.00E+00
237	8.43E-01	5.23E-01	3.80E+00	0.00E+00
237.25	8.50E-01	5.24E-01	3.80E+00	0.00E+00
237.5	8.57E-01	5.25E-01	3.81E+00	0.00E+00
237.75	8.64E-01	5.26E-01	3.81E+00	0.00E+00
238	8.71E-01	5.26E-01	3.81E+00	0.00E+00
238.25	8.71E-01	5.27E-01	3.82E+00	0.00E+00
238.5	8.71E-01	5.28E-01	3.82E+00	0.00E+00
238.75	8.71E-01	5.29E-01	3.82E+00	0.00E+00
239	8.71E-01	5.30E-01	3.83E+00	0.00E+00
239.25	8.76E-01	5.31E-01	3.83E+00	0.00E+00
239.5	8.82E-01	5.31E-01	3.84E+00	0.00E+00
239.75	8.87E-01	5.32E-01	3.84E+00	0.00E+00
240	8.93E-01	5.33E-01	3.84E+00	0.00E+00
240.25	8.93E-01	5.34E-01	3.85E+00	0.00E+00
240.5	8.93E-01	5.35E-01	3.85E+00	0.00E+00
240.75	8.93E-01	5.36E-01	3.85E+00	0.00E+00
241	8.93E-01	5.38E-01	3.86E+00	0.00E+00
241.25	8.93E-01	5.39E-01	3.86E+00	0.00E+00
241.5	8.93E-01	5.40E-01	3.87E+00	0.00E+00
241.75	8.93E-01	5.41E-01	3.87E+00	0.00E+00
242	8.93E-01	5.43E-01	3.87E+00	0.00E+00
242.25	8.98E-01	5.44E-01	3.88E+00	0.00E+00
242.5	9.03E-01	5.45E-01	3.88E+00	0.00E+00
242.75	9.08E-01	5.47E-01	3.89E+00	0.00E+00
243	9.13E-01	5.48E-01	3.89E+00	0.00E+00
243.25	9.13E-01	5.49E-01	3.90E+00	0.00E+00
243.5	9.13E-01	5.50E-01	3.90E+00	0.00E+00
243.75	9.13E-01	5.52E-01	3.90E+00	0.00E+00
244	9.13E-01	5.53E-01	3.91E+00	0.00E+00
244.25	9.13E-01	5.54E-01	3.91E+00	0.00E+00
244.5	9.13E-01	5.56E-01	3.92E+00	0.00E+00
244.75	9.13E-01	5.57E-01	3.92E+00	0.00E+00
245	9.13E-01	5.59E-01	3.92E+00	0.00E+00
245.25	9.13E-01	5.60E-01	3.93E+00	0.00E+00
245.5	9.13E-01	5.62E-01	3.93E+00	0.00E+00
245.75	9.13E-01	5.63E-01	3.94E+00	0.00E+00
246	9.13E-01	5.64E-01	3.94E+00	0.00E+00
246.25	9.13E-01	5.66E-01	3.95E+00	0.00E+00
246.5	9.13E-01	5.67E-01	3.95E+00	0.00E+00
246.75	9.13E-01	5.68E-01	3.96E+00	0.00E+00
247	9.13E-01	5.69E-01	3.96E+00	0.00E+00
247.25	9.13E-01	5.71E-01	3.97E+00	0.00E+00
247.5	9.13E-01	5.72E-01	3.97E+00	0.00E+00
247.75	9.13E-01	5.73E-01	3.98E+00	0.00E+00
248	9.13E-01	5.74E-01	3.98E+00	0.00E+00
248.25	9.13E-01	5.75E-01	3.99E+00	0.00E+00
248.5	9.13E-01	5.76E-01	3.99E+00	0.00E+00
248.75	9.13E-01	5.77E-01	4.00E+00	0.00E+00
249	9.13E-01	5.78E-01	4.00E+00	0.00E+00
249.25	9.13E-01	5.79E-01	4.01E+00	0.00E+00
249.5	9.13E-01	5.80E-01	4.01E+00	0.00E+00
249.75	9.13E-01	5.81E-01	4.02E+00	0.00E+00
250	9.13E-01	5.82E-01	4.02E+00	0.00E+00
250.25	9.13E-01	5.83E-01	4.03E+00	0.00E+00
250.5	9.13E-01	5.84E-01	4.03E+00	0.00E+00
250.75	9.13E-01	5.85E-01	4.04E+00	0.00E+00
251	9.13E-01	5.85E-01	4.04E+00	0.00E+00
251.25	9.13E-01	5.86E-01	4.05E+00	0.00E+00
251.5	9.13E-01	5.87E-01	4.05E+00	0.00E+00
251.75	9.13E-01	5.88E-01	4.06E+00	0.00E+00
252	9.13E-01	5.89E-01	4.06E+00	0.00E+00
252.25	9.13E-01	5.89E-01	4.07E+00	0.00E+00
252.5	9.13E-01	5.90E-01	4.07E+00	0.00E+00
252.75	9.13E-01	5.91E-01	4.08E+00	0.00E+00
253	9.13E-01	5.91E-01	4.09E+00	0.00E+00
253.25	9.13E-01	5.92E-01	4.09E+00	0.00E+00
253.5	9.13E-01	5.93E-01	4.09E+00	0.00E+00
253.75	9.13E-01	5.93E-01	4.10E+00	0.00E+00
254	9.13E-01	5.94E-01	4.10E+00	0.00E+00
254.25	9.19E-01	5.95E-01	4.11E+00	0.00E+00
254.5	9.24E-01	5.95E-01	4.12E+00	0.00E+00
254.75	9.30E-01	5.96E-01	4.12E+00	0.00E+00
255	9.36E-01	5.96E-01	4.13E+00	0.00E+00
255.25	9.36E-01	5.97E-01	4.13E+00	0.00E+00
255.5	9.36E-01	5.97E-01	4.13E+00	0.00E+00
255.75	9.36E-01	5.98E-01	4.14E+00	0.00E+00
256	9.36E-01	5.98E-01	4.14E+00	0.00E+00
256.25	9.38E-01	5.99E-01	4.15E+00	0.00E+00
256.5	9.40E-01	5.99E-01	4.15E+00	0.00E+00
256.75	9.42E-01	6.00E-01	4.16E+00	0.00E+00
257	9.44E-01	6.01E-01	4.16E+00	0.00E+00
257.25	9.44E-01	6.01E-01	4.16E+00	0.00E+00
257.5	9.44E-01	6.02E-01	4.17E+00	0.00E+00
257.75	9.44E-01	6.02E-01	4.17E+00	0.00E+00
258	9.44E-01	6.03E-01	4.18E+00	0.00E+00
258.25	9.44E-01	6.03E-01	4.18E+00	0.00E+00
258.5	9.44E-01	6.04E-01	4.18E+00	0.00E+00
258.75	9.44E-01	6.04E-01	4.19E+00	0.00E+00
259	9.44E-01	6.05E-01	4.19E+00	0.00E+00
259.25	9.44E-01	6.05E-01	4.19E+00	0.00E+00
259.5	9.44E-01	6.06E-01	4.20E+00	0.00E+00
259.75	9.44E-01	6.07E-01	4.20E+00	0.00E+00
260	9.44E-01	6.07E-01	4.21E+00	0.00E+00
260.25	9.44E-01	6.08E-01	4.21E+00	0.00E+00
260.5	9.44E-01	6.08E-01	4.22E+00	0.00E+00
260.75	9.44E-01	6.09E-01	4.22E+00	0.00E+00
261	9.44E-01	6.09E-01	4.22E+00	0.00E+00
261.25	9.46E-01	6.10E-01	4.23E+00	0.00E+00
261.5	9.47E-01	6.10E-01	4.23E+00	0.00E+00
261.75	9.49E-01	6.11E-01	4.24E+00	0.00E+00
262	9.50E-01	6.12E-01	4.24E+00	0.00E+00
262.25	9.50E-01	6.12E-01	4.25E+00	0.00E+00
262.5	9.50E-01	6.13E-01	4.25E+00	0.00E+00
262.75	9.50E-01	6.13E-01	4.26E+00	0.00E+00
263	9.50E-01	6.14E-01	4.26E+00	0.00E+00
263.25	9.50E-01	6.14E-01	4.27E+00	0.00E+00
263.5	9.50E-01	6.15E-01	4.27E+00	0.00E+00
263.75	9.50E-01	6.15E-01	4.27E+00	0.00E+00
264	9.50E-01	6.16E-01	4.28E+00	0.00E+00
264.25	9.50E-01	6.16E-01	4.28E+00	0.00E+00
264.5	9.50E-01	6.17E-01	4.29E+00	0.00E+00
264.75	9.50E-01	6.17E-01	4.29E+00	0.00E+00
265	9.50E-01	6.18E-01	4.29E+00	0.00E+00
265.25	9.58E-01	6.18E-01	4.30E+00	0.00E+00
265.5	9.66E-01	6.19E-01	4.31E+00	0.00E+00
265.75	9.73E-01	6.19E-01	4.31E+00	0.00E+00
266	9.81E-01	6.20E-01	4.31E+00	0.00E+00
266.25	9.85E-01	6.20E-01	4.32E+00	0.00E+00
266.5	9.88E-01	6.20E-01	4.32E+00	0.00E+00
266.75	9.92E-01	6.21E-01	4.32E+00	0.00E+00
267	9.95E-01	6.21E-01	4.33E+00	0.00E+00
267.25	9.97E-01	6.22E-01	4.33E+00	0.00E+00
267.5	1.00E+00	6.22E-01	4.33E+00	0.00E+00
267.75	1.00E+00	6.23E-01	4.34E+00	0.00E+00
268	1.00E+00	6.23E-01	4.34E+00	0.00E+00
268.25	1.00E+00	6.24E-01	4.34E+00	0.00E+00
268.5	1.00E+00	6.25E-01	4.35E+00	0.00E+00
268.75	1.00E+00	6.25E-01	4.35E+00	0.00E+00
269	1.00E+00	6.26E-01	4.35E+00	0.00E+00
269.25	1.00E+00	6.27E-01	4.36E+00	0.00E+00
269.5	1.00E+00	6.28E-01	4.36E+00	0.00E+00
269.75	1.00E+00	6.28E-01	4.36E+00	0.00E+00
270	1.00E+00	6.29E-01	4.37E+00	0.00E+00
270.25	1.00E+00	6.30E-01	4.37E+00	0.00E+00
270.5	1.00E+00	6.31E-01	4.38E+00	0.00E+00
270.75	1.00E+00	6.32E-01	4.38E+00	0.00E+00
271	1.00E+00	6.33E-01	4.38E+00	0.00E+00
271.25	1.00E+00	6.34E-01	4.39E+00	0.00E+00
271.5	1.00E+00	6.34E-01	4.39E+00	0.00E+00
271.75	1.01E+00	6.35E-01	4.40E+00	0.00E+00
272	1.01E+00	6.36E-01	4.40E+00	0.00E+00
272.25	1.01E+00	6.37E-01	4.41E+00	0.00E+00
272.5	1.01E+00	6.38E-01	4.41E+00	0.00E+00
272.75	1.01E+00	6.39E-01	4.41E+00	0.00E+00
273	1.01E+00	6.39E-01	4.42E+00	0.00E+00
273.25	1.01E+00	6.40E-01	4.42E+00	0.00E+00
273.5	1.01E+00	6.41E-01	4.43E+00	0.00E+00
273.75	1.01E+00	6.42E-01	4.43E+00	0.00E+00
274	1.01E+00	6.43E-01	4.43E+00	0.00E+00
274.25	1.01E+00	6.44E-01	4.44E+00	0.00E+00
274.5	1.01E+00	6.44E-01	4.44E+00	0.00E+00
274.75	1.01E+00	6.45E-01	4.45E+00	0.00E+00
275	1.01E+00	6.46E-01	4.45E+00	0.00E+00
275.25	1.01E+00	6.47E-01	4.46E+00	0.00E+00
275.5	1.01E+00	6.47E-01	4.46E+00	0.00E+00
275.75	1.01E+00	6.48E-01	4.46E+00	0.00E+00
276	1.01E+00	6.49E-01	4.47E+00	0.00E+00
276.25	1.01E+00	6.50E-01	4.47E+00	0.00E+00
276.5	1.01E+00	6.50E-01	4.48E+00	0.00E+00
276.75	1.01E+00	6.51E-01	4.48E+00	0.00E+00
277	1.01E+00	6.52E-01	4.49E+00	0.00E+00
277.25	1.01E+00	6.52E-01	4.49E+00	0.00E+00
277.5	1.01E+00	6.53E-01	4.49E+00	0.00E+00
277.75	1.01E+00	6.54E-01	4.50E+00	0.00E+00
278	1.01E+00	6.54E-01	4.50E+00	0.00E+00
278.25	1.01E+00	6.55E-01	4.51E+00	0.00E+00
278.5	1.01E+00	6.56E-01	4.51E+00	0.00E+00
278.75	1.01E+00	6.56E-01	4.52E+00	0.00E+00
279	1.01E+00	6.57E-01	4.52E+00	0.00E+00
279.25	1.01E+00	6.58E-01	4.52E+00	0.00E+00
279.5	1.01E+00	6.58E-01	4.53E+00	0.00E+00
279.75	1.01E+00	6.59E-01	4.53E+00	0.00E+00
280	1.01E+00	6.59E-01	4.54E+00	0.00E+00
280.25	1.01E+00	6.60E-01	4.54E+00	0.00E+00
280.5	1.01E+00	6.60E-01	4.54E+00	0.00E+00
280.75	1.01E+00	6.61E-01	4.55E+00	0.00E+00
281	1.01E+00	6.62E-01	4.55E+00	0.00E+00
281.25	1.01E+00	6.62E-01	4.56E+00	0.00E+00
281.5	1.01E+00	6.63E-01	4.56E+00	0.00E+00
281.75	1.01E+00	6.63E-01	4.57E+00	0.00E+00
282	1.01E+00	6.64E-01	4.57E+00	0.00E+00
282.25	1.01E+00	6.64E-01	4.57E+00	0.00E+00
282.5	1.01E+00	6.65E-01	4.58E+00	0.00E+00
282.75	1.01E+00	6.65E-01	4.58E+00	0.00E+00
283	1.01E+00	6.66E-01	4.59E+00	0.00E+00
283.25	1.01E+00	6.66E-01	4.59E+00	0.00E+00
283.5	1.01E+00	6.67E-01	4.59E+00	0.00E+00
283.75	1.01E+00	6.67E-01	4.60E+00	0.00E+00
284	1.01E+00	6.67E-01	4.60E+00	0.00E+00
284.25	1.01E+00	6.68E-01	4.61E+00	0.00E+00
284.5	1.01E+00	6.68E-01	4.61E+00	0.00E+00
284.75	1.01E+00	6.69E-01	4.61E+00	0.00E+00
285	1.01E+00	6.69E-01	4.62E+00	0.00E+00
285.25	1.01E+00	6.70E-01	4.62E+00	0.00E+00
285.5	1.01E+00	6.70E-01	4.63E+00	0.00E+00
285.75	1.01E+00	6.71E-01	4.63E+00	0.00E+00
286	1.01E+00	6.71E-01	4.63E+00	0.00E+00
286.25	1.01E+00	6.71E-01	4.64E+00	0.00E+00
286.5	1.01E+00	6.72E-01	4.64E+00	0.00E+00
286.75	1.01E+00	6.72E-01	4.65E+00	0.00E+00
287	1.01E+00	6.73E-01	4.65E+00	0.00E+00
287.25	1.01E+00	6.73E-01	4.65E+00	0.00E+00
287.5	1.01E+00	6.73E-01	4.66E+00	0.00E+00
287.75	1.01E+00	6.74E-01	4.66E+00	0.00E+00
288	1.01E+00	6.74E-01	4.67E+00	0.00E+00
288.25	1.01E+00	6.75E-01	4.67E+00	0.00E+00
288.5	1.01E+00	6.75E-01	4.68E+00	0.00E+00
288.75	1.02E+00	6.75E-01	4.68E+00	0.00E+00
289	1.02E+00	6.76E-01	4.69E+00	0.00E+00
289.25	1.02E+00	6.76E-01	4.69E+00	0.00E+00
289.5	1.02E+00	6.76E-01	4.69E+00	0.00E+00
289.75	1.02E+00	6.77E-01	4.70E+00	0.00E+00
290	1.02E+00	6.77E-01	4.70E+00	0.00E+00
290.25	1.02E+00	6.77E-01	4.71E+00	0.00E+00
290.5	1.03E+00	6.78E-01	4.71E+00	0.00E+00
290.75	1.04E+00	6.78E-01	4.71E+00	0.00E+00
291	1.04E+00	6.78E-01	4.72E+00	0.00E+00
291.25	1.04E+00	6.79E-01	4.72E+00	0.00E+00
291.5	1.04E+00	6.79E-01	4.72E+00	0.00E+00
291.75	1.04E+00	6.79E-01	4.73E+00	0.00E+00
292	1.04E+00	6.80E-01	4.73E+00	0.00E+00
292.25	1.04E+00	6.80E-01	4.73E+00	0.00E+00
292.5	1.04E+00	6.81E-01	4.74E+00	0.00E+00
292.75	1.04E+00	6.81E-01	4.74E+00	0.00E+00
293	1.04E+00	6.81E-01	4.74E+00	0.00E+00
293.25	1.05E+00	6.82E-01	4.75E+00	0.00E+00
293.5	1.07E+00	6.82E-01	4.75E+00	0.00E+00
293.75	1.08E+00	6.82E-01	4.76E+00	0.00E+00
294	1.09E+00	6.83E-01	4.76E+00	0.00E+00
294.25	1.09E+00	6.83E-01	4.76E+00	0.00E+00
294.5	1.09E+00	6.84E-01	4.76E+00	0.00E+00
294.75	1.09E+00	6.84E-01	4.77E+00	0.00E+00
295	1.09E+00	6.85E-01	4.77E+00	0.00E+00
295.25	1.09E+00	6.85E-01	4.77E+00	0.00E+00
295.5	1.09E+00	6.86E-01	4.77E+00	0.00E+00
295.75	1.09E+00	6.87E-01	4.78E+00	0.00E+00
296	1.09E+00	6.88E-01	4.78E+00	0.00E+00
296.25	1.09E+00	6.89E-01	4.78E+00	0.00E+00
296.5	1.09E+00	6.90E-01	4.79E+00	0.00E+00
296.75	1.09E+00	6.90E-01	4.79E+00	0.00E+00
297	1.09E+00	6.91E-01	4.80E+00	0.00E+00
297.25	1.09E+00	6.92E-01	4.80E+00	0.00E+00
297.5	1.09E+00	6.94E-01	4.80E+00	0.00E+00
297.75	1.09E+00	6.95E-01	4.81E+00	0.00E+00
298	1.09E+00	6.96E-01	4.81E+00	0.00E+00
298.25	1.09E+00	6.97E-01	4.82E+00	0.00E+00
298.5	1.09E+00	6.98E-01	4.82E+00	0.00E+00
298.75	1.09E+00	6.99E-01	4.83E+00	0.00E+00
299	1.09E+00	7.00E-01	4.83E+00	0.00E+00
299.25	1.09E+00	7.01E-01	4.83E+00	0.00E+00
299.5	1.09E+00	7.02E-01	4.84E+00	0.00E+00
299.75	1.09E+00	7.03E-01	4.84E+00	0.00E+00
300	1.09E+00	7.04E-01	4.85E+00	0.00E+00
300.25	1.10E+00	7.05E-01	4.85E+00	0.00E+00
300.5	1.10E+00	7.05E-01	4.85E+00	0.00E+00
300.75	1.10E+00	7.06E-01	4.86E+00	0.00E+00
301	1.10E+00	7.07E-01	4.86E+00	0.00E+00
301.25	1.10E+00	7.08E-01	4.87E+00	0.00E+00
301.5	1.10E+00	7.09E-01	4.87E+00	0.00E+00
301.75	1.10E+00	7.10E-01	4.87E+00	0.00E+00
302	1.10E+00	7.11E-01	4.88E+00	0.00E+00
302.25	1.10E+00	7.12E-01	4.88E+00	0.00E+00
302.5	1.10E+00	7.12E-01	4.89E+00	0.00E+00
302.75	1.10E+00	7.13E-01	4.89E+00	0.00E+00
303	1.10E+00	7.14E-01	4.90E+00	0.00E+00
303.25	1.10E+00	7.15E-01	4.90E+00	0.00E+00
303.5	1.10E+00	7.16E-01	4.90E+00	0.00E+00
303.75	1.10E+00	7.16E-01	4.91E+00	0.00E+00
304	1.10E+00	7.17E-01	4.91E+00	0.00E+00
304.25	1.10E+00	7.18E-01	4.92E+00	0.00E+00
304.5	1.10E+00	7.19E-01	4.92E+00	0.00E+00
304.75	1.10E+00	7.20E-01	4.92E+00	0.00E+00
305	1.10E+00	7.20E-01	4.93E+00	0.00E+00
305.25	1.10E+00	7.21E-01	4.93E+00	0.00E+00
305.5	1.11E+00	7.22E-01	4.94E+00	0.00E+00
305.75	1.11E+00	7.23E-01	4.94E+00	0.00E+00
306	1.11E+00	7.23E-01	4.94E+00	0.00E+00
306.25	1.11E+00	7.24E-01	4.95E+00	0.00E+00
306.5	1.11E+00	7.25E-01	4.95E+00	0.00E+00
306.75	1.11E+00	7.25E-01	4.96E+00	0.00E+00
307	1.11E+00	7.26E-01	4.96E+00	0.00E+00
307.25	1.11E+00	7.27E-01	4.96E+00	0.00E+00
307.5	1.11E+00	7.28E-01	4.97E+00	0.00E+00
307.75	1.11E+00	7.28E-01	4.97E+00	0.00E+00
308	1.11E+00	7.29E-01	4.97E+00	0.00E+00
308.25	1.11E+00	7.30E-01	4.98E+00	0.00E+00
308.5	1.11E+00	7.30E-01	4.98E+00	0.00E+00
308.75	1.11E+00	7.31E-01	4.99E+00	0.00E+00
309	1.11E+00	7.32E-01	4.99E+00	0.00E+00
309.25	1.11E+00	7.33E-01	4.99E+00	0.00E+00
309.5	1.11E+00	7.33E-01	5.00E+00	0.00E+00
309.75	1.11E+00	7.34E-01	5.00E+00	0.00E+00
310	1.11E+00	7.35E-01	5.01E+00	0.00E+00
310.25	1.12E+00	7.35E-01	5.01E+00	0.00E+00
310.5	1.12E+00	7.36E-01	5.01E+00	0.00E+00
310.75	1.12E+00	7.37E-01	5.02E+00	0.00E+00
311	1.12E+00	7.38E-01	5.02E+00	0.00E+00
311.25	1.12E+00	7.38E-01	5.03E+00	0.00E+00
311.5	1.12E+00	7.39E-01	5.03E+00	0.00E+00
311.75	1.12E+00	7.40E-01	5.03E+00	0.00E+00
312	1.12E+00	7.40E-01	5.04E+00	0.00E+00
312.25	1.12E+00	7.41E-01	5.04E+00	0.00E+00
312.5	1.12E+00	7.42E-01	5.04E+00	0.00E+00
312.75	1.12E+00	7.42E-01	5.05E+00	0.00E+00
313	1.12E+00	7.43E-01	5.05E+00	0.00E+00
313.25	1.12E+00	7.44E-01	5.06E+00	0.00E+00
313.5	1.12E+00	7.44E-01	5.06E+00	0.00E+00
313.75	1.12E+00	7.45E-01	5.06E+00	0.00E+00
314	1.12E+00	7.46E-01	5.07E+00	0.00E+00
314.25	1.13E+00	7.46E-01	5.07E+00	0.00E+00
314.5	1.13E+00	7.47E-01	5.08E+00	0.00E+00
314.75	1.13E+00	7.48E-01	5.08E+00	0.00E+00
315	1.13E+00	7.48E-01	5.08E+00	0.00E+00
315.25	1.13E+00	7.49E-01	5.09E+00	0.00E+00
315.5	1.13E+00	7.50E-01	5.09E+00	0.00E+00
315.75	1.13E+00	7.50E-01	5.09E+00	0.00E+00
316	1.13E+00	7.51E-01	5.10E+00	0.00E+00
316.25	1.13E+00	7.52E-01	5.10E+00	0.00E+00
316.5	1.13E+00	7.52E-01	5.11E+00	0.00E+00
316.75	1.13E+00	7.53E-01	5.11E+00	0.00E+00
317	1.13E+00	7.54E-01	5.11E+00	0.00E+00
317.25	1.13E+00	7.54E-01	5.12E+00	0.00E+00
317.5	1.14E+00	7.55E-01	5.12E+00	0.00E+00
317.75	1.14E+00	7.56E-01	5.13E+00	0.00E+00
318	1.14E+00	7.56E-01	5.13E+00	0.00E+00
318.25	1.14E+00	7.57E-01	5.13E+00	0.00E+00
318.5	1.14E+00	7.58E-01	5.14E+00	0.00E+00
318.75	1.14E+00	7.58E-01	5.14E+00	0.00E+00
319	1.14E+00	7.59E-01	5.14E+00	0.00E+00
319.25	1.14E+00	7.60E-01	5.15E+00	0.00E+00
319.5	1.14E+00	7.60E-01	5.15E+00	0.00E+00
319.75	1.14E+00	7.61E-01	5.16E+00	0.00E+00
320	1.14E+00	7.62E-01	5.16E+00	0.00E+00
320.25	1.14E+00	7.62E-01	5.16E+00	0.00E+00
320.5	1.14E+00	7.63E-01	5.17E+00	0.00E+00
320.75	1.14E+00	7.63E-01	5.17E+00	0.00E+00
321	1.14E+00	7.64E-01	5.18E+00	0.00E+00
321.25	1.14E+00	7.65E-01	5.18E+00	0.00E+00
321.5	1.15E+00	7.65E-01	5.19E+00	0.00E+00
321.75	1.15E+00	7.66E-01	5.19E+00	0.00E+00
322	1.16E+00	7.67E-01	5.19E+00	0.00E+00
322.25	1.17E+00	7.67E-01	5.20E+00	0.00E+00
322.5	1.19E+00	7.68E-01	5.20E+00	0.00E+00
322.75	1.21E+00	7.68E-01	5.20E+00	0.00E+00
323	1.23E+00	7.69E-01	5.21E+00	0.00E+00
323.25	1.23E+00	7.70E-01	5.21E+00	0.00E+00
323.5	1.24E+00	7.71E-01	5.21E+00	0.00E+00
323.75	1.24E+00	7.72E-01	5.21E+00	0.00E+00
324	1.24E+00	7.74E-01	5.21E+00	0.00E+00
324.25	1.24E+00	7.76E-01	5.21E+00	0.00E+00
324.5	1.24E+00	7.79E-01	5.21E+00	0.00E+00
324.75	1.24E+00	7.81E-01	5.21E+00	0.00E+00
325	1.24E+00	7.84E-01	5.22E+00	0.00E+00
325.25	1.24E+00	7.87E-01	5.22E+00	0.00E+00
325.5	1.24E+00	7.90E-01	5.22E+00	0.00E+00
325.75	1.24E+00	7.93E-01	5.22E+00	0.00E+00
326	1.24E+00	7.96E-01	5.23E+00	0.00E+00
326.25	1.25E+00	7.99E-01	5.23E+00	0.00E+00
326.5	1.25E+00	8.02E-01	5.23E+00	0.00E+00
326.75	1.25E+00	8.05E-01	5.24E+00	0.00E+00
327	1.25E+00	8.07E-01	5.24E+00	0.00E+00
327.25	1.25E+00	8.10E-01	5.24E+00	0.00E+00
327.5	1.25E+00	8.13E-01	5.25E+00	0.00E+00
327.75	1.25E+00	8.15E-01	5.25E+00	0.00E+00
328	1.25E+00	8.18E-01	5.25E+00	0.00E+00
328.25	1.25E+00	8.20E-01	5.26E+00	0.00E+00
328.5	1.25E+00	8.22E-01	5.26E+00	0.00E+00
328.75	1.25E+00	8.25E-01	5.26E+00	0.00E+00
329	1.25E+00	8.27E-01	5.27E+00	0.00E+00
329.25	1.25E+00	8.29E-01	5.27E+00	0.00E+00
329.5	1.25E+00	8.31E-01	5.27E+00	0.00E+00
329.75	1.25E+00	8.33E-01	5.28E+00	0.00E+00
330	1.25E+00	8.35E-01	5.28E+00	0.00E+00
330.25	1.25E+00	8.37E-01	5.29E+00	0.00E+00
330.5	1.25E+00	8.39E-01	5.29E+00	0.00E+00
330.75	1.26E+00	8.40E-01	5.29E+00	0.00E+00
331	1.26E+00	8.42E-01	5.30E+00	0.00E+00
331.25	1.26E+00	8.44E-01	5.30E+00	0.00E+00
331.5	1.26E+00	8.45E-01	5.30E+00	0.00E+00
331.75	1.26E+00	8.47E-01	5.31E+00	0.00E+00
332	1.26E+00	8.49E-01	5.31E+00	0.00E+00
332.25	1.26E+00	8.50E-01	5.31E+00	0.00E+00
332.5	1.26E+00	8.52E-01	5.32E+00	0.00E+00
332.75	1.27E+00	8.54E-01	5.32E+00	0.00E+00
333	1.27E+00	8.55E-01	5.33E+00	0.00E+00
333.25	1.27E+00	8.57E-01	5.33E+00	0.00E+00
333.5	1.27E+00	8.58E-01	5.33E+00	0.00E+00
333.75	1.27E+00	8.60E-01	5.34E+00	0.00E+00
334	1.27E+00	8.62E-01	5.34E+00	0.00E+00
334.25	1.27E+00	8.63E-01	5.34E+00	0.00E+00
334.5	1.27E+00	8.65E-01	5.35E+00	0.00E+00
334.75	1.27E+00	8.66E-01	5.35E+00	0.00E+00
335	1.27E+00	8.68E-01	5.35E+00	0.00E+00
335.25	1.27E+00	8.70E-01	5.36E+00	0.00E+00
335.5	1.27E+00	8.71E-01	5.36E+00	0.00E+00
335.75	1.27E+00	8.73E-01	5.37E+00	0.00E+00
336	1.27E+00	8.74E-01	5.37E+00	0.00E+00
336.25	1.27E+00	8.76E-01	5.37E+00	0.00E+00
336.5	1.27E+00	8.77E-01	5.38E+00	0.00E+00
336.75	1.27E+00	8.79E-01	5.38E+00	0.00E+00
337	1.27E+00	8.80E-01	5.39E+00	0.00E+00
337.25	1.27E+00	8.81E-01	5.39E+00	0.00E+00
337.5	1.27E+00	8.83E-01	5.39E+00	0.00E+00
337.75	1.27E+00	8.84E-01	5.40E+00	0.00E+00
338	1.27E+00	8.85E-01	5.40E+00	0.00E+00
338.25	1.27E+00	8.87E-01	5.41E+00	0.00E+00
338.5	1.27E+00	8.88E-01	5.41E+00	0.00E+00
338.75	1.27E+00	8.89E-01	5.41E+00	0.00E+00
339	1.27E+00	8.90E-01	5.42E+00	0.00E+00
339.25	1.27E+00	8.91E-01	5.42E+00	0.00E+00
339.5	1.27E+00	8.93E-01	5.43E+00	0.00E+00
339.75	1.27E+00	8.94E-01	5.43E+00	0.00E+00
340	1.27E+00	8.95E-01	5.43E+00	0.00E+00
340.25	1.27E+00	8.96E-01	5.44E+00	0.00E+00
340.5	1.27E+00	8.97E-01	5.44E+00	0.00E+00
340.75	1.27E+00	8.98E-01	5.45E+00	0.00E+00
341	1.27E+00	8.99E-01	5.45E+00	0.00E+00
341.25	1.27E+00	9.00E-01	5.46E+00	0.00E+00
341.5	1.27E+00	9.01E-01	5.46E+00	0.00E+00
341.75	1.27E+00	9.02E-01	5.46E+00	0.00E+00
342	1.27E+00	9.03E-01	5.47E+00	0.00E+00
342.25	1.27E+00	9.04E-01	5.47E+00	0.00E+00
342.5	1.27E+00	9.04E-01	5.48E+00	0.00E+00
342.75	1.27E+00	9.05E-01	5.48E+00	0.00E+00
343	1.27E+00	9.06E-01	5.48E+00	0.00E+00
343.25	1.27E+00	9.07E-01	5.49E+00	0.00E+00
343.5	1.27E+00	9.08E-01	5.49E+00	0.00E+00
343.75	1.27E+00	9.09E-01	5.50E+00	0.00E+00
344	1.27E+00	9.10E-01	5.50E+00	0.00E+00
344.25	1.27E+00	9.10E-01	5.50E+00	0.00E+00
344.5	1.27E+00	9.11E-01	5.51E+00	0.00E+00
344.75	1.27E+00	9.12E-01	5.51E+00	0.00E+00
345	1.27E+00	9.13E-01	5.52E+00	0.00E+00
345.25	1.27E+00	9.14E-01	5.52E+00	0.00E+00
345.5	1.27E+00	9.14E-01	5.52E+00	0.00E+00
345.75	1.27E+00	9.15E-01	5.53E+00	0.00E+00
346	1.27E+00	9.16E-01	5.53E+00	0.00E+00
346.25	1.27E+00	9.17E-01	5.54E+00	0.00E+00
346.5	1.27E+00	9.17E-01	5.54E+00	0.00E+00
346.75	1.27E+00	9.18E-01	5.54E+00	0.00E+00
347	1.27E+00	9.19E-01	5.55E+00	0.00E+00
347.25	1.27E+00	9.20E-01	5.55E+00	0.00E+00
347.5	1.27E+00	9.20E-01	5.56E+00	0.00E+00
347.75	1.27E+00	9.21E-01	5.56E+00	0.00E+00
348	1.27E+00	9.22E-01	5.56E+00	0.00E+00
348.25	1.27E+00	9.22E-01	5.57E+00	0.00E+00
348.5	1.27E+00	9.23E-01	5.57E+00	0.00E+00
348.75	1.27E+00	9.24E-01	5.58E+00	0.00E+00
349	1.27E+00	9.24E-01	5.58E+00	0.00E+00
349.25	1.27E+00	9.25E-01	5.58E+00	0.00E+00
349.5	1.27E+00	9.25E-01	5.59E+00	0.00E+00
349.75	1.27E+00	9.26E-01	5.59E+00	0.00E+00
350	1.27E+00	9.27E-01	5.60E+00	0.00E+00
350.25	1.27E+00	9.27E-01	5.60E+00	0.00E+00
350.5	1.27E+00	9.28E-01	5.60E+00	0.00E+00
350.75	1.27E+00	9.28E-01	5.61E+00	0.00E+00
351	1.27E+00	9.29E-01	5.61E+00	0.00E+00
351.25	1.28E+00	9.30E-01	5.62E+00	0.00E+00
351.5	1.29E+00	9.30E-01	5.62E+00	0.00E+00
351.75	1.30E+00	9.31E-01	5.63E+00	0.00E+00
352	1.32E+00	9.31E-01	5.63E+00	0.00E+00
352.25	1.32E+00	9.32E-01	5.63E+00	0.00E+00
352.5	1.32E+00	9.32E-01	5.63E+00	0.00E+00
352.75	1.32E+00	9.33E-01	5.63E+00	0.00E+00
353	1.32E+00	9.33E-01	5.64E+00	0.00E+00
353.25	1.32E+00	9.34E-01	5.64E+00	0.00E+00
353.5	1.32E+00	9.35E-01	5.64E+00	0.00E+00
353.75	1.32E+00	9.36E-01	5.65E+00	0.00E+00
354	1.32E+00	9.36E-01	5.65E+00	0.00E+00
354.25	1.32E+00	9.37E-01	5.65E+00	0.00E+00
354.5	1.32E+00	9.38E-01	5.66E+00	0.00E+00
354.75	1.32E+00	9.39E-01	5.66E+00	0.00E+00
355	1.32E+00	9.40E-01	5.66E+00	0.00E+00
355.25	1.32E+00	9.41E-01	5.67E+00	0.00E+00
355.5	1.32E+00	9.42E-01	5.67E+00	0.00E+00
355.75	1.32E+00	9.43E-01	5.68E+00	0.00E+00
356	1.32E+00	9.44E-01	5.68E+00	0.00E+00
356.25	1.32E+00	9.45E-01	5.68E+00	0.00E+00
356.5	1.32E+00	9.46E-01	5.69E+00	0.00E+00
356.75	1.33E+00	9.47E-01	5.69E+00	0.00E+00
357	1.33E+00	9.48E-01	5.70E+00	0.00E+00
357.25	1.33E+00	9.49E-01	5.70E+00	0.00E+00
357.5	1.33E+00	9.49E-01	5.70E+00	0.00E+00
357.75	1.33E+00	9.50E-01	5.70E+00	0.00E+00
358	1.33E+00	9.51E-01	5.71E+00	0.00E+00
358.25	1.34E+00	9.52E-01	5.71E+00	0.00E+00
358.5	1.35E+00	9.53E-01	5.72E+00	0.00E+00
358.75	1.35E+00	9.54E-01	5.72E+00	0.00E+00
359	1.36E+00	9.55E-01	5.72E+00	0.00E+00
359.25	1.36E+00	9.56E-01	5.72E+00	0.00E+00
359.5	1.36E+00	9.57E-01	5.73E+00	0.00E+00
359.75	1.36E+00	9.59E-01	5.73E+00	0.00E+00
360	1.36E+00	9.60E-01	5.73E+00	0.00E+00
360.25	1.36E+00	9.61E-01	5.74E+00	0.00E+00
360.5	1.36E+00	9.63E-01	5.74E+00	0.00E+00
360.75	1.36E+00	9.64E-01	5.74E+00	0.00E+00
361	1.36E+00	9.65E-01	5.75E+00	0.00E+00
361.25	1.36E+00	9.67E-01	5.75E+00	0.00E+00
361.5	1.36E+00	9.68E-01	5.75E+00	0.00E+00
361.75	1.36E+00	9.70E-01	5.76E+00	0.00E+00
362	1.36E+00	9.71E-01	5.76E+00	0.00E+00
362.25	1.37E+00	9.73E-01	5.76E+00	0.00E+00
362.5	1.37E+00	9.74E-01	5.77E+00	0.00E+00
362.75	1.37E+00	9.76E-01	5.77E+00	0.00E+00
363	1.38E+00	9.77E-01	5.77E+00	0.00E+00
363.25	1.38E+00	9.79E-01	5.78E+00	0.00E+00
363.5	1.38E+00	9.80E-01	5.78E+00	0.00E+00
363.75	1.38E+00	9.82E-01	5.78E+00	0.00E+00
364	1.38E+00	9.83E-01	5.79E+00	0.00E+00
364.25	1.38E+00	9.85E-01	5.79E+00	0.00E+00
364.5	1.38E+00	9.86E-01	5.79E+00	0.00E+00
364.75	1.38E+00	9.88E-01	5.80E+00	0.00E+00
365	1.38E+00	9.89E-01	5.80E+00	0.00E+00
