title = "dataset c2a"
variables = "time", "p3", "p6", "p10", "p25", "p50", "p100"
zone t = "Flow variables, volume =   197", f=point
0.25	3.57E-01	3.57E-01	3.57E-01	3.57E-01	3.57E-01	3.57E-01
0.5	3.57E-01	3.57E-01	3.57E-01	3.57E-01	3.57E-01	3.57E-01
0.75	3.57E-01	3.57E-01	3.57E-01	3.57E-01	3.57E-01	3.57E-01
1	3.57E-01	3.57E-01	3.57E-01	3.57E-01	3.57E-01	3.57E-01
1.25	3.52E-01	3.53E-01	3.54E-01	3.56E-01	3.57E-01	3.57E-01
1.5	3.49E-01	3.50E-01	3.51E-01	3.55E-01	3.57E-01	3.57E-01
1.75	3.47E-01	3.48E-01	3.50E-01	3.53E-01	3.56E-01	3.57E-01
2	3.46E-01	3.47E-01	3.48E-01	3.52E-01	3.55E-01	3.57E-01
2.25	3.44E-01	3.45E-01	3.47E-01	3.51E-01	3.54E-01	3.57E-01
2.5	3.43E-01	3.44E-01	3.46E-01	3.50E-01	3.54E-01	3.56E-01
2.75	3.42E-01	3.43E-01	3.45E-01	3.49E-01	3.53E-01	3.56E-01
3	3.41E-01	3.42E-01	3.44E-01	3.48E-01	3.52E-01	3.55E-01
3.25	3.43E-01	3.43E-01	3.44E-01	3.47E-01	3.52E-01	3.55E-01
3.5	3.43E-01	3.44E-01	3.44E-01	3.47E-01	3.51E-01	3.54E-01
3.75	3.43E-01	3.44E-01	3.44E-01	3.47E-01	3.50E-01	3.54E-01
4	3.43E-01	3.44E-01	3.44E-01	3.46E-01	3.50E-01	3.53E-01
4.25	3.46E-01	3.46E-01	3.46E-01	3.47E-01	3.50E-01	3.53E-01
4.5	3.48E-01	3.47E-01	3.47E-01	3.47E-01	3.49E-01	3.52E-01
4.75	3.49E-01	3.48E-01	3.48E-01	3.48E-01	3.49E-01	3.52E-01
5	3.49E-01	3.49E-01	3.49E-01	3.48E-01	3.49E-01	3.51E-01
5.25	3.48E-01	3.48E-01	3.49E-01	3.49E-01	3.49E-01	3.51E-01
5.5	3.48E-01	3.48E-01	3.48E-01	3.49E-01	3.49E-01	3.51E-01
5.75	3.48E-01	3.48E-01	3.48E-01	3.49E-01	3.49E-01	3.50E-01
6	3.48E-01	3.48E-01	3.48E-01	3.49E-01	3.49E-01	3.50E-01
6.25	3.43E-01	3.45E-01	3.46E-01	3.48E-01	3.49E-01	3.50E-01
6.5	3.41E-01	3.42E-01	3.44E-01	3.47E-01	3.49E-01	3.50E-01
6.75	3.39E-01	3.41E-01	3.42E-01	3.46E-01	3.48E-01	3.50E-01
7	3.38E-01	3.39E-01	3.41E-01	3.45E-01	3.48E-01	3.50E-01
7.25	3.43E-01	3.43E-01	3.43E-01	3.44E-01	3.47E-01	3.49E-01
7.5	3.46E-01	3.45E-01	3.45E-01	3.45E-01	3.47E-01	3.49E-01
7.75	3.47E-01	3.46E-01	3.46E-01	3.45E-01	3.47E-01	3.49E-01
8	3.48E-01	3.47E-01	3.47E-01	3.46E-01	3.47E-01	3.49E-01
8.25	3.52E-01	3.51E-01	3.50E-01	3.47E-01	3.47E-01	3.48E-01
8.5	3.54E-01	3.53E-01	3.52E-01	3.49E-01	3.47E-01	3.48E-01
8.75	3.55E-01	3.54E-01	3.53E-01	3.50E-01	3.48E-01	3.48E-01
9	3.56E-01	3.55E-01	3.54E-01	3.51E-01	3.48E-01	3.48E-01
9.25	3.52E-01	3.52E-01	3.52E-01	3.52E-01	3.49E-01	3.48E-01
9.5	3.50E-01	3.50E-01	3.50E-01	3.51E-01	3.49E-01	3.48E-01
9.75	3.48E-01	3.49E-01	3.49E-01	3.50E-01	3.50E-01	3.48E-01
10	3.48E-01	3.48E-01	3.48E-01	3.49E-01	3.49E-01	3.48E-01
10.25	3.60E-01	3.58E-01	3.56E-01	3.51E-01	3.49E-01	3.48E-01
10.5	3.65E-01	3.64E-01	3.61E-01	3.54E-01	3.50E-01	3.49E-01
10.75	3.69E-01	3.67E-01	3.65E-01	3.58E-01	3.51E-01	3.49E-01
11	3.71E-01	3.70E-01	3.68E-01	3.61E-01	3.53E-01	3.49E-01
11.25	3.91E-01	3.88E-01	3.84E-01	3.69E-01	3.55E-01	3.49E-01
11.5	3.98E-01	3.96E-01	3.93E-01	3.80E-01	3.61E-01	3.50E-01
11.75	4.02E-01	4.00E-01	3.98E-01	3.88E-01	3.68E-01	3.51E-01
12	4.05E-01	4.04E-01	4.02E-01	3.94E-01	3.76E-01	3.54E-01
12.25	3.83E-01	3.85E-01	3.86E-01	3.88E-01	3.80E-01	3.58E-01
12.5	3.75E-01	3.77E-01	3.79E-01	3.82E-01	3.80E-01	3.64E-01
12.75	3.70E-01	3.71E-01	3.73E-01	3.77E-01	3.78E-01	3.68E-01
13	3.66E-01	3.68E-01	3.69E-01	3.74E-01	3.76E-01	3.71E-01
13.25	3.75E-01	3.75E-01	3.74E-01	3.73E-01	3.74E-01	3.73E-01
13.5	3.78E-01	3.77E-01	3.77E-01	3.75E-01	3.74E-01	3.74E-01
13.75	3.79E-01	3.79E-01	3.78E-01	3.76E-01	3.75E-01	3.74E-01
14	3.80E-01	3.80E-01	3.79E-01	3.78E-01	3.75E-01	3.74E-01
14.25	3.77E-01	3.77E-01	3.78E-01	3.77E-01	3.76E-01	3.74E-01
14.5	3.76E-01	3.76E-01	3.77E-01	3.77E-01	3.76E-01	3.75E-01
14.75	3.76E-01	3.76E-01	3.76E-01	3.76E-01	3.76E-01	3.75E-01
15	3.75E-01	3.75E-01	3.76E-01	3.76E-01	3.76E-01	3.75E-01
15.25	3.69E-01	3.70E-01	3.71E-01	3.74E-01	3.76E-01	3.76E-01
15.5	3.66E-01	3.67E-01	3.69E-01	3.72E-01	3.75E-01	3.76E-01
15.75	3.64E-01	3.65E-01	3.66E-01	3.70E-01	3.74E-01	3.76E-01
16	3.62E-01	3.63E-01	3.65E-01	3.68E-01	3.72E-01	3.75E-01
16.25	3.59E-01	3.61E-01	3.62E-01	3.67E-01	3.71E-01	3.74E-01
16.5	3.57E-01	3.59E-01	3.60E-01	3.65E-01	3.70E-01	3.74E-01
16.75	3.56E-01	3.57E-01	3.58E-01	3.63E-01	3.69E-01	3.73E-01
17	3.54E-01	3.55E-01	3.57E-01	3.62E-01	3.67E-01	3.72E-01
17.25	3.54E-01	3.55E-01	3.56E-01	3.61E-01	3.66E-01	3.71E-01
17.5	3.53E-01	3.54E-01	3.55E-01	3.60E-01	3.65E-01	3.70E-01
17.75	3.53E-01	3.53E-01	3.54E-01	3.59E-01	3.64E-01	3.69E-01
18	3.52E-01	3.53E-01	3.54E-01	3.58E-01	3.63E-01	3.68E-01
18.25	3.77E-01	3.74E-01	3.70E-01	3.62E-01	3.62E-01	3.67E-01
18.5	3.86E-01	3.83E-01	3.81E-01	3.70E-01	3.64E-01	3.66E-01
18.75	3.91E-01	3.89E-01	3.87E-01	3.78E-01	3.67E-01	3.65E-01
19	3.95E-01	3.93E-01	3.91E-01	3.84E-01	3.72E-01	3.65E-01
19.25	3.77E-01	3.78E-01	3.79E-01	3.81E-01	3.76E-01	3.66E-01
19.5	3.70E-01	3.71E-01	3.73E-01	3.76E-01	3.76E-01	3.68E-01
19.75	3.66E-01	3.67E-01	3.69E-01	3.73E-01	3.74E-01	3.70E-01
20	3.62E-01	3.64E-01	3.65E-01	3.70E-01	3.73E-01	3.72E-01
20.25	3.60E-01	3.61E-01	3.63E-01	3.67E-01	3.71E-01	3.72E-01
20.5	3.58E-01	3.59E-01	3.61E-01	3.65E-01	3.70E-01	3.72E-01
20.75	3.56E-01	3.57E-01	3.59E-01	3.64E-01	3.69E-01	3.72E-01
21	3.54E-01	3.55E-01	3.57E-01	3.62E-01	3.67E-01	3.71E-01
21.25	3.58E-01	3.58E-01	3.58E-01	3.61E-01	3.66E-01	3.70E-01
21.5	3.59E-01	3.59E-01	3.59E-01	3.61E-01	3.65E-01	3.69E-01
21.75	3.60E-01	3.60E-01	3.60E-01	3.61E-01	3.65E-01	3.68E-01
22	3.60E-01	3.60E-01	3.60E-01	3.62E-01	3.64E-01	3.68E-01
22.25	3.55E-01	3.56E-01	3.57E-01	3.61E-01	3.64E-01	3.67E-01
22.5	3.52E-01	3.54E-01	3.55E-01	3.59E-01	3.63E-01	3.66E-01
22.75	3.51E-01	3.52E-01	3.53E-01	3.58E-01	3.62E-01	3.66E-01
23	3.49E-01	3.50E-01	3.52E-01	3.56E-01	3.61E-01	3.65E-01
23.25	3.52E-01	3.52E-01	3.52E-01	3.55E-01	3.60E-01	3.64E-01
23.5	3.52E-01	3.52E-01	3.53E-01	3.55E-01	3.59E-01	3.63E-01
23.75	3.52E-01	3.53E-01	3.53E-01	3.55E-01	3.59E-01	3.63E-01
24	3.52E-01	3.53E-01	3.53E-01	3.55E-01	3.58E-01	3.62E-01
24.25	3.49E-01	3.50E-01	3.51E-01	3.54E-01	3.58E-01	3.61E-01
24.5	3.47E-01	3.48E-01	3.49E-01	3.53E-01	3.57E-01	3.61E-01
24.75	3.45E-01	3.46E-01	3.48E-01	3.52E-01	3.56E-01	3.60E-01
25	3.44E-01	3.45E-01	3.47E-01	3.51E-01	3.55E-01	3.59E-01
25.25	3.43E-01	3.44E-01	3.45E-01	3.50E-01	3.55E-01	3.59E-01
25.5	3.41E-01	3.43E-01	3.44E-01	3.49E-01	3.54E-01	3.58E-01
25.75	3.40E-01	3.42E-01	3.43E-01	3.48E-01	3.53E-01	3.57E-01
26	3.39E-01	3.41E-01	3.42E-01	3.47E-01	3.52E-01	3.57E-01
26.25	3.42E-01	3.42E-01	3.43E-01	3.46E-01	3.52E-01	3.56E-01
26.5	3.42E-01	3.43E-01	3.43E-01	3.46E-01	3.51E-01	3.55E-01
26.75	3.43E-01	3.43E-01	3.44E-01	3.46E-01	3.50E-01	3.54E-01
27	3.43E-01	3.43E-01	3.44E-01	3.46E-01	3.50E-01	3.54E-01
27.25	3.44E-01	3.44E-01	3.44E-01	3.46E-01	3.49E-01	3.53E-01
27.5	3.45E-01	3.45E-01	3.45E-01	3.46E-01	3.49E-01	3.53E-01
27.75	3.45E-01	3.45E-01	3.45E-01	3.46E-01	3.49E-01	3.52E-01
28	3.45E-01	3.45E-01	3.46E-01	3.46E-01	3.49E-01	3.51E-01
28.25	3.41E-01	3.42E-01	3.44E-01	3.46E-01	3.48E-01	3.51E-01
28.5	3.39E-01	3.40E-01	3.42E-01	3.45E-01	3.48E-01	3.51E-01
28.75	3.38E-01	3.39E-01	3.40E-01	3.44E-01	3.48E-01	3.50E-01
29	3.37E-01	3.38E-01	3.39E-01	3.43E-01	3.47E-01	3.50E-01
29.25	3.36E-01	3.37E-01	3.38E-01	3.42E-01	3.47E-01	3.49E-01
29.5	3.35E-01	3.36E-01	3.37E-01	3.41E-01	3.46E-01	3.49E-01
29.75	3.34E-01	3.35E-01	3.36E-01	3.40E-01	3.45E-01	3.49E-01
30	3.33E-01	3.34E-01	3.35E-01	3.39E-01	3.45E-01	3.48E-01
30.25	3.38E-01	3.37E-01	3.37E-01	3.39E-01	3.44E-01	3.48E-01
30.5	3.40E-01	3.39E-01	3.39E-01	3.40E-01	3.43E-01	3.47E-01
30.75	3.41E-01	3.41E-01	3.40E-01	3.40E-01	3.43E-01	3.47E-01
31	3.42E-01	3.42E-01	3.41E-01	3.41E-01	3.43E-01	3.46E-01
31.25	3.47E-01	3.46E-01	3.44E-01	3.42E-01	3.43E-01	3.46E-01
31.5	3.49E-01	3.48E-01	3.47E-01	3.44E-01	3.43E-01	3.45E-01
31.75	3.51E-01	3.50E-01	3.49E-01	3.45E-01	3.43E-01	3.45E-01
32	3.53E-01	3.52E-01	3.51E-01	3.47E-01	3.44E-01	3.45E-01
32.25	3.69E-01	3.66E-01	3.62E-01	3.51E-01	3.45E-01	3.44E-01
32.5	3.76E-01	3.73E-01	3.70E-01	3.58E-01	3.47E-01	3.44E-01
32.75	3.80E-01	3.78E-01	3.75E-01	3.64E-01	3.50E-01	3.44E-01
33	3.83E-01	3.82E-01	3.79E-01	3.69E-01	3.54E-01	3.45E-01
33.25	3.67E-01	3.68E-01	3.69E-01	3.68E-01	3.58E-01	3.46E-01
33.5	3.60E-01	3.61E-01	3.63E-01	3.64E-01	3.59E-01	3.47E-01
33.75	3.56E-01	3.57E-01	3.58E-01	3.61E-01	3.59E-01	3.49E-01
34	3.52E-01	3.54E-01	3.55E-01	3.59E-01	3.58E-01	3.51E-01
34.25	3.49E-01	3.50E-01	3.52E-01	3.56E-01	3.57E-01	3.53E-01
34.5	3.46E-01	3.48E-01	3.49E-01	3.54E-01	3.56E-01	3.54E-01
34.75	3.44E-01	3.45E-01	3.47E-01	3.52E-01	3.55E-01	3.54E-01
35	3.42E-01	3.43E-01	3.45E-01	3.50E-01	3.54E-01	3.55E-01
35.25	3.40E-01	3.42E-01	3.44E-01	3.49E-01	3.53E-01	3.55E-01
35.5	3.39E-01	3.40E-01	3.42E-01	3.47E-01	3.52E-01	3.55E-01
35.75	3.38E-01	3.39E-01	3.41E-01	3.46E-01	3.51E-01	3.54E-01
36	3.37E-01	3.38E-01	3.39E-01	3.45E-01	3.50E-01	3.54E-01
36.25	3.37E-01	3.38E-01	3.39E-01	3.44E-01	3.50E-01	3.53E-01
36.5	3.37E-01	3.38E-01	3.39E-01	3.43E-01	3.49E-01	3.53E-01
36.75	3.37E-01	3.37E-01	3.39E-01	3.43E-01	3.48E-01	3.52E-01
37	3.36E-01	3.37E-01	3.38E-01	3.42E-01	3.47E-01	3.52E-01
37.25	3.47E-01	3.46E-01	3.44E-01	3.42E-01	3.47E-01	3.51E-01
37.5	3.52E-01	3.51E-01	3.49E-01	3.45E-01	3.46E-01	3.50E-01
37.75	3.55E-01	3.54E-01	3.52E-01	3.48E-01	3.47E-01	3.50E-01
38	3.58E-01	3.56E-01	3.55E-01	3.50E-01	3.47E-01	3.49E-01
38.25	3.57E-01	3.56E-01	3.55E-01	3.52E-01	3.48E-01	3.49E-01
38.5	3.57E-01	3.56E-01	3.55E-01	3.53E-01	3.49E-01	3.49E-01
38.75	3.57E-01	3.57E-01	3.56E-01	3.53E-01	3.50E-01	3.49E-01
39	3.58E-01	3.57E-01	3.57E-01	3.54E-01	3.51E-01	3.49E-01
39.25	3.51E-01	3.52E-01	3.53E-01	3.54E-01	3.51E-01	3.49E-01
39.5	3.48E-01	3.49E-01	3.50E-01	3.52E-01	3.52E-01	3.49E-01
39.75	3.46E-01	3.47E-01	3.48E-01	3.51E-01	3.51E-01	3.50E-01
40	3.44E-01	3.45E-01	3.46E-01	3.49E-01	3.51E-01	3.50E-01
40.25	3.53E-01	3.52E-01	3.51E-01	3.49E-01	3.50E-01	3.50E-01
40.5	3.57E-01	3.56E-01	3.55E-01	3.51E-01	3.50E-01	3.50E-01
40.75	3.60E-01	3.59E-01	3.57E-01	3.53E-01	3.51E-01	3.50E-01
41	3.61E-01	3.61E-01	3.59E-01	3.55E-01	3.51E-01	3.50E-01
41.25	3.53E-01	3.54E-01	3.54E-01	3.55E-01	3.52E-01	3.50E-01
41.5	3.49E-01	3.50E-01	3.51E-01	3.53E-01	3.53E-01	3.51E-01
41.75	3.46E-01	3.47E-01	3.49E-01	3.52E-01	3.52E-01	3.51E-01
42	3.44E-01	3.45E-01	3.46E-01	3.50E-01	3.52E-01	3.51E-01
42.25	3.42E-01	3.43E-01	3.45E-01	3.49E-01	3.51E-01	3.51E-01
42.5	3.41E-01	3.42E-01	3.43E-01	3.47E-01	3.51E-01	3.51E-01
42.75	3.39E-01	3.40E-01	3.42E-01	3.46E-01	3.50E-01	3.51E-01
43	3.38E-01	3.39E-01	3.41E-01	3.45E-01	3.49E-01	3.51E-01
43.25	3.37E-01	3.38E-01	3.39E-01	3.44E-01	3.48E-01	3.51E-01
43.5	3.36E-01	3.37E-01	3.38E-01	3.43E-01	3.48E-01	3.51E-01
43.75	3.35E-01	3.36E-01	3.37E-01	3.42E-01	3.47E-01	3.50E-01
44	3.34E-01	3.35E-01	3.37E-01	3.41E-01	3.46E-01	3.50E-01
44.25	3.33E-01	3.34E-01	3.36E-01	3.40E-01	3.45E-01	3.49E-01
44.5	3.33E-01	3.34E-01	3.35E-01	3.39E-01	3.45E-01	3.49E-01
44.75	3.32E-01	3.33E-01	3.34E-01	3.38E-01	3.44E-01	3.48E-01
45	3.31E-01	3.32E-01	3.33E-01	3.38E-01	3.43E-01	3.48E-01
45.25	3.30E-01	3.31E-01	3.33E-01	3.37E-01	3.43E-01	3.47E-01
45.5	3.30E-01	3.31E-01	3.32E-01	3.36E-01	3.42E-01	3.47E-01
45.75	3.29E-01	3.30E-01	3.32E-01	3.36E-01	3.41E-01	3.46E-01
46	3.28E-01	3.30E-01	3.31E-01	3.35E-01	3.41E-01	3.45E-01
46.25	3.28E-01	3.29E-01	3.30E-01	3.35E-01	3.40E-01	3.45E-01
46.5	3.27E-01	3.28E-01	3.30E-01	3.34E-01	3.39E-01	3.44E-01
46.75	3.27E-01	3.28E-01	3.29E-01	3.34E-01	3.39E-01	3.44E-01
47	3.26E-01	3.27E-01	3.29E-01	3.33E-01	3.38E-01	3.43E-01
47.25	3.26E-01	3.27E-01	3.28E-01	3.32E-01	3.38E-01	3.43E-01
47.5	3.25E-01	3.26E-01	3.28E-01	3.32E-01	3.37E-01	3.42E-01
47.75	3.24E-01	3.26E-01	3.27E-01	3.31E-01	3.37E-01	3.41E-01
48	3.24E-01	3.25E-01	3.26E-01	3.31E-01	3.36E-01	3.41E-01
48.25	3.24E-01	3.25E-01	3.26E-01	3.30E-01	3.36E-01	3.40E-01
48.5	3.23E-01	3.24E-01	3.26E-01	3.30E-01	3.35E-01	3.40E-01
48.75	3.23E-01	3.24E-01	3.25E-01	3.29E-01	3.35E-01	3.39E-01
49	3.22E-01	3.23E-01	3.25E-01	3.29E-01	3.34E-01	3.39E-01
49.25	3.21E-01	3.23E-01	3.24E-01	3.29E-01	3.34E-01	3.38E-01
49.5	3.21E-01	3.22E-01	3.23E-01	3.28E-01	3.33E-01	3.38E-01
49.75	3.20E-01	3.21E-01	3.23E-01	3.27E-01	3.33E-01	3.37E-01
50	3.20E-01	3.21E-01	3.22E-01	3.27E-01	3.32E-01	3.37E-01
50.25	3.19E-01	3.20E-01	3.21E-01	3.26E-01	3.32E-01	3.36E-01
50.5	3.18E-01	3.19E-01	3.21E-01	3.26E-01	3.31E-01	3.36E-01
50.75	3.18E-01	3.19E-01	3.20E-01	3.25E-01	3.31E-01	3.35E-01
51	3.17E-01	3.18E-01	3.20E-01	3.25E-01	3.30E-01	3.35E-01
51.25	3.17E-01	3.18E-01	3.19E-01	3.24E-01	3.30E-01	3.34E-01
51.5	3.16E-01	3.18E-01	3.19E-01	3.23E-01	3.29E-01	3.34E-01
51.75	3.16E-01	3.17E-01	3.18E-01	3.23E-01	3.29E-01	3.34E-01
52	3.16E-01	3.17E-01	3.18E-01	3.22E-01	3.29E-01	3.33E-01
52.25	3.15E-01	3.16E-01	3.18E-01	3.22E-01	3.28E-01	3.33E-01
52.5	3.15E-01	3.16E-01	3.17E-01	3.21E-01	3.28E-01	3.32E-01
52.75	3.14E-01	3.15E-01	3.17E-01	3.21E-01	3.27E-01	3.32E-01
53	3.14E-01	3.15E-01	3.16E-01	3.21E-01	3.27E-01	3.31E-01
53.25	3.13E-01	3.15E-01	3.16E-01	3.20E-01	3.26E-01	3.31E-01
53.5	3.13E-01	3.14E-01	3.15E-01	3.20E-01	3.26E-01	3.30E-01
53.75	3.13E-01	3.14E-01	3.15E-01	3.19E-01	3.25E-01	3.30E-01
54	3.12E-01	3.13E-01	3.15E-01	3.19E-01	3.25E-01	3.30E-01
54.25	3.19E-01	3.18E-01	3.18E-01	3.19E-01	3.24E-01	3.29E-01
54.5	3.23E-01	3.22E-01	3.21E-01	3.20E-01	3.24E-01	3.29E-01
54.75	3.26E-01	3.25E-01	3.23E-01	3.21E-01	3.24E-01	3.28E-01
55	3.28E-01	3.27E-01	3.25E-01	3.22E-01	3.24E-01	3.28E-01
55.25	3.24E-01	3.24E-01	3.24E-01	3.23E-01	3.24E-01	3.28E-01
55.5	3.22E-01	3.23E-01	3.23E-01	3.23E-01	3.24E-01	3.27E-01
55.75	3.21E-01	3.22E-01	3.22E-01	3.23E-01	3.24E-01	3.27E-01
56	3.21E-01	3.21E-01	3.22E-01	3.23E-01	3.24E-01	3.27E-01
56.25	3.27E-01	3.26E-01	3.24E-01	3.23E-01	3.24E-01	3.26E-01
56.5	3.30E-01	3.28E-01	3.27E-01	3.24E-01	3.24E-01	3.26E-01
56.75	3.32E-01	3.31E-01	3.29E-01	3.25E-01	3.24E-01	3.26E-01
57	3.33E-01	3.32E-01	3.31E-01	3.27E-01	3.24E-01	3.26E-01
57.25	3.42E-01	3.40E-01	3.36E-01	3.28E-01	3.25E-01	3.26E-01
57.5	3.47E-01	3.45E-01	3.41E-01	3.32E-01	3.25E-01	3.25E-01
57.75	3.50E-01	3.48E-01	3.45E-01	3.35E-01	3.27E-01	3.25E-01
58	3.53E-01	3.51E-01	3.48E-01	3.38E-01	3.28E-01	3.25E-01
58.25	3.42E-01	3.43E-01	3.43E-01	3.39E-01	3.30E-01	3.25E-01
58.5	3.38E-01	3.38E-01	3.39E-01	3.38E-01	3.31E-01	3.25E-01
58.75	3.35E-01	3.35E-01	3.36E-01	3.37E-01	3.32E-01	3.26E-01
59	3.32E-01	3.33E-01	3.34E-01	3.35E-01	3.32E-01	3.26E-01
59.25	3.30E-01	3.31E-01	3.32E-01	3.34E-01	3.32E-01	3.27E-01
59.5	3.29E-01	3.29E-01	3.31E-01	3.33E-01	3.32E-01	3.27E-01
59.75	3.27E-01	3.28E-01	3.29E-01	3.32E-01	3.32E-01	3.28E-01
60	3.26E-01	3.27E-01	3.28E-01	3.31E-01	3.31E-01	3.28E-01
60.25	3.24E-01	3.25E-01	3.27E-01	3.30E-01	3.31E-01	3.29E-01
60.5	3.23E-01	3.24E-01	3.26E-01	3.29E-01	3.31E-01	3.29E-01
60.75	3.22E-01	3.23E-01	3.24E-01	3.28E-01	3.30E-01	3.29E-01
61	3.21E-01	3.22E-01	3.23E-01	3.27E-01	3.30E-01	3.30E-01
61.25	3.20E-01	3.21E-01	3.22E-01	3.26E-01	3.29E-01	3.30E-01
61.5	3.19E-01	3.20E-01	3.22E-01	3.26E-01	3.29E-01	3.30E-01
61.75	3.19E-01	3.20E-01	3.21E-01	3.25E-01	3.29E-01	3.30E-01
62	3.18E-01	3.19E-01	3.20E-01	3.24E-01	3.28E-01	3.30E-01
62.25	3.17E-01	3.18E-01	3.19E-01	3.23E-01	3.28E-01	3.30E-01
62.5	3.16E-01	3.17E-01	3.19E-01	3.23E-01	3.27E-01	3.29E-01
62.75	3.16E-01	3.17E-01	3.18E-01	3.22E-01	3.27E-01	3.29E-01
63	3.15E-01	3.16E-01	3.17E-01	3.21E-01	3.26E-01	3.29E-01
63.25	3.14E-01	3.15E-01	3.17E-01	3.21E-01	3.26E-01	3.29E-01
63.5	3.13E-01	3.14E-01	3.16E-01	3.20E-01	3.25E-01	3.29E-01
63.75	3.13E-01	3.14E-01	3.15E-01	3.20E-01	3.25E-01	3.28E-01
64	3.12E-01	3.13E-01	3.15E-01	3.19E-01	3.24E-01	3.28E-01
64.25	3.12E-01	3.13E-01	3.14E-01	3.19E-01	3.24E-01	3.28E-01
64.5	3.12E-01	3.13E-01	3.14E-01	3.18E-01	3.24E-01	3.28E-01
64.75	3.12E-01	3.13E-01	3.14E-01	3.18E-01	3.23E-01	3.27E-01
65	3.11E-01	3.12E-01	3.14E-01	3.18E-01	3.23E-01	3.27E-01
65.25	3.23E-01	3.20E-01	3.18E-01	3.18E-01	3.22E-01	3.27E-01
65.5	3.29E-01	3.26E-01	3.23E-01	3.19E-01	3.22E-01	3.26E-01
65.75	3.33E-01	3.30E-01	3.28E-01	3.21E-01	3.22E-01	3.26E-01
66	3.36E-01	3.34E-01	3.31E-01	3.24E-01	3.22E-01	3.26E-01
66.25	3.32E-01	3.31E-01	3.31E-01	3.26E-01	3.22E-01	3.25E-01
66.5	3.31E-01	3.31E-01	3.30E-01	3.27E-01	3.23E-01	3.25E-01
66.75	3.31E-01	3.30E-01	3.30E-01	3.27E-01	3.24E-01	3.25E-01
67	3.31E-01	3.30E-01	3.30E-01	3.27E-01	3.24E-01	3.24E-01
67.25	3.26E-01	3.27E-01	3.27E-01	3.27E-01	3.25E-01	3.24E-01
67.5	3.23E-01	3.24E-01	3.25E-01	3.27E-01	3.25E-01	3.24E-01
67.75	3.21E-01	3.22E-01	3.24E-01	3.26E-01	3.25E-01	3.24E-01
68	3.20E-01	3.21E-01	3.22E-01	3.25E-01	3.25E-01	3.24E-01
68.25	3.24E-01	3.24E-01	3.23E-01	3.24E-01	3.25E-01	3.24E-01
68.5	3.26E-01	3.26E-01	3.25E-01	3.24E-01	3.25E-01	3.24E-01
68.75	3.28E-01	3.27E-01	3.26E-01	3.25E-01	3.25E-01	3.25E-01
69	3.29E-01	3.28E-01	3.27E-01	3.25E-01	3.25E-01	3.25E-01
69.25	3.26E-01	3.26E-01	3.26E-01	3.26E-01	3.25E-01	3.25E-01
69.5	3.24E-01	3.25E-01	3.25E-01	3.26E-01	3.25E-01	3.25E-01
69.75	3.24E-01	3.24E-01	3.25E-01	3.25E-01	3.25E-01	3.25E-01
70	3.23E-01	3.23E-01	3.24E-01	3.25E-01	3.25E-01	3.25E-01
70.25	3.21E-01	3.21E-01	3.22E-01	3.25E-01	3.25E-01	3.25E-01
70.5	3.19E-01	3.20E-01	3.21E-01	3.24E-01	3.25E-01	3.25E-01
70.75	3.18E-01	3.19E-01	3.20E-01	3.23E-01	3.25E-01	3.25E-01
71	3.17E-01	3.18E-01	3.19E-01	3.22E-01	3.25E-01	3.25E-01
71.25	3.26E-01	3.24E-01	3.23E-01	3.22E-01	3.24E-01	3.25E-01
71.5	3.31E-01	3.29E-01	3.27E-01	3.23E-01	3.24E-01	3.25E-01
71.75	3.33E-01	3.32E-01	3.30E-01	3.25E-01	3.24E-01	3.25E-01
72	3.36E-01	3.34E-01	3.32E-01	3.27E-01	3.24E-01	3.25E-01
72.25	3.31E-01	3.31E-01	3.31E-01	3.28E-01	3.25E-01	3.25E-01
72.5	3.30E-01	3.30E-01	3.30E-01	3.28E-01	3.25E-01	3.25E-01
72.75	3.29E-01	3.29E-01	3.29E-01	3.28E-01	3.26E-01	3.25E-01
73	3.28E-01	3.28E-01	3.28E-01	3.28E-01	3.26E-01	3.25E-01
73.25	3.23E-01	3.25E-01	3.26E-01	3.27E-01	3.26E-01	3.25E-01
73.5	3.20E-01	3.22E-01	3.23E-01	3.26E-01	3.26E-01	3.25E-01
73.75	3.19E-01	3.20E-01	3.21E-01	3.25E-01	3.26E-01	3.25E-01
74	3.17E-01	3.18E-01	3.20E-01	3.24E-01	3.26E-01	3.25E-01
74.25	3.16E-01	3.17E-01	3.19E-01	3.23E-01	3.25E-01	3.25E-01
74.5	3.14E-01	3.16E-01	3.17E-01	3.22E-01	3.25E-01	3.25E-01
74.75	3.13E-01	3.15E-01	3.16E-01	3.21E-01	3.25E-01	3.25E-01
75	3.12E-01	3.13E-01	3.15E-01	3.20E-01	3.24E-01	3.25E-01
75.25	3.11E-01	3.13E-01	3.14E-01	3.19E-01	3.24E-01	3.25E-01
75.5	3.11E-01	3.12E-01	3.14E-01	3.19E-01	3.23E-01	3.25E-01
75.75	3.10E-01	3.11E-01	3.13E-01	3.18E-01	3.23E-01	3.25E-01
76	3.09E-01	3.10E-01	3.12E-01	3.17E-01	3.22E-01	3.25E-01
76.25	3.08E-01	3.09E-01	3.11E-01	3.17E-01	3.22E-01	3.25E-01
76.5	3.06E-01	3.08E-01	3.10E-01	3.16E-01	3.21E-01	3.25E-01
76.75	3.05E-01	3.07E-01	3.09E-01	3.15E-01	3.21E-01	3.24E-01
77	3.04E-01	3.06E-01	3.08E-01	3.15E-01	3.20E-01	3.24E-01
77.25	3.04E-01	3.06E-01	3.08E-01	3.14E-01	3.20E-01	3.24E-01
77.5	3.04E-01	3.06E-01	3.08E-01	3.13E-01	3.19E-01	3.24E-01
77.75	3.04E-01	3.05E-01	3.07E-01	3.13E-01	3.19E-01	3.23E-01
78	3.03E-01	3.05E-01	3.07E-01	3.12E-01	3.18E-01	3.23E-01
78.25	3.07E-01	3.07E-01	3.08E-01	3.12E-01	3.18E-01	3.23E-01
78.5	3.10E-01	3.09E-01	3.09E-01	3.12E-01	3.18E-01	3.22E-01
78.75	3.11E-01	3.11E-01	3.11E-01	3.12E-01	3.17E-01	3.22E-01
79	3.12E-01	3.12E-01	3.12E-01	3.13E-01	3.17E-01	3.21E-01
79.25	3.11E-01	3.11E-01	3.12E-01	3.13E-01	3.17E-01	3.21E-01
79.5	3.11E-01	3.11E-01	3.12E-01	3.13E-01	3.17E-01	3.21E-01
79.75	3.10E-01	3.11E-01	3.11E-01	3.13E-01	3.17E-01	3.20E-01
80	3.10E-01	3.11E-01	3.11E-01	3.13E-01	3.16E-01	3.20E-01
80.25	3.21E-01	3.19E-01	3.16E-01	3.14E-01	3.16E-01	3.20E-01
80.5	3.27E-01	3.25E-01	3.21E-01	3.15E-01	3.16E-01	3.19E-01
80.75	3.31E-01	3.29E-01	3.26E-01	3.18E-01	3.16E-01	3.19E-01
81	3.34E-01	3.32E-01	3.29E-01	3.20E-01	3.17E-01	3.19E-01
81.25	3.27E-01	3.27E-01	3.27E-01	3.22E-01	3.17E-01	3.19E-01
81.5	3.24E-01	3.25E-01	3.25E-01	3.22E-01	3.18E-01	3.19E-01
81.75	3.22E-01	3.23E-01	3.23E-01	3.22E-01	3.19E-01	3.18E-01
82	3.21E-01	3.21E-01	3.22E-01	3.22E-01	3.19E-01	3.18E-01
82.25	3.18E-01	3.19E-01	3.20E-01	3.21E-01	3.19E-01	3.18E-01
82.5	3.16E-01	3.17E-01	3.18E-01	3.20E-01	3.20E-01	3.18E-01
82.75	3.15E-01	3.16E-01	3.17E-01	3.19E-01	3.20E-01	3.18E-01
83	3.13E-01	3.14E-01	3.16E-01	3.19E-01	3.19E-01	3.18E-01
83.25	3.13E-01	3.14E-01	3.15E-01	3.18E-01	3.19E-01	3.19E-01
83.5	3.13E-01	3.14E-01	3.15E-01	3.17E-01	3.19E-01	3.19E-01
83.75	3.13E-01	3.13E-01	3.14E-01	3.17E-01	3.19E-01	3.19E-01
84	3.12E-01	3.13E-01	3.14E-01	3.16E-01	3.18E-01	3.19E-01
84.25	3.10E-01	3.11E-01	3.13E-01	3.16E-01	3.18E-01	3.19E-01
84.5	3.09E-01	3.10E-01	3.12E-01	3.15E-01	3.18E-01	3.19E-01
84.75	3.07E-01	3.09E-01	3.11E-01	3.15E-01	3.18E-01	3.19E-01
85	3.06E-01	3.08E-01	3.10E-01	3.14E-01	3.17E-01	3.19E-01
85.25	3.06E-01	3.07E-01	3.09E-01	3.13E-01	3.17E-01	3.19E-01
85.5	3.05E-01	3.06E-01	3.08E-01	3.13E-01	3.17E-01	3.19E-01
85.75	3.04E-01	3.06E-01	3.07E-01	3.12E-01	3.16E-01	3.18E-01
86	3.04E-01	3.05E-01	3.07E-01	3.12E-01	3.16E-01	3.18E-01
86.25	3.03E-01	3.04E-01	3.06E-01	3.11E-01	3.16E-01	3.18E-01
86.5	3.02E-01	3.03E-01	3.05E-01	3.10E-01	3.15E-01	3.18E-01
86.75	3.01E-01	3.03E-01	3.04E-01	3.10E-01	3.15E-01	3.18E-01
87	3.00E-01	3.02E-01	3.04E-01	3.09E-01	3.15E-01	3.18E-01
87.25	2.99E-01	3.01E-01	3.03E-01	3.09E-01	3.14E-01	3.17E-01
87.5	2.98E-01	3.00E-01	3.02E-01	3.08E-01	3.14E-01	3.17E-01
87.75	2.98E-01	2.99E-01	3.01E-01	3.07E-01	3.13E-01	3.17E-01
88	2.97E-01	2.99E-01	3.01E-01	3.07E-01	3.13E-01	3.17E-01
88.25	2.96E-01	2.98E-01	3.00E-01	3.06E-01	3.13E-01	3.17E-01
88.5	2.95E-01	2.97E-01	2.99E-01	3.06E-01	3.12E-01	3.16E-01
88.75	2.95E-01	2.97E-01	2.99E-01	3.05E-01	3.12E-01	3.16E-01
89	2.94E-01	2.96E-01	2.98E-01	3.04E-01	3.11E-01	3.16E-01
89.25	2.92E-01	2.95E-01	2.97E-01	3.04E-01	3.11E-01	3.16E-01
89.5	2.90E-01	2.93E-01	2.96E-01	3.03E-01	3.11E-01	3.15E-01
89.75	2.89E-01	2.92E-01	2.95E-01	3.03E-01	3.10E-01	3.15E-01
90	2.88E-01	2.91E-01	2.94E-01	3.02E-01	3.10E-01	3.15E-01
90.25	2.87E-01	2.90E-01	2.93E-01	3.01E-01	3.09E-01	3.14E-01
90.5	2.86E-01	2.88E-01	2.92E-01	3.01E-01	3.09E-01	3.14E-01
90.75	2.85E-01	2.87E-01	2.91E-01	3.00E-01	3.08E-01	3.14E-01
91	2.84E-01	2.86E-01	2.90E-01	2.99E-01	3.08E-01	3.13E-01
91.25	2.83E-01	2.85E-01	2.89E-01	2.99E-01	3.07E-01	3.13E-01
91.5	2.81E-01	2.84E-01	2.88E-01	2.98E-01	3.07E-01	3.13E-01
91.75	2.80E-01	2.83E-01	2.87E-01	2.97E-01	3.06E-01	3.12E-01
92	2.79E-01	2.82E-01	2.86E-01	2.97E-01	3.06E-01	3.12E-01
92.25	2.80E-01	2.82E-01	2.85E-01	2.96E-01	3.05E-01	3.12E-01
92.5	2.80E-01	2.82E-01	2.85E-01	2.95E-01	3.05E-01	3.11E-01
92.75	2.80E-01	2.82E-01	2.85E-01	2.95E-01	3.04E-01	3.11E-01
93	2.79E-01	2.82E-01	2.85E-01	2.94E-01	3.04E-01	3.11E-01
93.25	2.83E-01	2.84E-01	2.85E-01	2.94E-01	3.03E-01	3.10E-01
93.5	2.86E-01	2.86E-01	2.87E-01	2.94E-01	3.03E-01	3.10E-01
93.75	2.87E-01	2.87E-01	2.88E-01	2.94E-01	3.02E-01	3.10E-01
94	2.88E-01	2.88E-01	2.89E-01	2.94E-01	3.02E-01	3.09E-01
94.25	2.87E-01	2.88E-01	2.89E-01	2.94E-01	3.02E-01	3.09E-01
94.5	2.86E-01	2.87E-01	2.89E-01	2.94E-01	3.01E-01	3.08E-01
94.75	2.86E-01	2.87E-01	2.89E-01	2.94E-01	3.01E-01	3.08E-01
95	2.86E-01	2.87E-01	2.89E-01	2.94E-01	3.01E-01	3.08E-01
95.25	3.19E-01	3.10E-01	3.01E-01	2.94E-01	3.01E-01	3.07E-01
95.5	3.33E-01	3.26E-01	3.17E-01	2.97E-01	3.01E-01	3.07E-01
95.75	3.43E-01	3.37E-01	3.29E-01	3.04E-01	3.00E-01	3.07E-01
96	3.50E-01	3.45E-01	3.38E-01	3.13E-01	3.01E-01	3.06E-01
96.25	3.32E-01	3.32E-01	3.31E-01	3.18E-01	3.02E-01	3.06E-01
96.5	3.25E-01	3.26E-01	3.26E-01	3.19E-01	3.04E-01	3.06E-01
96.75	3.21E-01	3.22E-01	3.22E-01	3.18E-01	3.06E-01	3.05E-01
97	3.18E-01	3.19E-01	3.19E-01	3.17E-01	3.08E-01	3.05E-01
97.25	3.27E-01	3.24E-01	3.22E-01	3.17E-01	3.09E-01	3.05E-01
97.5	3.30E-01	3.28E-01	3.25E-01	3.18E-01	3.10E-01	3.05E-01
97.75	3.33E-01	3.31E-01	3.28E-01	3.19E-01	3.10E-01	3.05E-01
98	3.34E-01	3.32E-01	3.30E-01	3.21E-01	3.11E-01	3.05E-01
98.25	3.29E-01	3.29E-01	3.28E-01	3.22E-01	3.12E-01	3.05E-01
98.5	3.26E-01	3.26E-01	3.26E-01	3.22E-01	3.13E-01	3.05E-01
98.75	3.25E-01	3.25E-01	3.25E-01	3.22E-01	3.14E-01	3.06E-01
99	3.24E-01	3.24E-01	3.24E-01	3.21E-01	3.14E-01	3.06E-01
99.25	3.20E-01	3.20E-01	3.21E-01	3.21E-01	3.15E-01	3.06E-01
99.5	3.17E-01	3.18E-01	3.19E-01	3.20E-01	3.15E-01	3.07E-01
99.75	3.15E-01	3.16E-01	3.17E-01	3.19E-01	3.15E-01	3.07E-01
100	3.13E-01	3.14E-01	3.16E-01	3.17E-01	3.15E-01	3.08E-01
100.25	3.12E-01	3.13E-01	3.14E-01	3.17E-01	3.15E-01	3.08E-01
100.5	3.11E-01	3.12E-01	3.13E-01	3.16E-01	3.15E-01	3.09E-01
100.75	3.10E-01	3.11E-01	3.12E-01	3.15E-01	3.14E-01	3.09E-01
101	3.09E-01	3.10E-01	3.11E-01	3.14E-01	3.14E-01	3.10E-01
101.25	3.07E-01	3.08E-01	3.10E-01	3.13E-01	3.14E-01	3.10E-01
101.5	3.06E-01	3.07E-01	3.09E-01	3.12E-01	3.14E-01	3.11E-01
101.75	3.04E-01	3.06E-01	3.08E-01	3.12E-01	3.13E-01	3.11E-01
102	3.03E-01	3.05E-01	3.07E-01	3.11E-01	3.13E-01	3.11E-01
102.25	3.01E-01	3.03E-01	3.05E-01	3.10E-01	3.13E-01	3.11E-01
102.5	3.00E-01	3.02E-01	3.04E-01	3.09E-01	3.12E-01	3.12E-01
102.75	2.98E-01	3.00E-01	3.02E-01	3.08E-01	3.12E-01	3.12E-01
103	2.97E-01	2.99E-01	3.01E-01	3.08E-01	3.12E-01	3.12E-01
103.25	2.97E-01	2.99E-01	3.01E-01	3.07E-01	3.11E-01	3.12E-01
103.5	2.97E-01	2.99E-01	3.00E-01	3.06E-01	3.11E-01	3.12E-01
103.75	2.97E-01	2.98E-01	3.00E-01	3.05E-01	3.10E-01	3.12E-01
104	2.96E-01	2.98E-01	3.00E-01	3.05E-01	3.10E-01	3.12E-01
104.25	2.95E-01	2.97E-01	2.99E-01	3.04E-01	3.10E-01	3.12E-01
104.5	2.93E-01	2.95E-01	2.98E-01	3.03E-01	3.09E-01	3.12E-01
104.75	2.92E-01	2.94E-01	2.97E-01	3.03E-01	3.09E-01	3.12E-01
105	2.91E-01	2.93E-01	2.96E-01	3.02E-01	3.08E-01	3.11E-01
105.25	2.89E-01	2.92E-01	2.95E-01	3.02E-01	3.08E-01	3.11E-01
105.5	2.87E-01	2.90E-01	2.93E-01	3.01E-01	3.08E-01	3.11E-01
105.75	2.86E-01	2.89E-01	2.92E-01	3.00E-01	3.07E-01	3.11E-01
106	2.85E-01	2.87E-01	2.91E-01	3.00E-01	3.07E-01	3.11E-01
106.25	2.83E-01	2.86E-01	2.90E-01	2.99E-01	3.06E-01	3.11E-01
106.5	2.82E-01	2.85E-01	2.88E-01	2.98E-01	3.06E-01	3.10E-01
106.75	2.80E-01	2.83E-01	2.87E-01	2.97E-01	3.05E-01	3.10E-01
107	2.79E-01	2.82E-01	2.86E-01	2.96E-01	3.05E-01	3.10E-01
107.25	2.78E-01	2.81E-01	2.85E-01	2.96E-01	3.04E-01	3.10E-01
107.5	2.77E-01	2.81E-01	2.84E-01	2.95E-01	3.04E-01	3.09E-01
107.75	2.77E-01	2.80E-01	2.84E-01	2.94E-01	3.03E-01	3.09E-01
108	2.76E-01	2.79E-01	2.83E-01	2.94E-01	3.03E-01	3.09E-01
108.25	2.76E-01	2.79E-01	2.82E-01	2.93E-01	3.02E-01	3.09E-01
108.5	2.76E-01	2.79E-01	2.82E-01	2.92E-01	3.02E-01	3.08E-01
108.75	2.76E-01	2.79E-01	2.82E-01	2.92E-01	3.01E-01	3.08E-01
109	2.76E-01	2.78E-01	2.82E-01	2.91E-01	3.01E-01	3.08E-01
109.25	2.75E-01	2.78E-01	2.81E-01	2.91E-01	3.01E-01	3.07E-01
109.5	2.75E-01	2.78E-01	2.81E-01	2.90E-01	3.00E-01	3.07E-01
109.75	2.74E-01	2.77E-01	2.80E-01	2.90E-01	3.00E-01	3.07E-01
110	2.74E-01	2.77E-01	2.80E-01	2.89E-01	2.99E-01	3.06E-01
110.25	2.73E-01	2.76E-01	2.79E-01	2.89E-01	2.99E-01	3.06E-01
110.5	2.72E-01	2.75E-01	2.79E-01	2.88E-01	2.99E-01	3.05E-01
110.75	2.71E-01	2.74E-01	2.78E-01	2.88E-01	2.98E-01	3.05E-01
111	2.70E-01	2.74E-01	2.77E-01	2.87E-01	2.98E-01	3.05E-01
111.25	2.70E-01	2.73E-01	2.77E-01	2.87E-01	2.97E-01	3.04E-01
111.5	2.70E-01	2.73E-01	2.77E-01	2.86E-01	2.97E-01	3.04E-01
111.75	2.69E-01	2.72E-01	2.76E-01	2.86E-01	2.97E-01	3.04E-01
112	2.69E-01	2.72E-01	2.76E-01	2.86E-01	2.96E-01	3.03E-01
112.25	2.79E-01	2.77E-01	2.77E-01	2.85E-01	2.96E-01	3.03E-01
112.5	2.84E-01	2.82E-01	2.81E-01	2.85E-01	2.96E-01	3.03E-01
112.75	2.88E-01	2.86E-01	2.84E-01	2.85E-01	2.95E-01	3.02E-01
113	2.92E-01	2.89E-01	2.87E-01	2.86E-01	2.95E-01	3.02E-01
113.25	2.84E-01	2.86E-01	2.87E-01	2.87E-01	2.95E-01	3.01E-01
113.5	2.80E-01	2.83E-01	2.85E-01	2.88E-01	2.94E-01	3.01E-01
113.75	2.77E-01	2.80E-01	2.83E-01	2.88E-01	2.94E-01	3.01E-01
114	2.75E-01	2.78E-01	2.81E-01	2.87E-01	2.94E-01	3.01E-01
114.25	2.74E-01	2.77E-01	2.80E-01	2.87E-01	2.94E-01	3.00E-01
114.5	2.73E-01	2.76E-01	2.79E-01	2.86E-01	2.94E-01	3.00E-01
114.75	2.73E-01	2.75E-01	2.78E-01	2.86E-01	2.94E-01	3.00E-01
115	2.72E-01	2.75E-01	2.78E-01	2.85E-01	2.93E-01	2.99E-01
115.25	2.69E-01	2.73E-01	2.77E-01	2.85E-01	2.93E-01	2.99E-01
115.5	2.67E-01	2.71E-01	2.75E-01	2.85E-01	2.93E-01	2.99E-01
115.75	2.66E-01	2.69E-01	2.74E-01	2.84E-01	2.93E-01	2.98E-01
116	2.64E-01	2.68E-01	2.73E-01	2.83E-01	2.92E-01	2.98E-01
116.25	2.62E-01	2.67E-01	2.71E-01	2.83E-01	2.92E-01	2.98E-01
116.5	2.60E-01	2.65E-01	2.70E-01	2.82E-01	2.92E-01	2.98E-01
116.75	2.59E-01	2.64E-01	2.69E-01	2.82E-01	2.91E-01	2.97E-01
117	2.57E-01	2.63E-01	2.68E-01	2.81E-01	2.91E-01	2.97E-01
117.25	2.55E-01	2.61E-01	2.67E-01	2.80E-01	2.91E-01	2.97E-01
117.5	2.54E-01	2.60E-01	2.66E-01	2.80E-01	2.90E-01	2.97E-01
117.75	2.53E-01	2.59E-01	2.65E-01	2.79E-01	2.90E-01	2.96E-01
118	2.51E-01	2.57E-01	2.64E-01	2.78E-01	2.89E-01	2.96E-01
118.25	2.51E-01	2.56E-01	2.63E-01	2.78E-01	2.89E-01	2.96E-01
118.5	2.51E-01	2.56E-01	2.62E-01	2.77E-01	2.88E-01	2.96E-01
118.75	2.51E-01	2.55E-01	2.62E-01	2.76E-01	2.88E-01	2.95E-01
119	2.50E-01	2.55E-01	2.61E-01	2.76E-01	2.87E-01	2.95E-01
119.25	2.50E-01	2.55E-01	2.61E-01	2.75E-01	2.87E-01	2.95E-01
119.5	2.50E-01	2.54E-01	2.60E-01	2.75E-01	2.87E-01	2.95E-01
119.75	2.49E-01	2.54E-01	2.60E-01	2.74E-01	2.86E-01	2.94E-01
120	2.49E-01	2.53E-01	2.59E-01	2.73E-01	2.86E-01	2.94E-01
120.25	2.49E-01	2.53E-01	2.59E-01	2.73E-01	2.86E-01	2.94E-01
120.5	2.50E-01	2.53E-01	2.59E-01	2.72E-01	2.85E-01	2.93E-01
120.75	2.50E-01	2.53E-01	2.58E-01	2.72E-01	2.85E-01	2.93E-01
121	2.50E-01	2.53E-01	2.58E-01	2.71E-01	2.85E-01	2.93E-01
121.25	2.49E-01	2.53E-01	2.58E-01	2.71E-01	2.84E-01	2.93E-01
121.5	2.48E-01	2.52E-01	2.57E-01	2.71E-01	2.84E-01	2.92E-01
121.75	2.47E-01	2.52E-01	2.57E-01	2.70E-01	2.84E-01	2.92E-01
122	2.46E-01	2.51E-01	2.56E-01	2.70E-01	2.83E-01	2.92E-01
122.25	2.45E-01	2.50E-01	2.55E-01	2.70E-01	2.83E-01	2.91E-01
122.5	2.44E-01	2.49E-01	2.55E-01	2.69E-01	2.83E-01	2.91E-01
122.75	2.43E-01	2.49E-01	2.54E-01	2.69E-01	2.82E-01	2.91E-01
123	2.42E-01	2.48E-01	2.54E-01	2.69E-01	2.82E-01	2.90E-01
123.25	2.41E-01	2.47E-01	2.53E-01	2.68E-01	2.82E-01	2.90E-01
123.5	2.40E-01	2.46E-01	2.52E-01	2.68E-01	2.81E-01	2.90E-01
123.75	2.39E-01	2.45E-01	2.52E-01	2.67E-01	2.81E-01	2.90E-01
124	2.38E-01	2.44E-01	2.51E-01	2.67E-01	2.81E-01	2.89E-01
124.25	2.38E-01	2.44E-01	2.51E-01	2.67E-01	2.80E-01	2.89E-01
124.5	2.38E-01	2.44E-01	2.50E-01	2.66E-01	2.80E-01	2.89E-01
124.75	2.38E-01	2.43E-01	2.50E-01	2.66E-01	2.80E-01	2.88E-01
125	2.37E-01	2.43E-01	2.49E-01	2.65E-01	2.79E-01	2.88E-01
125.25	2.37E-01	2.43E-01	2.49E-01	2.65E-01	2.79E-01	2.88E-01
125.5	2.36E-01	2.42E-01	2.49E-01	2.65E-01	2.79E-01	2.87E-01
125.75	2.35E-01	2.41E-01	2.48E-01	2.64E-01	2.78E-01	2.87E-01
126	2.34E-01	2.40E-01	2.48E-01	2.64E-01	2.78E-01	2.87E-01
126.25	2.34E-01	2.40E-01	2.47E-01	2.64E-01	2.78E-01	2.86E-01
126.5	2.33E-01	2.39E-01	2.47E-01	2.63E-01	2.77E-01	2.86E-01
126.75	2.32E-01	2.39E-01	2.46E-01	2.63E-01	2.77E-01	2.86E-01
127	2.32E-01	2.38E-01	2.46E-01	2.62E-01	2.77E-01	2.85E-01
127.25	2.90E-01	2.69E-01	2.52E-01	2.62E-01	2.76E-01	2.85E-01
127.5	3.17E-01	3.03E-01	2.83E-01	2.62E-01	2.76E-01	2.85E-01
127.75	3.33E-01	3.22E-01	3.06E-01	2.65E-01	2.76E-01	2.85E-01
128	3.44E-01	3.35E-01	3.23E-01	2.75E-01	2.76E-01	2.84E-01
128.25	3.19E-01	3.19E-01	3.16E-01	2.87E-01	2.75E-01	2.84E-01
128.5	3.10E-01	3.11E-01	3.09E-01	2.92E-01	2.76E-01	2.84E-01
128.75	3.05E-01	3.05E-01	3.04E-01	2.93E-01	2.76E-01	2.84E-01
129	3.01E-01	3.01E-01	3.01E-01	2.93E-01	2.78E-01	2.83E-01
129.25	2.96E-01	2.97E-01	2.98E-01	2.93E-01	2.79E-01	2.83E-01
129.5	2.93E-01	2.94E-01	2.95E-01	2.92E-01	2.80E-01	2.83E-01
129.75	2.90E-01	2.92E-01	2.93E-01	2.91E-01	2.81E-01	2.83E-01
130	2.88E-01	2.90E-01	2.91E-01	2.91E-01	2.82E-01	2.82E-01
130.25	2.85E-01	2.87E-01	2.89E-01	2.90E-01	2.83E-01	2.82E-01
130.5	2.82E-01	2.84E-01	2.87E-01	2.89E-01	2.83E-01	2.82E-01
130.75	2.80E-01	2.82E-01	2.85E-01	2.88E-01	2.84E-01	2.82E-01
131	2.78E-01	2.80E-01	2.83E-01	2.87E-01	2.84E-01	2.82E-01
131.25	2.78E-01	2.80E-01	2.82E-01	2.86E-01	2.84E-01	2.82E-01
131.5	2.77E-01	2.79E-01	2.81E-01	2.85E-01	2.84E-01	2.82E-01
131.75	2.77E-01	2.78E-01	2.80E-01	2.84E-01	2.84E-01	2.82E-01
132	2.76E-01	2.78E-01	2.80E-01	2.84E-01	2.84E-01	2.82E-01
132.25	2.73E-01	2.76E-01	2.79E-01	2.83E-01	2.84E-01	2.82E-01
132.5	2.70E-01	2.74E-01	2.77E-01	2.83E-01	2.84E-01	2.82E-01
132.75	2.68E-01	2.71E-01	2.75E-01	2.82E-01	2.84E-01	2.82E-01
133	2.66E-01	2.70E-01	2.74E-01	2.81E-01	2.84E-01	2.82E-01
133.25	2.67E-01	2.69E-01	2.73E-01	2.80E-01	2.83E-01	2.82E-01
133.5	2.67E-01	2.69E-01	2.72E-01	2.80E-01	2.83E-01	2.82E-01
133.75	2.66E-01	2.68E-01	2.71E-01	2.79E-01	2.83E-01	2.82E-01
134	2.66E-01	2.68E-01	2.71E-01	2.79E-01	2.83E-01	2.82E-01
134.25	2.64E-01	2.67E-01	2.70E-01	2.78E-01	2.82E-01	2.82E-01
134.5	2.62E-01	2.66E-01	2.69E-01	2.77E-01	2.82E-01	2.82E-01
134.75	2.61E-01	2.65E-01	2.68E-01	2.77E-01	2.82E-01	2.82E-01
135	2.60E-01	2.63E-01	2.67E-01	2.76E-01	2.82E-01	2.82E-01
135.25	2.57E-01	2.62E-01	2.66E-01	2.76E-01	2.81E-01	2.83E-01
135.5	2.55E-01	2.60E-01	2.65E-01	2.75E-01	2.81E-01	2.83E-01
135.75	2.53E-01	2.58E-01	2.64E-01	2.74E-01	2.81E-01	2.83E-01
136	2.51E-01	2.56E-01	2.62E-01	2.74E-01	2.81E-01	2.82E-01
136.25	2.49E-01	2.55E-01	2.61E-01	2.73E-01	2.80E-01	2.82E-01
136.5	2.48E-01	2.53E-01	2.60E-01	2.72E-01	2.80E-01	2.82E-01
136.75	2.46E-01	2.52E-01	2.58E-01	2.71E-01	2.80E-01	2.82E-01
137	2.45E-01	2.51E-01	2.57E-01	2.71E-01	2.79E-01	2.82E-01
137.25	2.42E-01	2.49E-01	2.56E-01	2.70E-01	2.79E-01	2.82E-01
137.5	2.39E-01	2.48E-01	2.54E-01	2.69E-01	2.79E-01	2.82E-01
137.75	2.37E-01	2.46E-01	2.53E-01	2.69E-01	2.79E-01	2.82E-01
138	2.35E-01	2.44E-01	2.52E-01	2.68E-01	2.78E-01	2.82E-01
138.25	2.33E-01	2.42E-01	2.51E-01	2.67E-01	2.78E-01	2.82E-01
138.5	2.32E-01	2.40E-01	2.50E-01	2.67E-01	2.78E-01	2.82E-01
138.75	2.30E-01	2.39E-01	2.48E-01	2.66E-01	2.77E-01	2.82E-01
139	2.28E-01	2.38E-01	2.47E-01	2.65E-01	2.77E-01	2.82E-01
139.25	2.26E-01	2.37E-01	2.46E-01	2.65E-01	2.77E-01	2.82E-01
139.5	2.23E-01	2.35E-01	2.45E-01	2.64E-01	2.76E-01	2.81E-01
139.75	2.21E-01	2.33E-01	2.44E-01	2.63E-01	2.76E-01	2.81E-01
140	2.19E-01	2.32E-01	2.42E-01	2.63E-01	2.75E-01	2.81E-01
140.25	2.18E-01	2.30E-01	2.41E-01	2.62E-01	2.75E-01	2.81E-01
140.5	2.17E-01	2.29E-01	2.40E-01	2.61E-01	2.75E-01	2.81E-01
140.75	2.16E-01	2.28E-01	2.39E-01	2.61E-01	2.74E-01	2.81E-01
141	2.15E-01	2.27E-01	2.38E-01	2.60E-01	2.74E-01	2.81E-01
141.25	2.15E-01	2.27E-01	2.38E-01	2.59E-01	2.74E-01	2.80E-01
141.5	2.14E-01	2.26E-01	2.37E-01	2.59E-01	2.73E-01	2.80E-01
141.75	2.14E-01	2.26E-01	2.37E-01	2.58E-01	2.73E-01	2.80E-01
142	2.13E-01	2.25E-01	2.36E-01	2.58E-01	2.72E-01	2.80E-01
142.25	2.16E-01	2.25E-01	2.36E-01	2.57E-01	2.72E-01	2.80E-01
142.5	2.20E-01	2.26E-01	2.35E-01	2.56E-01	2.72E-01	2.80E-01
142.75	2.23E-01	2.28E-01	2.36E-01	2.56E-01	2.71E-01	2.79E-01
143	2.26E-01	2.30E-01	2.36E-01	2.55E-01	2.71E-01	2.79E-01
143.25	2.22E-01	2.30E-01	2.37E-01	2.55E-01	2.70E-01	2.79E-01
143.5	2.19E-01	2.28E-01	2.36E-01	2.55E-01	2.70E-01	2.79E-01
143.75	2.15E-01	2.26E-01	2.36E-01	2.54E-01	2.70E-01	2.79E-01
144	2.12E-01	2.25E-01	2.35E-01	2.54E-01	2.70E-01	2.78E-01
144.25	2.10E-01	2.23E-01	2.34E-01	2.54E-01	2.69E-01	2.78E-01
144.5	2.08E-01	2.22E-01	2.33E-01	2.53E-01	2.69E-01	2.78E-01
144.75	2.06E-01	2.21E-01	2.32E-01	2.53E-01	2.69E-01	2.78E-01
145	2.04E-01	2.20E-01	2.31E-01	2.53E-01	2.68E-01	2.78E-01
145.25	2.03E-01	2.18E-01	2.30E-01	2.52E-01	2.68E-01	2.77E-01
145.5	2.02E-01	2.17E-01	2.30E-01	2.52E-01	2.68E-01	2.77E-01
145.75	2.01E-01	2.17E-01	2.29E-01	2.52E-01	2.68E-01	2.77E-01
146	2.01E-01	2.16E-01	2.28E-01	2.51E-01	2.67E-01	2.77E-01
146.25	1.99E-01	2.15E-01	2.27E-01	2.51E-01	2.67E-01	2.77E-01
146.5	1.98E-01	2.14E-01	2.27E-01	2.51E-01	2.67E-01	2.76E-01
146.75	1.96E-01	2.13E-01	2.26E-01	2.50E-01	2.67E-01	2.76E-01
147	1.94E-01	2.12E-01	2.26E-01	2.50E-01	2.66E-01	2.76E-01
147.25	1.94E-01	2.11E-01	2.25E-01	2.49E-01	2.66E-01	2.76E-01
147.5	1.98E-01	2.11E-01	2.24E-01	2.49E-01	2.66E-01	2.75E-01
147.75	2.02E-01	2.12E-01	2.24E-01	2.49E-01	2.65E-01	2.75E-01
148	2.07E-01	2.14E-01	2.24E-01	2.48E-01	2.65E-01	2.75E-01
148.25	2.06E-01	2.15E-01	2.24E-01	2.48E-01	2.65E-01	2.75E-01
148.5	2.02E-01	2.14E-01	2.25E-01	2.48E-01	2.65E-01	2.74E-01
148.75	2.00E-01	2.13E-01	2.24E-01	2.47E-01	2.64E-01	2.74E-01
149	1.97E-01	2.12E-01	2.24E-01	2.47E-01	2.64E-01	2.74E-01
149.25	1.96E-01	2.11E-01	2.24E-01	2.47E-01	2.64E-01	2.74E-01
149.5	1.98E-01	2.11E-01	2.23E-01	2.46E-01	2.64E-01	2.74E-01
149.75	2.00E-01	2.11E-01	2.23E-01	2.46E-01	2.63E-01	2.73E-01
150	2.02E-01	2.12E-01	2.23E-01	2.46E-01	2.63E-01	2.73E-01
150.25	2.36E-01	2.19E-01	2.23E-01	2.45E-01	2.63E-01	2.73E-01
150.5	2.63E-01	2.43E-01	2.29E-01	2.45E-01	2.63E-01	2.73E-01
150.75	2.78E-01	2.63E-01	2.44E-01	2.45E-01	2.62E-01	2.72E-01
151	2.89E-01	2.77E-01	2.59E-01	2.45E-01	2.62E-01	2.72E-01
151.25	2.73E-01	2.70E-01	2.64E-01	2.46E-01	2.62E-01	2.72E-01
151.5	2.65E-01	2.65E-01	2.62E-01	2.48E-01	2.62E-01	2.72E-01
151.75	2.60E-01	2.61E-01	2.60E-01	2.51E-01	2.61E-01	2.71E-01
152	2.56E-01	2.57E-01	2.58E-01	2.52E-01	2.61E-01	2.71E-01
152.25	2.51E-01	2.54E-01	2.56E-01	2.53E-01	2.61E-01	2.71E-01
152.5	2.46E-01	2.51E-01	2.53E-01	2.54E-01	2.61E-01	2.71E-01
152.75	2.42E-01	2.48E-01	2.51E-01	2.54E-01	2.61E-01	2.70E-01
153	2.39E-01	2.45E-01	2.49E-01	2.54E-01	2.61E-01	2.70E-01
153.25	2.49E-01	2.47E-01	2.49E-01	2.54E-01	2.61E-01	2.70E-01
153.5	2.57E-01	2.53E-01	2.51E-01	2.54E-01	2.61E-01	2.70E-01
153.75	2.63E-01	2.58E-01	2.54E-01	2.54E-01	2.61E-01	2.69E-01
154	2.67E-01	2.62E-01	2.57E-01	2.54E-01	2.61E-01	2.69E-01
154.25	2.72E-01	2.67E-01	2.61E-01	2.54E-01	2.61E-01	2.69E-01
154.5	2.76E-01	2.70E-01	2.65E-01	2.55E-01	2.61E-01	2.69E-01
154.75	2.80E-01	2.74E-01	2.68E-01	2.56E-01	2.61E-01	2.69E-01
155	2.82E-01	2.78E-01	2.71E-01	2.57E-01	2.61E-01	2.68E-01
155.25	2.77E-01	2.75E-01	2.72E-01	2.59E-01	2.61E-01	2.68E-01
155.5	2.74E-01	2.73E-01	2.71E-01	2.61E-01	2.61E-01	2.68E-01
155.75	2.71E-01	2.71E-01	2.70E-01	2.62E-01	2.61E-01	2.68E-01
156	2.70E-01	2.70E-01	2.69E-01	2.63E-01	2.61E-01	2.68E-01
156.25	2.65E-01	2.67E-01	2.67E-01	2.63E-01	2.61E-01	2.67E-01
156.5	2.62E-01	2.64E-01	2.65E-01	2.63E-01	2.61E-01	2.67E-01
156.75	2.59E-01	2.61E-01	2.64E-01	2.63E-01	2.62E-01	2.67E-01
157	2.56E-01	2.59E-01	2.62E-01	2.63E-01	2.62E-01	2.67E-01
157.25	2.57E-01	2.59E-01	2.61E-01	2.63E-01	2.62E-01	2.67E-01
157.5	2.58E-01	2.59E-01	2.60E-01	2.63E-01	2.62E-01	2.67E-01
157.75	2.59E-01	2.59E-01	2.60E-01	2.62E-01	2.62E-01	2.67E-01
158	2.59E-01	2.59E-01	2.60E-01	2.62E-01	2.63E-01	2.66E-01
158.25	2.52E-01	2.56E-01	2.59E-01	2.62E-01	2.63E-01	2.66E-01
158.5	2.46E-01	2.52E-01	2.57E-01	2.62E-01	2.63E-01	2.66E-01
158.75	2.41E-01	2.49E-01	2.54E-01	2.61E-01	2.63E-01	2.66E-01
159	2.37E-01	2.46E-01	2.52E-01	2.61E-01	2.63E-01	2.66E-01
159.25	2.32E-01	2.42E-01	2.50E-01	2.60E-01	2.63E-01	2.66E-01
159.5	2.27E-01	2.39E-01	2.48E-01	2.60E-01	2.63E-01	2.66E-01
159.75	2.22E-01	2.35E-01	2.45E-01	2.59E-01	2.63E-01	2.66E-01
160	2.18E-01	2.33E-01	2.43E-01	2.58E-01	2.63E-01	2.66E-01
160.25	2.14E-01	2.30E-01	2.41E-01	2.57E-01	2.63E-01	2.65E-01
160.5	2.12E-01	2.27E-01	2.39E-01	2.56E-01	2.63E-01	2.65E-01
160.75	2.08E-01	2.25E-01	2.37E-01	2.55E-01	2.63E-01	2.65E-01
161	2.05E-01	2.23E-01	2.36E-01	2.55E-01	2.63E-01	2.65E-01
161.25	2.13E-01	2.22E-01	2.34E-01	2.54E-01	2.62E-01	2.65E-01
161.5	2.30E-01	2.27E-01	2.34E-01	2.53E-01	2.62E-01	2.65E-01
161.75	2.42E-01	2.36E-01	2.36E-01	2.52E-01	2.62E-01	2.65E-01
162	2.51E-01	2.44E-01	2.40E-01	2.52E-01	2.62E-01	2.65E-01
162.25	2.57E-01	2.50E-01	2.45E-01	2.52E-01	2.62E-01	2.65E-01
162.5	2.62E-01	2.55E-01	2.50E-01	2.51E-01	2.61E-01	2.65E-01
162.75	2.67E-01	2.61E-01	2.54E-01	2.52E-01	2.61E-01	2.65E-01
163	2.70E-01	2.65E-01	2.58E-01	2.52E-01	2.61E-01	2.65E-01
163.25	2.61E-01	2.62E-01	2.59E-01	2.53E-01	2.61E-01	2.65E-01
163.5	2.56E-01	2.58E-01	2.58E-01	2.54E-01	2.61E-01	2.65E-01
163.75	2.52E-01	2.54E-01	2.56E-01	2.55E-01	2.60E-01	2.65E-01
164	2.48E-01	2.52E-01	2.54E-01	2.55E-01	2.60E-01	2.64E-01
164.25	2.45E-01	2.49E-01	2.53E-01	2.55E-01	2.60E-01	2.64E-01
164.5	2.43E-01	2.47E-01	2.51E-01	2.55E-01	2.60E-01	2.64E-01
164.75	2.40E-01	2.45E-01	2.50E-01	2.55E-01	2.60E-01	2.64E-01
165	2.38E-01	2.43E-01	2.48E-01	2.55E-01	2.60E-01	2.64E-01
165.25	2.35E-01	2.41E-01	2.47E-01	2.55E-01	2.60E-01	2.64E-01
165.5	2.31E-01	2.39E-01	2.45E-01	2.54E-01	2.60E-01	2.64E-01
165.75	2.28E-01	2.36E-01	2.43E-01	2.54E-01	2.60E-01	2.64E-01
166	2.25E-01	2.34E-01	2.42E-01	2.53E-01	2.60E-01	2.64E-01
166.25	2.22E-01	2.32E-01	2.40E-01	2.53E-01	2.60E-01	2.64E-01
166.5	2.19E-01	2.30E-01	2.39E-01	2.53E-01	2.60E-01	2.64E-01
166.75	2.16E-01	2.27E-01	2.37E-01	2.52E-01	2.59E-01	2.64E-01
167	2.13E-01	2.26E-01	2.36E-01	2.51E-01	2.59E-01	2.64E-01
167.25	2.10E-01	2.24E-01	2.34E-01	2.51E-01	2.59E-01	2.63E-01
167.5	2.08E-01	2.22E-01	2.33E-01	2.50E-01	2.59E-01	2.63E-01
167.75	2.05E-01	2.20E-01	2.32E-01	2.50E-01	2.59E-01	2.63E-01
168	2.03E-01	2.19E-01	2.31E-01	2.49E-01	2.59E-01	2.63E-01
168.25	2.01E-01	2.17E-01	2.29E-01	2.49E-01	2.59E-01	2.63E-01
168.5	1.99E-01	2.16E-01	2.28E-01	2.48E-01	2.58E-01	2.63E-01
168.75	1.96E-01	2.14E-01	2.27E-01	2.48E-01	2.58E-01	2.63E-01
169	1.94E-01	2.13E-01	2.26E-01	2.47E-01	2.58E-01	2.63E-01
169.25	1.94E-01	2.12E-01	2.25E-01	2.47E-01	2.58E-01	2.63E-01
169.5	1.96E-01	2.11E-01	2.24E-01	2.46E-01	2.58E-01	2.63E-01
169.75	2.00E-01	2.12E-01	2.24E-01	2.46E-01	2.57E-01	2.63E-01
170	2.03E-01	2.12E-01	2.23E-01	2.45E-01	2.57E-01	2.63E-01
170.25	2.02E-01	2.13E-01	2.23E-01	2.45E-01	2.57E-01	2.62E-01
170.5	2.00E-01	2.12E-01	2.23E-01	2.44E-01	2.57E-01	2.62E-01
170.75	1.98E-01	2.12E-01	2.23E-01	2.44E-01	2.56E-01	2.62E-01
171	1.95E-01	2.11E-01	2.22E-01	2.43E-01	2.56E-01	2.62E-01
171.25	2.00E-01	2.10E-01	2.22E-01	2.43E-01	2.56E-01	2.62E-01
171.5	2.14E-01	2.13E-01	2.21E-01	2.42E-01	2.56E-01	2.62E-01
171.75	2.26E-01	2.20E-01	2.22E-01	2.42E-01	2.55E-01	2.62E-01
172	2.36E-01	2.27E-01	2.25E-01	2.41E-01	2.55E-01	2.62E-01
172.25	2.32E-01	2.30E-01	2.28E-01	2.41E-01	2.55E-01	2.62E-01
172.5	2.30E-01	2.30E-01	2.30E-01	2.41E-01	2.55E-01	2.62E-01
172.75	2.28E-01	2.29E-01	2.31E-01	2.41E-01	2.54E-01	2.62E-01
173	2.26E-01	2.29E-01	2.31E-01	2.41E-01	2.54E-01	2.61E-01
173.25	2.23E-01	2.27E-01	2.31E-01	2.41E-01	2.54E-01	2.61E-01
173.5	2.20E-01	2.26E-01	2.31E-01	2.41E-01	2.54E-01	2.61E-01
173.75	2.17E-01	2.24E-01	2.30E-01	2.41E-01	2.54E-01	2.61E-01
174	2.14E-01	2.22E-01	2.29E-01	2.41E-01	2.54E-01	2.61E-01
174.25	2.28E-01	2.24E-01	2.28E-01	2.41E-01	2.53E-01	2.61E-01
174.5	2.42E-01	2.33E-01	2.30E-01	2.41E-01	2.53E-01	2.61E-01
174.75	2.52E-01	2.42E-01	2.35E-01	2.41E-01	2.53E-01	2.61E-01
175	2.60E-01	2.50E-01	2.40E-01	2.41E-01	2.53E-01	2.61E-01
175.25	2.49E-01	2.49E-01	2.44E-01	2.41E-01	2.53E-01	2.60E-01
175.5	2.43E-01	2.45E-01	2.44E-01	2.41E-01	2.53E-01	2.60E-01
175.75	2.38E-01	2.41E-01	2.43E-01	2.42E-01	2.52E-01	2.60E-01
176	2.34E-01	2.38E-01	2.41E-01	2.43E-01	2.52E-01	2.60E-01
176.25	2.31E-01	2.36E-01	2.39E-01	2.43E-01	2.52E-01	2.60E-01
176.5	2.28E-01	2.34E-01	2.38E-01	2.43E-01	2.52E-01	2.60E-01
176.75	2.25E-01	2.32E-01	2.37E-01	2.44E-01	2.52E-01	2.60E-01
177	2.23E-01	2.30E-01	2.36E-01	2.44E-01	2.52E-01	2.60E-01
177.25	2.26E-01	2.29E-01	2.35E-01	2.43E-01	2.52E-01	2.59E-01
177.5	2.29E-01	2.30E-01	2.34E-01	2.43E-01	2.52E-01	2.59E-01
177.75	2.31E-01	2.32E-01	2.34E-01	2.43E-01	2.52E-01	2.59E-01
178	2.33E-01	2.33E-01	2.35E-01	2.43E-01	2.52E-01	2.59E-01
178.25	2.28E-01	2.33E-01	2.35E-01	2.43E-01	2.52E-01	2.59E-01
178.5	2.24E-01	2.30E-01	2.35E-01	2.43E-01	2.52E-01	2.59E-01
178.75	2.21E-01	2.28E-01	2.34E-01	2.43E-01	2.51E-01	2.59E-01
179	2.17E-01	2.26E-01	2.32E-01	2.42E-01	2.51E-01	2.59E-01
179.25	2.21E-01	2.25E-01	2.31E-01	2.42E-01	2.51E-01	2.58E-01
179.5	2.26E-01	2.27E-01	2.31E-01	2.42E-01	2.51E-01	2.58E-01
179.75	2.29E-01	2.29E-01	2.31E-01	2.42E-01	2.51E-01	2.58E-01
180	2.33E-01	2.31E-01	2.32E-01	2.42E-01	2.51E-01	2.58E-01
180.25	2.30E-01	2.32E-01	2.33E-01	2.41E-01	2.51E-01	2.58E-01
180.5	2.27E-01	2.31E-01	2.33E-01	2.41E-01	2.51E-01	2.58E-01
180.75	2.24E-01	2.29E-01	2.33E-01	2.41E-01	2.51E-01	2.58E-01
181	2.23E-01	2.27E-01	2.32E-01	2.41E-01	2.51E-01	2.58E-01
181.25	2.18E-01	2.26E-01	2.32E-01	2.41E-01	2.51E-01	2.57E-01
181.5	2.13E-01	2.23E-01	2.30E-01	2.41E-01	2.51E-01	2.57E-01
181.75	2.09E-01	2.21E-01	2.29E-01	2.41E-01	2.50E-01	2.57E-01
182	2.05E-01	2.19E-01	2.27E-01	2.40E-01	2.50E-01	2.57E-01
182.25	2.02E-01	2.16E-01	2.26E-01	2.40E-01	2.50E-01	2.57E-01
182.5	2.01E-01	2.15E-01	2.25E-01	2.40E-01	2.50E-01	2.57E-01
182.75	2.00E-01	2.13E-01	2.24E-01	2.40E-01	2.50E-01	2.57E-01
183	1.98E-01	2.12E-01	2.23E-01	2.39E-01	2.50E-01	2.57E-01
183.25	2.01E-01	2.11E-01	2.22E-01	2.39E-01	2.50E-01	2.57E-01
183.5	2.10E-01	2.13E-01	2.21E-01	2.39E-01	2.50E-01	2.56E-01
183.75	2.18E-01	2.16E-01	2.22E-01	2.39E-01	2.50E-01	2.56E-01
184	2.25E-01	2.21E-01	2.23E-01	2.38E-01	2.50E-01	2.56E-01
184.25	2.24E-01	2.24E-01	2.25E-01	2.38E-01	2.49E-01	2.56E-01
184.5	2.22E-01	2.24E-01	2.25E-01	2.38E-01	2.49E-01	2.56E-01
184.75	2.21E-01	2.23E-01	2.26E-01	2.38E-01	2.49E-01	2.56E-01
185	2.20E-01	2.23E-01	2.26E-01	2.37E-01	2.49E-01	2.56E-01
185.25	2.43E-01	2.30E-01	2.27E-01	2.37E-01	2.49E-01	2.56E-01
185.5	2.60E-01	2.46E-01	2.33E-01	2.37E-01	2.49E-01	2.55E-01
185.75	2.71E-01	2.59E-01	2.43E-01	2.37E-01	2.49E-01	2.55E-01
186	2.80E-01	2.68E-01	2.53E-01	2.37E-01	2.49E-01	2.55E-01
186.25	2.69E-01	2.66E-01	2.58E-01	2.38E-01	2.48E-01	2.55E-01
186.5	2.64E-01	2.62E-01	2.57E-01	2.40E-01	2.48E-01	2.55E-01
186.75	2.61E-01	2.60E-01	2.56E-01	2.42E-01	2.48E-01	2.55E-01
187	2.59E-01	2.58E-01	2.55E-01	2.43E-01	2.48E-01	2.55E-01
187.25	2.51E-01	2.53E-01	2.54E-01	2.45E-01	2.48E-01	2.55E-01
187.5	2.44E-01	2.49E-01	2.51E-01	2.46E-01	2.48E-01	2.54E-01
187.75	2.38E-01	2.45E-01	2.48E-01	2.46E-01	2.48E-01	2.54E-01
188	2.34E-01	2.40E-01	2.46E-01	2.46E-01	2.48E-01	2.54E-01
188.25	2.87E-01	2.67E-01	2.50E-01	2.46E-01	2.48E-01	2.54E-01
188.5	3.13E-01	2.98E-01	2.77E-01	2.46E-01	2.48E-01	2.54E-01
188.75	3.27E-01	3.16E-01	2.99E-01	2.48E-01	2.48E-01	2.54E-01
189	3.37E-01	3.28E-01	3.14E-01	2.56E-01	2.48E-01	2.54E-01
189.25	3.44E-01	3.37E-01	3.26E-01	2.69E-01	2.48E-01	2.54E-01
189.5	3.50E-01	3.44E-01	3.34E-01	2.84E-01	2.48E-01	2.54E-01
189.75	3.55E-01	3.50E-01	3.41E-01	2.97E-01	2.49E-01	2.54E-01
190	3.59E-01	3.54E-01	3.47E-01	3.09E-01	2.50E-01	2.53E-01
190.25	3.45E-01	3.43E-01	3.40E-01	3.15E-01	2.52E-01	2.53E-01
190.5	3.40E-01	3.38E-01	3.35E-01	3.16E-01	2.56E-01	2.53E-01
190.75	3.37E-01	3.35E-01	3.33E-01	3.16E-01	2.62E-01	2.53E-01
191	3.35E-01	3.34E-01	3.31E-01	3.16E-01	2.67E-01	2.53E-01
191.25	3.30E-01	3.30E-01	3.28E-01	3.16E-01	2.72E-01	2.53E-01
191.5	3.28E-01	3.27E-01	3.26E-01	3.15E-01	2.76E-01	2.53E-01
191.75	3.26E-01	3.25E-01	3.24E-01	3.14E-01	2.79E-01	2.53E-01
192	3.25E-01	3.24E-01	3.22E-01	3.13E-01	2.81E-01	2.53E-01
192.25	3.17E-01	3.18E-01	3.18E-01	3.12E-01	2.83E-01	2.53E-01
192.5	3.12E-01	3.13E-01	3.14E-01	3.10E-01	2.85E-01	2.53E-01
192.75	3.08E-01	3.10E-01	3.11E-01	3.08E-01	2.86E-01	2.53E-01
193	3.05E-01	3.07E-01	3.08E-01	3.07E-01	2.87E-01	2.53E-01
193.25	3.11E-01	3.09E-01	3.08E-01	3.05E-01	2.87E-01	2.53E-01
193.5	3.13E-01	3.11E-01	3.10E-01	3.04E-01	2.87E-01	2.54E-01
193.75	3.14E-01	3.12E-01	3.11E-01	3.04E-01	2.87E-01	2.54E-01
194	3.15E-01	3.13E-01	3.11E-01	3.04E-01	2.88E-01	2.55E-01
194.25	3.08E-01	3.09E-01	3.09E-01	3.04E-01	2.88E-01	2.55E-01
194.5	3.03E-01	3.05E-01	3.06E-01	3.03E-01	2.88E-01	2.56E-01
194.75	3.01E-01	3.02E-01	3.03E-01	3.02E-01	2.88E-01	2.56E-01
195	2.98E-01	2.99E-01	3.01E-01	3.01E-01	2.89E-01	2.57E-01
195.25	2.96E-01	2.98E-01	2.99E-01	3.00E-01	2.89E-01	2.58E-01
195.5	2.95E-01	2.96E-01	2.97E-01	2.98E-01	2.89E-01	2.59E-01
195.75	2.93E-01	2.95E-01	2.96E-01	2.97E-01	2.88E-01	2.60E-01
196	2.92E-01	2.93E-01	2.95E-01	2.96E-01	2.88E-01	2.61E-01
196.25	2.91E-01	2.92E-01	2.93E-01	2.95E-01	2.88E-01	2.62E-01
196.5	2.90E-01	2.91E-01	2.92E-01	2.94E-01	2.88E-01	2.63E-01
196.75	2.88E-01	2.90E-01	2.91E-01	2.93E-01	2.87E-01	2.64E-01
197	2.87E-01	2.89E-01	2.90E-01	2.93E-01	2.87E-01	2.65E-01
197.25	2.84E-01	2.86E-01	2.88E-01	2.92E-01	2.87E-01	2.66E-01
197.5	2.81E-01	2.84E-01	2.86E-01	2.91E-01	2.86E-01	2.67E-01
197.75	2.78E-01	2.81E-01	2.84E-01	2.90E-01	2.86E-01	2.68E-01
198	2.76E-01	2.79E-01	2.83E-01	2.89E-01	2.86E-01	2.69E-01
198.25	3.31E-01	3.18E-01	3.03E-01	2.88E-01	2.85E-01	2.69E-01
198.5	3.51E-01	3.42E-01	3.30E-01	2.93E-01	2.85E-01	2.70E-01
198.75	3.63E-01	3.56E-01	3.47E-01	3.07E-01	2.85E-01	2.71E-01
199	3.71E-01	3.66E-01	3.58E-01	3.22E-01	2.85E-01	2.71E-01
199.25	3.45E-01	3.45E-01	3.45E-01	3.30E-01	2.88E-01	2.72E-01
199.5	3.35E-01	3.36E-01	3.36E-01	3.28E-01	2.93E-01	2.72E-01
199.75	3.29E-01	3.30E-01	3.30E-01	3.25E-01	2.97E-01	2.73E-01
200	3.24E-01	3.25E-01	3.26E-01	3.22E-01	3.00E-01	2.74E-01
200.25	3.18E-01	3.19E-01	3.21E-01	3.20E-01	3.01E-01	2.74E-01
200.5	3.13E-01	3.15E-01	3.17E-01	3.18E-01	3.02E-01	2.75E-01
200.75	3.09E-01	3.11E-01	3.13E-01	3.15E-01	3.03E-01	2.75E-01
201	3.05E-01	3.08E-01	3.10E-01	3.13E-01	3.03E-01	2.76E-01
201.25	3.19E-01	3.17E-01	3.14E-01	3.11E-01	3.03E-01	2.77E-01
201.5	3.26E-01	3.23E-01	3.19E-01	3.12E-01	3.02E-01	2.78E-01
201.75	3.30E-01	3.27E-01	3.23E-01	3.14E-01	3.02E-01	2.79E-01
202	3.33E-01	3.30E-01	3.27E-01	3.16E-01	3.02E-01	2.81E-01
202.25	3.43E-01	3.39E-01	3.34E-01	3.18E-01	3.03E-01	2.82E-01
202.5	3.49E-01	3.45E-01	3.40E-01	3.23E-01	3.03E-01	2.83E-01
202.75	3.53E-01	3.50E-01	3.45E-01	3.28E-01	3.05E-01	2.84E-01
203	3.56E-01	3.53E-01	3.49E-01	3.32E-01	3.07E-01	2.85E-01
203.25	3.52E-01	3.50E-01	3.48E-01	3.35E-01	3.10E-01	2.86E-01
203.5	3.51E-01	3.49E-01	3.47E-01	3.36E-01	3.13E-01	2.87E-01
203.75	3.51E-01	3.49E-01	3.47E-01	3.37E-01	3.15E-01	2.88E-01
204	3.51E-01	3.50E-01	3.48E-01	3.38E-01	3.17E-01	2.89E-01
204.25	3.39E-01	3.40E-01	3.41E-01	3.37E-01	3.19E-01	2.90E-01
204.5	3.33E-01	3.34E-01	3.35E-01	3.35E-01	3.20E-01	2.91E-01
204.75	3.28E-01	3.30E-01	3.31E-01	3.32E-01	3.21E-01	2.93E-01
205	3.24E-01	3.26E-01	3.28E-01	3.30E-01	3.21E-01	2.95E-01
205.25	3.20E-01	3.22E-01	3.24E-01	3.27E-01	3.20E-01	2.96E-01
205.5	3.16E-01	3.19E-01	3.21E-01	3.25E-01	3.20E-01	2.98E-01
205.75	3.13E-01	3.16E-01	3.18E-01	3.23E-01	3.19E-01	3.00E-01
206	3.11E-01	3.13E-01	3.16E-01	3.21E-01	3.19E-01	3.02E-01
206.25	3.10E-01	3.12E-01	3.14E-01	3.19E-01	3.18E-01	3.03E-01
206.5	3.09E-01	3.11E-01	3.13E-01	3.17E-01	3.17E-01	3.04E-01
206.75	3.08E-01	3.10E-01	3.12E-01	3.16E-01	3.16E-01	3.05E-01
207	3.07E-01	3.09E-01	3.11E-01	3.15E-01	3.16E-01	3.07E-01
207.25	3.04E-01	3.06E-01	3.09E-01	3.14E-01	3.15E-01	3.08E-01
207.5	3.02E-01	3.04E-01	3.07E-01	3.13E-01	3.15E-01	3.08E-01
207.75	3.01E-01	3.03E-01	3.05E-01	3.12E-01	3.14E-01	3.09E-01
208	2.99E-01	3.01E-01	3.04E-01	3.11E-01	3.14E-01	3.10E-01
208.25	2.96E-01	2.99E-01	3.02E-01	3.09E-01	3.13E-01	3.10E-01
208.5	2.94E-01	2.97E-01	3.00E-01	3.08E-01	3.12E-01	3.11E-01
208.75	2.92E-01	2.95E-01	2.99E-01	3.07E-01	3.12E-01	3.11E-01
209	2.90E-01	2.93E-01	2.97E-01	3.06E-01	3.11E-01	3.11E-01
209.25	2.87E-01	2.91E-01	2.95E-01	3.04E-01	3.11E-01	3.11E-01
209.5	2.86E-01	2.89E-01	2.94E-01	3.03E-01	3.10E-01	3.11E-01
209.75	2.84E-01	2.87E-01	2.92E-01	3.02E-01	3.10E-01	3.11E-01
210	2.82E-01	2.86E-01	2.90E-01	3.01E-01	3.09E-01	3.11E-01
210.25	2.79E-01	2.84E-01	2.89E-01	3.00E-01	3.08E-01	3.11E-01
210.5	2.77E-01	2.82E-01	2.87E-01	2.99E-01	3.08E-01	3.11E-01
210.75	2.75E-01	2.80E-01	2.85E-01	2.98E-01	3.07E-01	3.11E-01
211	2.73E-01	2.78E-01	2.84E-01	2.97E-01	3.06E-01	3.11E-01
211.25	2.71E-01	2.77E-01	2.82E-01	2.96E-01	3.06E-01	3.11E-01
211.5	2.70E-01	2.76E-01	2.81E-01	2.95E-01	3.05E-01	3.10E-01
211.75	2.69E-01	2.74E-01	2.80E-01	2.94E-01	3.04E-01	3.10E-01
212	2.68E-01	2.73E-01	2.79E-01	2.93E-01	3.04E-01	3.10E-01
212.25	2.67E-01	2.72E-01	2.78E-01	2.92E-01	3.03E-01	3.10E-01
212.5	2.66E-01	2.70E-01	2.77E-01	2.91E-01	3.03E-01	3.09E-01
212.75	2.65E-01	2.69E-01	2.76E-01	2.90E-01	3.02E-01	3.09E-01
213	2.63E-01	2.68E-01	2.75E-01	2.89E-01	3.01E-01	3.09E-01
213.25	2.63E-01	2.68E-01	2.74E-01	2.88E-01	3.01E-01	3.08E-01
213.5	2.63E-01	2.67E-01	2.73E-01	2.87E-01	3.00E-01	3.08E-01
213.75	2.62E-01	2.67E-01	2.72E-01	2.87E-01	3.00E-01	3.08E-01
214	2.61E-01	2.66E-01	2.71E-01	2.86E-01	2.99E-01	3.07E-01
214.25	2.59E-01	2.65E-01	2.70E-01	2.85E-01	2.99E-01	3.07E-01
214.5	2.57E-01	2.63E-01	2.69E-01	2.85E-01	2.98E-01	3.06E-01
214.75	2.55E-01	2.62E-01	2.68E-01	2.84E-01	2.98E-01	3.06E-01
215	2.53E-01	2.60E-01	2.67E-01	2.83E-01	2.97E-01	3.06E-01
215.25	2.52E-01	2.59E-01	2.66E-01	2.83E-01	2.97E-01	3.05E-01
215.5	2.50E-01	2.57E-01	2.65E-01	2.82E-01	2.96E-01	3.05E-01
215.75	2.48E-01	2.56E-01	2.64E-01	2.81E-01	2.96E-01	3.04E-01
216	2.47E-01	2.54E-01	2.63E-01	2.81E-01	2.95E-01	3.04E-01
216.25	2.47E-01	2.54E-01	2.62E-01	2.80E-01	2.95E-01	3.03E-01
216.5	2.46E-01	2.53E-01	2.61E-01	2.79E-01	2.94E-01	3.03E-01
216.75	2.46E-01	2.53E-01	2.60E-01	2.79E-01	2.94E-01	3.02E-01
217	2.45E-01	2.52E-01	2.60E-01	2.78E-01	2.93E-01	3.02E-01
217.25	2.43E-01	2.51E-01	2.59E-01	2.77E-01	2.93E-01	3.02E-01
217.5	2.40E-01	2.49E-01	2.58E-01	2.77E-01	2.92E-01	3.01E-01
217.75	2.38E-01	2.48E-01	2.56E-01	2.76E-01	2.92E-01	3.01E-01
218	2.37E-01	2.46E-01	2.55E-01	2.75E-01	2.91E-01	3.00E-01
218.25	2.61E-01	2.55E-01	2.56E-01	2.75E-01	2.90E-01	3.00E-01
218.5	2.78E-01	2.70E-01	2.64E-01	2.74E-01	2.90E-01	3.00E-01
218.75	2.89E-01	2.82E-01	2.74E-01	2.74E-01	2.89E-01	2.99E-01
219	2.97E-01	2.90E-01	2.83E-01	2.75E-01	2.89E-01	2.99E-01
219.25	3.03E-01	2.97E-01	2.90E-01	2.78E-01	2.88E-01	2.98E-01
219.5	3.08E-01	3.03E-01	2.96E-01	2.81E-01	2.88E-01	2.98E-01
219.75	3.13E-01	3.08E-01	3.01E-01	2.84E-01	2.88E-01	2.98E-01
220	3.16E-01	3.12E-01	3.06E-01	2.88E-01	2.88E-01	2.97E-01
220.25	3.01E-01	3.02E-01	3.02E-01	2.92E-01	2.88E-01	2.97E-01
220.5	2.94E-01	2.96E-01	2.97E-01	2.93E-01	2.89E-01	2.96E-01
220.75	2.88E-01	2.91E-01	2.93E-01	2.93E-01	2.89E-01	2.96E-01
221	2.83E-01	2.87E-01	2.90E-01	2.92E-01	2.90E-01	2.96E-01
221.25	2.79E-01	2.83E-01	2.86E-01	2.91E-01	2.90E-01	2.95E-01
221.5	2.74E-01	2.79E-01	2.83E-01	2.90E-01	2.91E-01	2.95E-01
221.75	2.70E-01	2.76E-01	2.81E-01	2.89E-01	2.91E-01	2.95E-01
222	2.67E-01	2.72E-01	2.78E-01	2.88E-01	2.91E-01	2.94E-01
222.25	2.84E-01	2.80E-01	2.80E-01	2.87E-01	2.91E-01	2.94E-01
222.5	2.94E-01	2.89E-01	2.86E-01	2.86E-01	2.91E-01	2.94E-01
222.75	3.00E-01	2.96E-01	2.91E-01	2.87E-01	2.91E-01	2.94E-01
223	3.04E-01	3.01E-01	2.96E-01	2.88E-01	2.91E-01	2.94E-01
223.25	2.94E-01	2.95E-01	2.95E-01	2.90E-01	2.90E-01	2.94E-01
223.5	2.89E-01	2.91E-01	2.92E-01	2.91E-01	2.90E-01	2.93E-01
223.75	2.85E-01	2.87E-01	2.89E-01	2.91E-01	2.91E-01	2.93E-01
224	2.82E-01	2.84E-01	2.87E-01	2.90E-01	2.91E-01	2.93E-01
224.25	2.87E-01	2.87E-01	2.87E-01	2.90E-01	2.91E-01	2.93E-01
224.5	2.91E-01	2.89E-01	2.89E-01	2.89E-01	2.91E-01	2.93E-01
224.75	2.93E-01	2.91E-01	2.90E-01	2.89E-01	2.91E-01	2.93E-01
225	2.94E-01	2.93E-01	2.92E-01	2.90E-01	2.91E-01	2.93E-01
225.25	3.46E-01	3.35E-01	3.20E-01	2.91E-01	2.91E-01	2.93E-01
225.5	3.65E-01	3.57E-01	3.46E-01	3.02E-01	2.91E-01	2.93E-01
225.75	3.76E-01	3.70E-01	3.62E-01	3.22E-01	2.91E-01	2.92E-01
226	3.83E-01	3.79E-01	3.72E-01	3.40E-01	2.94E-01	2.92E-01
226.25	3.54E-01	3.55E-01	3.55E-01	3.44E-01	3.00E-01	2.92E-01
226.5	3.43E-01	3.45E-01	3.45E-01	3.40E-01	3.08E-01	2.92E-01
226.75	3.36E-01	3.38E-01	3.39E-01	3.36E-01	3.13E-01	2.92E-01
227	3.31E-01	3.32E-01	3.33E-01	3.33E-01	3.15E-01	2.92E-01
227.25	3.28E-01	3.29E-01	3.30E-01	3.30E-01	3.16E-01	2.93E-01
227.5	3.25E-01	3.26E-01	3.28E-01	3.28E-01	3.17E-01	2.93E-01
227.75	3.23E-01	3.24E-01	3.25E-01	3.26E-01	3.17E-01	2.94E-01
228	3.21E-01	3.22E-01	3.23E-01	3.24E-01	3.17E-01	2.95E-01
228.25	3.18E-01	3.19E-01	3.21E-01	3.23E-01	3.16E-01	2.97E-01
228.5	3.15E-01	3.17E-01	3.18E-01	3.21E-01	3.16E-01	2.98E-01
228.75	3.13E-01	3.15E-01	3.16E-01	3.19E-01	3.16E-01	2.99E-01
229	3.11E-01	3.13E-01	3.15E-01	3.18E-01	3.15E-01	3.01E-01
229.25	3.09E-01	3.10E-01	3.13E-01	3.16E-01	3.15E-01	3.02E-01
229.5	3.06E-01	3.08E-01	3.11E-01	3.15E-01	3.14E-01	3.03E-01
229.75	3.04E-01	3.06E-01	3.09E-01	3.14E-01	3.14E-01	3.04E-01
230	3.02E-01	3.04E-01	3.07E-01	3.12E-01	3.13E-01	3.04E-01
230.25	3.54E-01	3.46E-01	3.34E-01	3.13E-01	3.13E-01	3.05E-01
230.5	3.71E-01	3.66E-01	3.57E-01	3.26E-01	3.12E-01	3.06E-01
230.75	3.82E-01	3.77E-01	3.71E-01	3.43E-01	3.14E-01	3.07E-01
231	3.89E-01	3.85E-01	3.80E-01	3.57E-01	3.18E-01	3.07E-01
231.25	3.72E-01	3.71E-01	3.70E-01	3.60E-01	3.27E-01	3.08E-01
231.5	3.68E-01	3.67E-01	3.66E-01	3.59E-01	3.34E-01	3.08E-01
231.75	3.66E-01	3.65E-01	3.64E-01	3.58E-01	3.37E-01	3.09E-01
232	3.65E-01	3.64E-01	3.63E-01	3.57E-01	3.39E-01	3.10E-01
232.25	3.56E-01	3.56E-01	3.57E-01	3.55E-01	3.41E-01	3.12E-01
232.5	3.51E-01	3.52E-01	3.53E-01	3.52E-01	3.42E-01	3.15E-01
232.75	3.48E-01	3.49E-01	3.50E-01	3.50E-01	3.42E-01	3.18E-01
233	3.46E-01	3.46E-01	3.47E-01	3.48E-01	3.42E-01	3.21E-01
233.25	3.41E-01	3.42E-01	3.44E-01	3.46E-01	3.41E-01	3.23E-01
233.5	3.37E-01	3.39E-01	3.40E-01	3.44E-01	3.41E-01	3.26E-01
233.75	3.35E-01	3.36E-01	3.38E-01	3.41E-01	3.40E-01	3.28E-01
234	3.33E-01	3.34E-01	3.36E-01	3.39E-01	3.39E-01	3.30E-01
234.25	3.30E-01	3.31E-01	3.33E-01	3.38E-01	3.38E-01	3.31E-01
234.5	3.27E-01	3.29E-01	3.31E-01	3.36E-01	3.37E-01	3.32E-01
234.75	3.25E-01	3.27E-01	3.29E-01	3.34E-01	3.37E-01	3.33E-01
235	3.23E-01	3.25E-01	3.27E-01	3.33E-01	3.36E-01	3.34E-01
235.25	3.21E-01	3.23E-01	3.26E-01	3.31E-01	3.35E-01	3.34E-01
235.5	3.20E-01	3.21E-01	3.24E-01	3.30E-01	3.34E-01	3.34E-01
235.75	3.18E-01	3.20E-01	3.22E-01	3.29E-01	3.34E-01	3.35E-01
236	3.17E-01	3.18E-01	3.21E-01	3.27E-01	3.33E-01	3.35E-01
236.25	3.21E-01	3.22E-01	3.22E-01	3.27E-01	3.32E-01	3.34E-01
236.5	3.24E-01	3.23E-01	3.24E-01	3.26E-01	3.31E-01	3.34E-01
236.75	3.25E-01	3.25E-01	3.25E-01	3.27E-01	3.31E-01	3.34E-01
237	3.26E-01	3.26E-01	3.26E-01	3.27E-01	3.31E-01	3.34E-01
237.25	3.51E-01	3.46E-01	3.40E-01	3.29E-01	3.30E-01	3.33E-01
237.5	3.62E-01	3.58E-01	3.52E-01	3.36E-01	3.30E-01	3.33E-01
237.75	3.68E-01	3.65E-01	3.61E-01	3.45E-01	3.32E-01	3.33E-01
238	3.73E-01	3.70E-01	3.67E-01	3.52E-01	3.35E-01	3.33E-01
238.25	3.55E-01	3.56E-01	3.56E-01	3.53E-01	3.38E-01	3.32E-01
238.5	3.47E-01	3.49E-01	3.50E-01	3.50E-01	3.41E-01	3.33E-01
238.75	3.42E-01	3.44E-01	3.45E-01	3.47E-01	3.42E-01	3.33E-01
239	3.38E-01	3.40E-01	3.42E-01	3.45E-01	3.42E-01	3.34E-01
239.25	3.57E-01	3.55E-01	3.51E-01	3.45E-01	3.42E-01	3.35E-01
239.5	3.64E-01	3.62E-01	3.59E-01	3.50E-01	3.42E-01	3.36E-01
239.75	3.69E-01	3.67E-01	3.64E-01	3.54E-01	3.44E-01	3.37E-01
240	3.72E-01	3.70E-01	3.68E-01	3.58E-01	3.46E-01	3.38E-01
240.25	3.56E-01	3.58E-01	3.59E-01	3.58E-01	3.48E-01	3.38E-01
240.5	3.50E-01	3.52E-01	3.53E-01	3.55E-01	3.50E-01	3.39E-01
240.75	3.46E-01	3.47E-01	3.49E-01	3.52E-01	3.50E-01	3.41E-01
241	3.42E-01	3.44E-01	3.46E-01	3.50E-01	3.49E-01	3.42E-01
241.25	3.39E-01	3.41E-01	3.43E-01	3.47E-01	3.48E-01	3.43E-01
241.5	3.37E-01	3.38E-01	3.40E-01	3.45E-01	3.48E-01	3.44E-01
241.75	3.35E-01	3.36E-01	3.38E-01	3.43E-01	3.47E-01	3.45E-01
242	3.33E-01	3.34E-01	3.36E-01	3.42E-01	3.46E-01	3.46E-01
242.25	3.52E-01	3.49E-01	3.46E-01	3.42E-01	3.45E-01	3.46E-01
242.5	3.60E-01	3.57E-01	3.54E-01	3.46E-01	3.44E-01	3.46E-01
242.75	3.64E-01	3.62E-01	3.60E-01	3.51E-01	3.45E-01	3.46E-01
243	3.68E-01	3.66E-01	3.64E-01	3.55E-01	3.47E-01	3.46E-01
243.25	3.54E-01	3.55E-01	3.56E-01	3.55E-01	3.49E-01	3.46E-01
243.5	3.48E-01	3.49E-01	3.51E-01	3.53E-01	3.50E-01	3.46E-01
243.75	3.44E-01	3.46E-01	3.47E-01	3.51E-01	3.50E-01	3.46E-01
244	3.41E-01	3.42E-01	3.44E-01	3.48E-01	3.50E-01	3.47E-01
244.25	3.38E-01	3.39E-01	3.42E-01	3.47E-01	3.49E-01	3.47E-01
244.5	3.36E-01	3.37E-01	3.39E-01	3.45E-01	3.48E-01	3.48E-01
244.75	3.34E-01	3.35E-01	3.37E-01	3.43E-01	3.47E-01	3.48E-01
245	3.32E-01	3.33E-01	3.35E-01	3.41E-01	3.46E-01	3.48E-01
245.25	3.30E-01	3.32E-01	3.34E-01	3.40E-01	3.45E-01	3.48E-01
245.5	3.28E-01	3.30E-01	3.32E-01	3.38E-01	3.44E-01	3.48E-01
245.75	3.26E-01	3.28E-01	3.31E-01	3.37E-01	3.44E-01	3.47E-01
246	3.25E-01	3.27E-01	3.29E-01	3.36E-01	3.43E-01	3.47E-01
246.25	3.24E-01	3.26E-01	3.28E-01	3.35E-01	3.42E-01	3.46E-01
246.5	3.22E-01	3.24E-01	3.27E-01	3.34E-01	3.41E-01	3.46E-01
246.75	3.21E-01	3.23E-01	3.25E-01	3.33E-01	3.40E-01	3.45E-01
247	3.20E-01	3.22E-01	3.24E-01	3.32E-01	3.39E-01	3.45E-01
247.25	3.19E-01	3.21E-01	3.23E-01	3.31E-01	3.38E-01	3.44E-01
247.5	3.18E-01	3.20E-01	3.22E-01	3.30E-01	3.37E-01	3.43E-01
247.75	3.17E-01	3.19E-01	3.21E-01	3.29E-01	3.36E-01	3.43E-01
248	3.16E-01	3.18E-01	3.20E-01	3.28E-01	3.36E-01	3.42E-01
248.25	3.15E-01	3.17E-01	3.19E-01	3.27E-01	3.35E-01	3.41E-01
248.5	3.14E-01	3.16E-01	3.18E-01	3.26E-01	3.34E-01	3.40E-01
248.75	3.13E-01	3.15E-01	3.17E-01	3.25E-01	3.33E-01	3.40E-01
249	3.11E-01	3.14E-01	3.16E-01	3.24E-01	3.33E-01	3.39E-01
249.25	3.10E-01	3.12E-01	3.15E-01	3.23E-01	3.32E-01	3.38E-01
249.5	3.09E-01	3.11E-01	3.14E-01	3.22E-01	3.31E-01	3.38E-01
249.75	3.07E-01	3.10E-01	3.13E-01	3.21E-01	3.30E-01	3.37E-01
250	3.06E-01	3.09E-01	3.12E-01	3.20E-01	3.30E-01	3.36E-01
250.25	3.05E-01	3.08E-01	3.11E-01	3.19E-01	3.29E-01	3.36E-01
250.5	3.04E-01	3.07E-01	3.10E-01	3.19E-01	3.28E-01	3.35E-01
250.75	3.03E-01	3.06E-01	3.09E-01	3.18E-01	3.27E-01	3.34E-01
251	3.03E-01	3.05E-01	3.08E-01	3.17E-01	3.27E-01	3.34E-01
251.25	3.02E-01	3.04E-01	3.07E-01	3.16E-01	3.26E-01	3.33E-01
251.5	3.01E-01	3.03E-01	3.07E-01	3.16E-01	3.25E-01	3.32E-01
251.75	3.00E-01	3.03E-01	3.06E-01	3.15E-01	3.24E-01	3.32E-01
252	3.00E-01	3.02E-01	3.05E-01	3.14E-01	3.24E-01	3.31E-01
252.25	2.98E-01	3.01E-01	3.04E-01	3.13E-01	3.23E-01	3.30E-01
252.5	2.97E-01	3.00E-01	3.03E-01	3.13E-01	3.22E-01	3.30E-01
252.75	2.96E-01	2.99E-01	3.02E-01	3.12E-01	3.21E-01	3.29E-01
253	2.95E-01	2.98E-01	3.01E-01	3.11E-01	3.21E-01	3.28E-01
253.25	2.96E-01	2.98E-01	3.01E-01	3.10E-01	3.20E-01	3.28E-01
253.5	2.96E-01	2.98E-01	3.01E-01	3.10E-01	3.19E-01	3.27E-01
253.75	2.96E-01	2.98E-01	3.00E-01	3.09E-01	3.19E-01	3.27E-01
254	2.96E-01	2.98E-01	3.00E-01	3.09E-01	3.18E-01	3.26E-01
254.25	3.25E-01	3.19E-01	3.12E-01	3.09E-01	3.18E-01	3.25E-01
254.5	3.38E-01	3.33E-01	3.26E-01	3.12E-01	3.17E-01	3.25E-01
254.75	3.46E-01	3.42E-01	3.36E-01	3.18E-01	3.17E-01	3.24E-01
255	3.52E-01	3.49E-01	3.43E-01	3.26E-01	3.18E-01	3.24E-01
255.25	3.35E-01	3.36E-01	3.36E-01	3.30E-01	3.19E-01	3.23E-01
255.5	3.28E-01	3.30E-01	3.31E-01	3.29E-01	3.21E-01	3.22E-01
255.75	3.24E-01	3.25E-01	3.27E-01	3.28E-01	3.22E-01	3.22E-01
256	3.20E-01	3.22E-01	3.24E-01	3.26E-01	3.23E-01	3.22E-01
256.25	3.28E-01	3.27E-01	3.26E-01	3.25E-01	3.24E-01	3.22E-01
256.5	3.31E-01	3.30E-01	3.29E-01	3.26E-01	3.24E-01	3.22E-01
256.75	3.33E-01	3.32E-01	3.31E-01	3.27E-01	3.24E-01	3.22E-01
257	3.35E-01	3.34E-01	3.32E-01	3.28E-01	3.24E-01	3.22E-01
257.25	3.28E-01	3.29E-01	3.29E-01	3.28E-01	3.25E-01	3.22E-01
257.5	3.25E-01	3.26E-01	3.27E-01	3.28E-01	3.25E-01	3.22E-01
257.75	3.22E-01	3.23E-01	3.25E-01	3.27E-01	3.25E-01	3.22E-01
258	3.20E-01	3.22E-01	3.23E-01	3.26E-01	3.25E-01	3.23E-01
258.25	3.20E-01	3.21E-01	3.22E-01	3.25E-01	3.25E-01	3.23E-01
258.5	3.19E-01	3.20E-01	3.21E-01	3.24E-01	3.25E-01	3.23E-01
258.75	3.19E-01	3.20E-01	3.20E-01	3.23E-01	3.25E-01	3.23E-01
259	3.18E-01	3.19E-01	3.20E-01	3.22E-01	3.24E-01	3.23E-01
259.25	3.16E-01	3.17E-01	3.18E-01	3.22E-01	3.24E-01	3.24E-01
259.5	3.14E-01	3.16E-01	3.17E-01	3.21E-01	3.24E-01	3.24E-01
259.75	3.13E-01	3.14E-01	3.16E-01	3.20E-01	3.23E-01	3.24E-01
260	3.12E-01	3.13E-01	3.15E-01	3.19E-01	3.23E-01	3.24E-01
260.25	3.10E-01	3.12E-01	3.14E-01	3.19E-01	3.22E-01	3.24E-01
260.5	3.09E-01	3.10E-01	3.12E-01	3.18E-01	3.22E-01	3.24E-01
260.75	3.07E-01	3.09E-01	3.11E-01	3.17E-01	3.21E-01	3.24E-01
261	3.06E-01	3.08E-01	3.10E-01	3.16E-01	3.21E-01	3.24E-01
261.25	3.12E-01	3.12E-01	3.12E-01	3.15E-01	3.20E-01	3.23E-01
261.5	3.15E-01	3.15E-01	3.14E-01	3.16E-01	3.20E-01	3.23E-01
261.75	3.17E-01	3.17E-01	3.16E-01	3.16E-01	3.20E-01	3.23E-01
262	3.19E-01	3.18E-01	3.18E-01	3.17E-01	3.19E-01	3.23E-01
262.25	3.14E-01	3.15E-01	3.16E-01	3.17E-01	3.19E-01	3.23E-01
262.5	3.12E-01	3.13E-01	3.14E-01	3.17E-01	3.19E-01	3.22E-01
262.75	3.10E-01	3.11E-01	3.13E-01	3.16E-01	3.19E-01	3.22E-01
263	3.08E-01	3.10E-01	3.12E-01	3.16E-01	3.19E-01	3.22E-01
263.25	3.07E-01	3.09E-01	3.10E-01	3.15E-01	3.19E-01	3.21E-01
263.5	3.06E-01	3.08E-01	3.10E-01	3.14E-01	3.19E-01	3.21E-01
263.75	3.05E-01	3.07E-01	3.09E-01	3.14E-01	3.18E-01	3.21E-01
264	3.04E-01	3.06E-01	3.08E-01	3.13E-01	3.18E-01	3.21E-01
264.25	3.03E-01	3.05E-01	3.07E-01	3.13E-01	3.18E-01	3.21E-01
264.5	3.02E-01	3.04E-01	3.06E-01	3.12E-01	3.17E-01	3.20E-01
264.75	3.01E-01	3.03E-01	3.05E-01	3.11E-01	3.17E-01	3.20E-01
265	3.00E-01	3.02E-01	3.04E-01	3.11E-01	3.16E-01	3.20E-01
265.25	3.38E-01	3.30E-01	3.21E-01	3.11E-01	3.16E-01	3.20E-01
265.5	3.53E-01	3.47E-01	3.39E-01	3.17E-01	3.16E-01	3.19E-01
265.75	3.62E-01	3.57E-01	3.51E-01	3.27E-01	3.16E-01	3.19E-01
266	3.68E-01	3.65E-01	3.59E-01	3.37E-01	3.18E-01	3.19E-01
266.25	3.61E-01	3.59E-01	3.57E-01	3.44E-01	3.21E-01	3.19E-01
266.5	3.60E-01	3.59E-01	3.56E-01	3.46E-01	3.26E-01	3.18E-01
266.75	3.60E-01	3.59E-01	3.57E-01	3.47E-01	3.29E-01	3.18E-01
267	3.61E-01	3.59E-01	3.57E-01	3.49E-01	3.32E-01	3.19E-01
267.25	3.57E-01	3.56E-01	3.55E-01	3.49E-01	3.34E-01	3.19E-01
267.5	3.55E-01	3.55E-01	3.54E-01	3.49E-01	3.36E-01	3.20E-01
267.75	3.55E-01	3.54E-01	3.53E-01	3.49E-01	3.38E-01	3.21E-01
268	3.54E-01	3.54E-01	3.53E-01	3.49E-01	3.38E-01	3.23E-01
268.25	3.46E-01	3.47E-01	3.48E-01	3.48E-01	3.39E-01	3.24E-01
268.5	3.42E-01	3.43E-01	3.44E-01	3.46E-01	3.40E-01	3.26E-01
268.75	3.39E-01	3.40E-01	3.41E-01	3.44E-01	3.40E-01	3.28E-01
269	3.37E-01	3.38E-01	3.39E-01	3.42E-01	3.39E-01	3.29E-01
269.25	3.34E-01	3.36E-01	3.37E-01	3.40E-01	3.39E-01	3.31E-01
269.5	3.33E-01	3.34E-01	3.35E-01	3.38E-01	3.38E-01	3.32E-01
269.75	3.31E-01	3.32E-01	3.33E-01	3.37E-01	3.38E-01	3.33E-01
270	3.29E-01	3.30E-01	3.32E-01	3.36E-01	3.37E-01	3.34E-01
270.25	3.28E-01	3.29E-01	3.31E-01	3.34E-01	3.36E-01	3.34E-01
270.5	3.27E-01	3.28E-01	3.29E-01	3.33E-01	3.36E-01	3.35E-01
270.75	3.25E-01	3.27E-01	3.28E-01	3.32E-01	3.35E-01	3.35E-01
271	3.24E-01	3.26E-01	3.27E-01	3.31E-01	3.35E-01	3.35E-01
271.25	3.25E-01	3.26E-01	3.27E-01	3.31E-01	3.34E-01	3.35E-01
271.5	3.25E-01	3.26E-01	3.27E-01	3.30E-01	3.34E-01	3.35E-01
271.75	3.25E-01	3.26E-01	3.27E-01	3.30E-01	3.33E-01	3.35E-01
272	3.25E-01	3.26E-01	3.26E-01	3.29E-01	3.33E-01	3.35E-01
272.25	3.25E-01	3.26E-01	3.26E-01	3.29E-01	3.32E-01	3.35E-01
272.5	3.25E-01	3.26E-01	3.26E-01	3.29E-01	3.32E-01	3.34E-01
272.75	3.25E-01	3.26E-01	3.26E-01	3.29E-01	3.32E-01	3.34E-01
273	3.25E-01	3.25E-01	3.26E-01	3.28E-01	3.31E-01	3.34E-01
273.25	3.22E-01	3.24E-01	3.25E-01	3.28E-01	3.31E-01	3.34E-01
273.5	3.21E-01	3.22E-01	3.24E-01	3.27E-01	3.31E-01	3.33E-01
273.75	3.20E-01	3.21E-01	3.23E-01	3.27E-01	3.31E-01	3.33E-01
274	3.19E-01	3.20E-01	3.22E-01	3.26E-01	3.30E-01	3.33E-01
274.25	3.20E-01	3.20E-01	3.21E-01	3.25E-01	3.30E-01	3.33E-01
274.5	3.20E-01	3.20E-01	3.21E-01	3.25E-01	3.29E-01	3.32E-01
274.75	3.20E-01	3.20E-01	3.21E-01	3.25E-01	3.29E-01	3.32E-01
275	3.19E-01	3.20E-01	3.21E-01	3.24E-01	3.29E-01	3.32E-01
275.25	3.17E-01	3.19E-01	3.20E-01	3.24E-01	3.28E-01	3.31E-01
275.5	3.16E-01	3.17E-01	3.19E-01	3.23E-01	3.28E-01	3.31E-01
275.75	3.15E-01	3.16E-01	3.18E-01	3.22E-01	3.27E-01	3.31E-01
276	3.14E-01	3.16E-01	3.17E-01	3.22E-01	3.27E-01	3.31E-01
276.25	3.13E-01	3.15E-01	3.16E-01	3.21E-01	3.27E-01	3.30E-01
276.5	3.12E-01	3.14E-01	3.16E-01	3.20E-01	3.26E-01	3.30E-01
276.75	3.12E-01	3.13E-01	3.15E-01	3.20E-01	3.26E-01	3.30E-01
277	3.11E-01	3.12E-01	3.14E-01	3.19E-01	3.25E-01	3.29E-01
277.25	3.10E-01	3.12E-01	3.13E-01	3.19E-01	3.25E-01	3.29E-01
277.5	3.09E-01	3.11E-01	3.13E-01	3.18E-01	3.24E-01	3.29E-01
277.75	3.09E-01	3.10E-01	3.12E-01	3.17E-01	3.23E-01	3.28E-01
278	3.08E-01	3.10E-01	3.11E-01	3.17E-01	3.23E-01	3.28E-01
278.25	3.08E-01	3.10E-01	3.11E-01	3.16E-01	3.22E-01	3.27E-01
278.5	3.08E-01	3.09E-01	3.11E-01	3.16E-01	3.22E-01	3.27E-01
278.75	3.08E-01	3.09E-01	3.11E-01	3.16E-01	3.21E-01	3.27E-01
279	3.08E-01	3.09E-01	3.10E-01	3.15E-01	3.21E-01	3.26E-01
279.25	3.07E-01	3.08E-01	3.10E-01	3.15E-01	3.21E-01	3.26E-01
279.5	3.06E-01	3.08E-01	3.10E-01	3.15E-01	3.20E-01	3.25E-01
279.75	3.06E-01	3.07E-01	3.09E-01	3.14E-01	3.20E-01	3.25E-01
280	3.05E-01	3.07E-01	3.09E-01	3.14E-01	3.20E-01	3.25E-01
280.25	3.05E-01	3.06E-01	3.08E-01	3.13E-01	3.19E-01	3.24E-01
280.5	3.04E-01	3.06E-01	3.08E-01	3.13E-01	3.19E-01	3.24E-01
280.75	3.04E-01	3.05E-01	3.07E-01	3.13E-01	3.18E-01	3.23E-01
281	3.04E-01	3.05E-01	3.07E-01	3.12E-01	3.18E-01	3.23E-01
281.25	3.03E-01	3.05E-01	3.06E-01	3.12E-01	3.18E-01	3.23E-01
281.5	3.03E-01	3.04E-01	3.06E-01	3.11E-01	3.17E-01	3.22E-01
281.75	3.03E-01	3.04E-01	3.06E-01	3.11E-01	3.17E-01	3.22E-01
282	3.03E-01	3.04E-01	3.05E-01	3.11E-01	3.17E-01	3.21E-01
282.25	3.02E-01	3.03E-01	3.05E-01	3.10E-01	3.16E-01	3.21E-01
282.5	3.02E-01	3.03E-01	3.04E-01	3.10E-01	3.16E-01	3.21E-01
282.75	3.02E-01	3.03E-01	3.04E-01	3.10E-01	3.16E-01	3.20E-01
283	3.01E-01	3.02E-01	3.04E-01	3.09E-01	3.15E-01	3.20E-01
283.25	3.00E-01	3.02E-01	3.03E-01	3.09E-01	3.15E-01	3.20E-01
283.5	3.00E-01	3.01E-01	3.03E-01	3.08E-01	3.15E-01	3.19E-01
283.75	2.99E-01	3.01E-01	3.02E-01	3.08E-01	3.14E-01	3.19E-01
284	2.99E-01	3.00E-01	3.02E-01	3.07E-01	3.14E-01	3.19E-01
284.25	2.98E-01	3.00E-01	3.01E-01	3.07E-01	3.14E-01	3.18E-01
284.5	2.98E-01	2.99E-01	3.01E-01	3.07E-01	3.13E-01	3.18E-01
284.75	2.97E-01	2.98E-01	3.00E-01	3.06E-01	3.13E-01	3.18E-01
285	2.96E-01	2.98E-01	3.00E-01	3.06E-01	3.12E-01	3.17E-01
285.25	2.96E-01	2.97E-01	2.99E-01	3.05E-01	3.12E-01	3.17E-01
285.5	2.95E-01	2.97E-01	2.99E-01	3.04E-01	3.12E-01	3.17E-01
285.75	2.95E-01	2.97E-01	2.98E-01	3.04E-01	3.11E-01	3.16E-01
286	2.95E-01	2.96E-01	2.98E-01	3.04E-01	3.11E-01	3.16E-01
286.25	2.95E-01	2.96E-01	2.98E-01	3.03E-01	3.11E-01	3.16E-01
286.5	2.95E-01	2.96E-01	2.98E-01	3.03E-01	3.10E-01	3.15E-01
286.75	2.94E-01	2.96E-01	2.97E-01	3.03E-01	3.10E-01	3.15E-01
287	2.94E-01	2.95E-01	2.97E-01	3.02E-01	3.09E-01	3.15E-01
287.25	2.93E-01	2.95E-01	2.97E-01	3.02E-01	3.09E-01	3.14E-01
287.5	2.93E-01	2.94E-01	2.96E-01	3.02E-01	3.09E-01	3.14E-01
287.75	2.92E-01	2.94E-01	2.96E-01	3.01E-01	3.08E-01	3.14E-01
288	2.92E-01	2.94E-01	2.95E-01	3.01E-01	3.08E-01	3.13E-01
288.25	3.05E-01	3.02E-01	3.00E-01	3.01E-01	3.08E-01	3.13E-01
288.5	3.13E-01	3.09E-01	3.05E-01	3.02E-01	3.07E-01	3.13E-01
288.75	3.17E-01	3.14E-01	3.11E-01	3.04E-01	3.07E-01	3.12E-01
289	3.21E-01	3.18E-01	3.15E-01	3.06E-01	3.07E-01	3.12E-01
289.25	3.13E-01	3.14E-01	3.13E-01	3.08E-01	3.07E-01	3.12E-01
289.5	3.10E-01	3.11E-01	3.11E-01	3.09E-01	3.07E-01	3.11E-01
289.75	3.08E-01	3.09E-01	3.09E-01	3.09E-01	3.08E-01	3.11E-01
290	3.07E-01	3.07E-01	3.08E-01	3.09E-01	3.08E-01	3.11E-01
290.25	3.33E-01	3.27E-01	3.20E-01	3.09E-01	3.08E-01	3.11E-01
290.5	3.44E-01	3.38E-01	3.32E-01	3.14E-01	3.09E-01	3.10E-01
290.75	3.51E-01	3.47E-01	3.41E-01	3.20E-01	3.09E-01	3.10E-01
291	3.56E-01	3.53E-01	3.48E-01	3.28E-01	3.11E-01	3.10E-01
291.25	3.41E-01	3.41E-01	3.40E-01	3.32E-01	3.13E-01	3.10E-01
291.5	3.35E-01	3.35E-01	3.35E-01	3.31E-01	3.16E-01	3.10E-01
291.75	3.31E-01	3.32E-01	3.32E-01	3.30E-01	3.17E-01	3.10E-01
292	3.28E-01	3.29E-01	3.29E-01	3.28E-01	3.19E-01	3.10E-01
292.25	3.25E-01	3.26E-01	3.27E-01	3.27E-01	3.19E-01	3.10E-01
292.5	3.23E-01	3.24E-01	3.25E-01	3.26E-01	3.20E-01	3.11E-01
292.75	3.21E-01	3.22E-01	3.23E-01	3.24E-01	3.20E-01	3.11E-01
293	3.20E-01	3.21E-01	3.22E-01	3.23E-01	3.20E-01	3.12E-01
293.25	3.69E-01	3.62E-01	3.52E-01	3.26E-01	3.20E-01	3.13E-01
293.5	3.84E-01	3.80E-01	3.73E-01	3.44E-01	3.20E-01	3.13E-01
293.75	3.93E-01	3.90E-01	3.85E-01	3.61E-01	3.24E-01	3.14E-01
294	3.99E-01	3.96E-01	3.93E-01	3.74E-01	3.34E-01	3.14E-01
294.25	3.72E-01	3.73E-01	3.74E-01	3.71E-01	3.45E-01	3.15E-01
294.5	3.63E-01	3.64E-01	3.65E-01	3.65E-01	3.49E-01	3.16E-01
294.75	3.56E-01	3.58E-01	3.59E-01	3.60E-01	3.50E-01	3.18E-01
295	3.52E-01	3.53E-01	3.54E-01	3.56E-01	3.49E-01	3.21E-01
295.25	3.48E-01	3.49E-01	3.51E-01	3.53E-01	3.48E-01	3.25E-01
295.5	3.45E-01	3.46E-01	3.48E-01	3.50E-01	3.47E-01	3.29E-01
295.75	3.42E-01	3.43E-01	3.45E-01	3.48E-01	3.46E-01	3.32E-01
296	3.39E-01	3.41E-01	3.42E-01	3.46E-01	3.45E-01	3.34E-01
296.25	3.37E-01	3.38E-01	3.40E-01	3.44E-01	3.44E-01	3.36E-01
296.5	3.35E-01	3.37E-01	3.38E-01	3.42E-01	3.44E-01	3.37E-01
296.75	3.34E-01	3.35E-01	3.36E-01	3.41E-01	3.43E-01	3.39E-01
297	3.32E-01	3.33E-01	3.35E-01	3.39E-01	3.42E-01	3.39E-01
297.25	3.31E-01	3.32E-01	3.34E-01	3.38E-01	3.41E-01	3.40E-01
297.5	3.29E-01	3.31E-01	3.32E-01	3.37E-01	3.40E-01	3.40E-01
297.75	3.28E-01	3.30E-01	3.31E-01	3.36E-01	3.40E-01	3.40E-01
298	3.27E-01	3.28E-01	3.30E-01	3.35E-01	3.39E-01	3.40E-01
298.25	3.26E-01	3.27E-01	3.29E-01	3.34E-01	3.38E-01	3.40E-01
298.5	3.24E-01	3.26E-01	3.28E-01	3.33E-01	3.38E-01	3.40E-01
298.75	3.23E-01	3.25E-01	3.27E-01	3.32E-01	3.37E-01	3.40E-01
299	3.22E-01	3.24E-01	3.26E-01	3.31E-01	3.36E-01	3.40E-01
299.25	3.22E-01	3.24E-01	3.25E-01	3.30E-01	3.36E-01	3.39E-01
299.5	3.22E-01	3.23E-01	3.25E-01	3.30E-01	3.35E-01	3.39E-01
299.75	3.22E-01	3.23E-01	3.24E-01	3.29E-01	3.35E-01	3.38E-01
300	3.21E-01	3.22E-01	3.24E-01	3.29E-01	3.34E-01	3.38E-01
300.25	3.27E-01	3.26E-01	3.26E-01	3.28E-01	3.34E-01	3.38E-01
300.5	3.29E-01	3.29E-01	3.28E-01	3.29E-01	3.33E-01	3.37E-01
300.75	3.31E-01	3.31E-01	3.30E-01	3.30E-01	3.33E-01	3.37E-01
301	3.32E-01	3.32E-01	3.31E-01	3.30E-01	3.33E-01	3.36E-01
301.25	3.28E-01	3.29E-01	3.30E-01	3.31E-01	3.33E-01	3.36E-01
301.5	3.26E-01	3.27E-01	3.28E-01	3.31E-01	3.33E-01	3.35E-01
301.75	3.25E-01	3.26E-01	3.27E-01	3.30E-01	3.33E-01	3.35E-01
302	3.23E-01	3.25E-01	3.26E-01	3.29E-01	3.32E-01	3.35E-01
302.25	3.24E-01	3.25E-01	3.26E-01	3.29E-01	3.32E-01	3.35E-01
302.5	3.24E-01	3.25E-01	3.25E-01	3.28E-01	3.32E-01	3.34E-01
302.75	3.24E-01	3.25E-01	3.25E-01	3.28E-01	3.31E-01	3.34E-01
303	3.24E-01	3.24E-01	3.25E-01	3.28E-01	3.31E-01	3.34E-01
303.25	3.22E-01	3.23E-01	3.24E-01	3.27E-01	3.31E-01	3.33E-01
303.5	3.21E-01	3.22E-01	3.24E-01	3.27E-01	3.30E-01	3.33E-01
303.75	3.21E-01	3.22E-01	3.23E-01	3.26E-01	3.30E-01	3.33E-01
304	3.20E-01	3.21E-01	3.22E-01	3.26E-01	3.30E-01	3.33E-01
304.25	3.20E-01	3.20E-01	3.21E-01	3.25E-01	3.29E-01	3.32E-01
304.5	3.19E-01	3.20E-01	3.21E-01	3.25E-01	3.29E-01	3.32E-01
304.75	3.18E-01	3.19E-01	3.20E-01	3.24E-01	3.29E-01	3.32E-01
305	3.18E-01	3.19E-01	3.20E-01	3.24E-01	3.28E-01	3.32E-01
305.25	3.29E-01	3.27E-01	3.25E-01	3.24E-01	3.28E-01	3.31E-01
305.5	3.34E-01	3.32E-01	3.30E-01	3.25E-01	3.28E-01	3.31E-01
305.75	3.38E-01	3.36E-01	3.34E-01	3.28E-01	3.28E-01	3.31E-01
306	3.41E-01	3.39E-01	3.37E-01	3.30E-01	3.28E-01	3.30E-01
306.25	3.37E-01	3.36E-01	3.36E-01	3.32E-01	3.29E-01	3.30E-01
306.5	3.35E-01	3.35E-01	3.35E-01	3.33E-01	3.29E-01	3.30E-01
306.75	3.35E-01	3.34E-01	3.34E-01	3.33E-01	3.30E-01	3.30E-01
307	3.34E-01	3.34E-01	3.34E-01	3.33E-01	3.30E-01	3.30E-01
307.25	3.30E-01	3.31E-01	3.32E-01	3.32E-01	3.31E-01	3.30E-01
307.5	3.28E-01	3.29E-01	3.30E-01	3.32E-01	3.31E-01	3.30E-01
307.75	3.27E-01	3.27E-01	3.29E-01	3.31E-01	3.31E-01	3.30E-01
308	3.25E-01	3.26E-01	3.27E-01	3.30E-01	3.31E-01	3.30E-01
308.25	3.24E-01	3.25E-01	3.26E-01	3.29E-01	3.30E-01	3.30E-01
308.5	3.23E-01	3.24E-01	3.25E-01	3.28E-01	3.30E-01	3.30E-01
308.75	3.22E-01	3.23E-01	3.24E-01	3.28E-01	3.30E-01	3.30E-01
309	3.21E-01	3.22E-01	3.23E-01	3.27E-01	3.29E-01	3.30E-01
309.25	3.21E-01	3.21E-01	3.23E-01	3.26E-01	3.29E-01	3.30E-01
309.5	3.20E-01	3.21E-01	3.22E-01	3.26E-01	3.29E-01	3.30E-01
309.75	3.19E-01	3.20E-01	3.21E-01	3.25E-01	3.28E-01	3.30E-01
310	3.19E-01	3.20E-01	3.21E-01	3.24E-01	3.28E-01	3.30E-01
310.25	3.27E-01	3.26E-01	3.24E-01	3.24E-01	3.28E-01	3.30E-01
310.5	3.31E-01	3.30E-01	3.28E-01	3.25E-01	3.27E-01	3.30E-01
310.75	3.34E-01	3.33E-01	3.31E-01	3.27E-01	3.27E-01	3.29E-01
311	3.36E-01	3.35E-01	3.33E-01	3.29E-01	3.27E-01	3.29E-01
311.25	3.31E-01	3.31E-01	3.31E-01	3.30E-01	3.28E-01	3.29E-01
311.5	3.29E-01	3.29E-01	3.30E-01	3.30E-01	3.28E-01	3.29E-01
311.75	3.27E-01	3.28E-01	3.28E-01	3.29E-01	3.28E-01	3.29E-01
312	3.26E-01	3.27E-01	3.28E-01	3.29E-01	3.29E-01	3.29E-01
312.25	3.24E-01	3.25E-01	3.26E-01	3.28E-01	3.29E-01	3.28E-01
312.5	3.23E-01	3.24E-01	3.25E-01	3.27E-01	3.28E-01	3.28E-01
312.75	3.22E-01	3.23E-01	3.24E-01	3.27E-01	3.28E-01	3.28E-01
313	3.21E-01	3.22E-01	3.23E-01	3.26E-01	3.28E-01	3.28E-01
313.25	3.22E-01	3.23E-01	3.23E-01	3.25E-01	3.28E-01	3.28E-01
313.5	3.23E-01	3.23E-01	3.24E-01	3.25E-01	3.27E-01	3.28E-01
313.75	3.23E-01	3.23E-01	3.24E-01	3.25E-01	3.27E-01	3.28E-01
314	3.23E-01	3.24E-01	3.24E-01	3.25E-01	3.27E-01	3.28E-01
314.25	3.29E-01	3.27E-01	3.26E-01	3.25E-01	3.27E-01	3.28E-01
314.5	3.31E-01	3.30E-01	3.29E-01	3.26E-01	3.27E-01	3.28E-01
314.75	3.33E-01	3.32E-01	3.31E-01	3.27E-01	3.27E-01	3.28E-01
315	3.34E-01	3.33E-01	3.32E-01	3.29E-01	3.27E-01	3.28E-01
315.25	3.29E-01	3.29E-01	3.30E-01	3.29E-01	3.27E-01	3.28E-01
315.5	3.26E-01	3.27E-01	3.28E-01	3.29E-01	3.28E-01	3.28E-01
315.75	3.24E-01	3.25E-01	3.26E-01	3.28E-01	3.28E-01	3.28E-01
316	3.23E-01	3.24E-01	3.25E-01	3.27E-01	3.28E-01	3.28E-01
316.25	3.26E-01	3.26E-01	3.26E-01	3.27E-01	3.28E-01	3.28E-01
316.5	3.28E-01	3.27E-01	3.27E-01	3.27E-01	3.28E-01	3.28E-01
316.75	3.29E-01	3.28E-01	3.28E-01	3.27E-01	3.27E-01	3.28E-01
317	3.29E-01	3.29E-01	3.28E-01	3.27E-01	3.27E-01	3.28E-01
317.25	3.27E-01	3.27E-01	3.28E-01	3.28E-01	3.27E-01	3.28E-01
317.5	3.26E-01	3.26E-01	3.27E-01	3.27E-01	3.27E-01	3.28E-01
317.75	3.25E-01	3.26E-01	3.26E-01	3.27E-01	3.27E-01	3.28E-01
318	3.25E-01	3.25E-01	3.26E-01	3.27E-01	3.27E-01	3.28E-01
318.25	3.23E-01	3.24E-01	3.25E-01	3.26E-01	3.27E-01	3.28E-01
318.5	3.22E-01	3.23E-01	3.24E-01	3.26E-01	3.27E-01	3.28E-01
318.75	3.21E-01	3.22E-01	3.23E-01	3.25E-01	3.27E-01	3.27E-01
319	3.20E-01	3.21E-01	3.22E-01	3.25E-01	3.27E-01	3.27E-01
319.25	3.19E-01	3.20E-01	3.21E-01	3.24E-01	3.27E-01	3.27E-01
319.5	3.19E-01	3.19E-01	3.20E-01	3.24E-01	3.26E-01	3.27E-01
319.75	3.18E-01	3.19E-01	3.20E-01	3.23E-01	3.26E-01	3.27E-01
320	3.17E-01	3.18E-01	3.19E-01	3.22E-01	3.26E-01	3.27E-01
320.25	3.17E-01	3.18E-01	3.19E-01	3.22E-01	3.25E-01	3.27E-01
320.5	3.16E-01	3.17E-01	3.18E-01	3.21E-01	3.25E-01	3.27E-01
320.75	3.16E-01	3.17E-01	3.18E-01	3.21E-01	3.25E-01	3.27E-01
321	3.15E-01	3.16E-01	3.17E-01	3.20E-01	3.24E-01	3.27E-01
321.25	3.37E-01	3.33E-01	3.28E-01	3.21E-01	3.24E-01	3.27E-01
321.5	3.47E-01	3.43E-01	3.38E-01	3.25E-01	3.24E-01	3.26E-01
321.75	3.53E-01	3.50E-01	3.46E-01	3.31E-01	3.24E-01	3.26E-01
322	3.58E-01	3.55E-01	3.51E-01	3.37E-01	3.25E-01	3.26E-01
322.25	3.98E-01	3.93E-01	3.86E-01	3.54E-01	3.28E-01	3.26E-01
322.5	4.10E-01	4.07E-01	4.02E-01	3.80E-01	3.35E-01	3.26E-01
322.75	4.16E-01	4.14E-01	4.11E-01	3.96E-01	3.53E-01	3.26E-01
323	4.20E-01	4.19E-01	4.17E-01	4.06E-01	3.73E-01	3.26E-01
323.25	3.95E-01	3.96E-01	3.97E-01	3.97E-01	3.82E-01	3.30E-01
323.5	3.87E-01	3.88E-01	3.88E-01	3.89E-01	3.81E-01	3.38E-01
323.75	3.82E-01	3.83E-01	3.83E-01	3.84E-01	3.80E-01	3.50E-01
324	3.78E-01	3.79E-01	3.80E-01	3.81E-01	3.78E-01	3.58E-01
324.25	3.72E-01	3.73E-01	3.74E-01	3.77E-01	3.76E-01	3.64E-01
324.5	3.68E-01	3.69E-01	3.70E-01	3.74E-01	3.75E-01	3.68E-01
324.75	3.65E-01	3.66E-01	3.67E-01	3.71E-01	3.73E-01	3.70E-01
325	3.62E-01	3.63E-01	3.65E-01	3.69E-01	3.72E-01	3.71E-01
325.25	3.63E-01	3.63E-01	3.64E-01	3.67E-01	3.70E-01	3.71E-01
325.5	3.62E-01	3.63E-01	3.63E-01	3.66E-01	3.69E-01	3.71E-01
325.75	3.61E-01	3.62E-01	3.63E-01	3.65E-01	3.69E-01	3.71E-01
326	3.60E-01	3.61E-01	3.62E-01	3.64E-01	3.68E-01	3.70E-01
326.25	3.59E-01	3.60E-01	3.61E-01	3.64E-01	3.67E-01	3.70E-01
326.5	3.58E-01	3.59E-01	3.60E-01	3.63E-01	3.66E-01	3.69E-01
326.75	3.58E-01	3.58E-01	3.59E-01	3.62E-01	3.66E-01	3.69E-01
327	3.57E-01	3.58E-01	3.58E-01	3.61E-01	3.65E-01	3.68E-01
327.25	3.53E-01	3.54E-01	3.56E-01	3.60E-01	3.64E-01	3.67E-01
327.5	3.51E-01	3.53E-01	3.54E-01	3.58E-01	3.63E-01	3.67E-01
327.75	3.50E-01	3.51E-01	3.52E-01	3.57E-01	3.62E-01	3.66E-01
328	3.48E-01	3.50E-01	3.51E-01	3.55E-01	3.61E-01	3.65E-01
328.25	3.47E-01	3.48E-01	3.50E-01	3.54E-01	3.60E-01	3.64E-01
328.5	3.46E-01	3.47E-01	3.49E-01	3.53E-01	3.59E-01	3.64E-01
328.75	3.45E-01	3.46E-01	3.48E-01	3.52E-01	3.58E-01	3.63E-01
329	3.44E-01	3.45E-01	3.47E-01	3.51E-01	3.57E-01	3.62E-01
329.25	3.43E-01	3.44E-01	3.46E-01	3.50E-01	3.56E-01	3.61E-01
329.5	3.42E-01	3.43E-01	3.45E-01	3.49E-01	3.55E-01	3.60E-01
329.75	3.41E-01	3.42E-01	3.44E-01	3.49E-01	3.54E-01	3.59E-01
330	3.40E-01	3.42E-01	3.43E-01	3.48E-01	3.53E-01	3.58E-01
330.25	3.51E-01	3.50E-01	3.48E-01	3.48E-01	3.53E-01	3.57E-01
330.5	3.55E-01	3.54E-01	3.53E-01	3.50E-01	3.52E-01	3.57E-01
330.75	3.58E-01	3.57E-01	3.56E-01	3.53E-01	3.52E-01	3.56E-01
331	3.60E-01	3.60E-01	3.58E-01	3.55E-01	3.53E-01	3.55E-01
331.25	3.52E-01	3.53E-01	3.54E-01	3.55E-01	3.54E-01	3.55E-01
331.5	3.49E-01	3.50E-01	3.51E-01	3.54E-01	3.54E-01	3.54E-01
331.75	3.47E-01	3.48E-01	3.49E-01	3.52E-01	3.54E-01	3.54E-01
332	3.45E-01	3.46E-01	3.47E-01	3.51E-01	3.53E-01	3.54E-01
332.25	3.52E-01	3.52E-01	3.51E-01	3.51E-01	3.53E-01	3.54E-01
332.5	3.55E-01	3.54E-01	3.54E-01	3.52E-01	3.52E-01	3.54E-01
332.75	3.57E-01	3.56E-01	3.55E-01	3.53E-01	3.53E-01	3.54E-01
333	3.58E-01	3.58E-01	3.57E-01	3.54E-01	3.53E-01	3.53E-01
333.25	3.51E-01	3.52E-01	3.53E-01	3.54E-01	3.53E-01	3.53E-01
333.5	3.48E-01	3.49E-01	3.50E-01	3.53E-01	3.54E-01	3.53E-01
333.75	3.46E-01	3.47E-01	3.48E-01	3.51E-01	3.53E-01	3.53E-01
334	3.44E-01	3.45E-01	3.47E-01	3.50E-01	3.53E-01	3.53E-01
334.25	3.43E-01	3.44E-01	3.45E-01	3.49E-01	3.52E-01	3.53E-01
334.5	3.41E-01	3.42E-01	3.44E-01	3.48E-01	3.51E-01	3.53E-01
334.75	3.40E-01	3.41E-01	3.43E-01	3.47E-01	3.51E-01	3.53E-01
335	3.39E-01	3.40E-01	3.42E-01	3.46E-01	3.50E-01	3.53E-01
335.25	3.38E-01	3.39E-01	3.40E-01	3.45E-01	3.49E-01	3.52E-01
335.5	3.37E-01	3.38E-01	3.39E-01	3.44E-01	3.49E-01	3.52E-01
335.75	3.36E-01	3.37E-01	3.38E-01	3.43E-01	3.48E-01	3.51E-01
336	3.35E-01	3.36E-01	3.38E-01	3.42E-01	3.47E-01	3.51E-01
336.25	3.35E-01	3.36E-01	3.37E-01	3.41E-01	3.47E-01	3.50E-01
336.5	3.34E-01	3.35E-01	3.36E-01	3.40E-01	3.46E-01	3.50E-01
336.75	3.34E-01	3.34E-01	3.36E-01	3.40E-01	3.45E-01	3.49E-01
337	3.33E-01	3.34E-01	3.35E-01	3.39E-01	3.44E-01	3.49E-01
337.25	3.32E-01	3.33E-01	3.34E-01	3.38E-01	3.44E-01	3.48E-01
337.5	3.32E-01	3.33E-01	3.34E-01	3.38E-01	3.43E-01	3.48E-01
337.75	3.31E-01	3.32E-01	3.33E-01	3.37E-01	3.43E-01	3.47E-01
338	3.31E-01	3.32E-01	3.33E-01	3.37E-01	3.42E-01	3.46E-01
338.25	3.30E-01	3.31E-01	3.32E-01	3.36E-01	3.41E-01	3.46E-01
338.5	3.30E-01	3.31E-01	3.32E-01	3.36E-01	3.41E-01	3.45E-01
338.75	3.29E-01	3.30E-01	3.31E-01	3.35E-01	3.40E-01	3.45E-01
339	3.29E-01	3.30E-01	3.31E-01	3.35E-01	3.39E-01	3.44E-01
339.25	3.28E-01	3.29E-01	3.30E-01	3.34E-01	3.39E-01	3.44E-01
339.5	3.28E-01	3.29E-01	3.30E-01	3.34E-01	3.38E-01	3.43E-01
339.75	3.27E-01	3.28E-01	3.29E-01	3.33E-01	3.38E-01	3.42E-01
340	3.27E-01	3.28E-01	3.29E-01	3.33E-01	3.38E-01	3.42E-01
340.25	3.26E-01	3.27E-01	3.28E-01	3.32E-01	3.37E-01	3.41E-01
340.5	3.26E-01	3.27E-01	3.28E-01	3.32E-01	3.37E-01	3.41E-01
340.75	3.25E-01	3.26E-01	3.27E-01	3.31E-01	3.36E-01	3.40E-01
341	3.25E-01	3.26E-01	3.27E-01	3.31E-01	3.36E-01	3.40E-01
341.25	3.24E-01	3.25E-01	3.26E-01	3.30E-01	3.35E-01	3.39E-01
341.5	3.24E-01	3.25E-01	3.26E-01	3.30E-01	3.35E-01	3.39E-01
341.75	3.23E-01	3.24E-01	3.25E-01	3.30E-01	3.34E-01	3.38E-01
342	3.23E-01	3.24E-01	3.25E-01	3.29E-01	3.34E-01	3.38E-01
342.25	3.22E-01	3.23E-01	3.24E-01	3.29E-01	3.34E-01	3.37E-01
342.5	3.22E-01	3.23E-01	3.24E-01	3.28E-01	3.33E-01	3.37E-01
342.75	3.21E-01	3.22E-01	3.24E-01	3.28E-01	3.33E-01	3.37E-01
343	3.21E-01	3.22E-01	3.23E-01	3.27E-01	3.32E-01	3.36E-01
343.25	3.21E-01	3.22E-01	3.23E-01	3.27E-01	3.32E-01	3.36E-01
343.5	3.20E-01	3.21E-01	3.22E-01	3.26E-01	3.31E-01	3.35E-01
343.75	3.20E-01	3.21E-01	3.22E-01	3.26E-01	3.31E-01	3.35E-01
344	3.20E-01	3.21E-01	3.22E-01	3.26E-01	3.31E-01	3.35E-01
344.25	3.19E-01	3.20E-01	3.21E-01	3.25E-01	3.30E-01	3.34E-01
344.5	3.19E-01	3.20E-01	3.21E-01	3.25E-01	3.30E-01	3.34E-01
344.75	3.19E-01	3.19E-01	3.20E-01	3.24E-01	3.29E-01	3.33E-01
345	3.18E-01	3.19E-01	3.20E-01	3.24E-01	3.29E-01	3.33E-01
345.25	3.18E-01	3.19E-01	3.20E-01	3.24E-01	3.29E-01	3.33E-01
345.5	3.17E-01	3.18E-01	3.19E-01	3.23E-01	3.28E-01	3.32E-01
345.75	3.17E-01	3.18E-01	3.19E-01	3.23E-01	3.28E-01	3.32E-01
346	3.17E-01	3.18E-01	3.19E-01	3.22E-01	3.27E-01	3.31E-01
346.25	3.16E-01	3.17E-01	3.18E-01	3.22E-01	3.27E-01	3.31E-01
346.5	3.16E-01	3.17E-01	3.18E-01	3.21E-01	3.27E-01	3.31E-01
346.75	3.16E-01	3.16E-01	3.18E-01	3.21E-01	3.26E-01	3.30E-01
347	3.15E-01	3.16E-01	3.17E-01	3.21E-01	3.26E-01	3.30E-01
347.25	3.15E-01	3.16E-01	3.17E-01	3.20E-01	3.25E-01	3.30E-01
347.5	3.15E-01	3.15E-01	3.17E-01	3.20E-01	3.25E-01	3.29E-01
347.75	3.14E-01	3.15E-01	3.16E-01	3.20E-01	3.25E-01	3.29E-01
348	3.14E-01	3.15E-01	3.16E-01	3.19E-01	3.24E-01	3.28E-01
348.25	3.14E-01	3.15E-01	3.16E-01	3.19E-01	3.24E-01	3.28E-01
348.5	3.13E-01	3.14E-01	3.15E-01	3.19E-01	3.24E-01	3.28E-01
348.75	3.13E-01	3.14E-01	3.15E-01	3.19E-01	3.23E-01	3.27E-01
349	3.13E-01	3.14E-01	3.15E-01	3.18E-01	3.23E-01	3.27E-01
349.25	3.12E-01	3.13E-01	3.14E-01	3.18E-01	3.22E-01	3.27E-01
349.5	3.12E-01	3.13E-01	3.14E-01	3.18E-01	3.22E-01	3.26E-01
349.75	3.12E-01	3.13E-01	3.14E-01	3.17E-01	3.22E-01	3.26E-01
350	3.11E-01	3.12E-01	3.13E-01	3.17E-01	3.21E-01	3.26E-01
350.25	3.15E-01	3.15E-01	3.15E-01	3.17E-01	3.21E-01	3.25E-01
350.5	3.17E-01	3.16E-01	3.16E-01	3.17E-01	3.21E-01	3.25E-01
350.75	3.18E-01	3.18E-01	3.17E-01	3.18E-01	3.21E-01	3.25E-01
351	3.19E-01	3.19E-01	3.18E-01	3.18E-01	3.20E-01	3.24E-01
351.25	3.59E-01	3.52E-01	3.43E-01	3.21E-01	3.20E-01	3.24E-01
351.5	3.74E-01	3.69E-01	3.62E-01	3.34E-01	3.21E-01	3.24E-01
351.75	3.82E-01	3.79E-01	3.73E-01	3.49E-01	3.23E-01	3.23E-01
352	3.88E-01	3.85E-01	3.81E-01	3.61E-01	3.29E-01	3.23E-01
352.25	3.66E-01	3.67E-01	3.67E-01	3.62E-01	3.37E-01	3.23E-01
352.5	3.58E-01	3.59E-01	3.60E-01	3.58E-01	3.42E-01	3.23E-01
352.75	3.53E-01	3.54E-01	3.55E-01	3.55E-01	3.44E-01	3.24E-01
353	3.50E-01	3.51E-01	3.51E-01	3.52E-01	3.44E-01	3.26E-01
353.25	3.46E-01	3.47E-01	3.48E-01	3.50E-01	3.44E-01	3.28E-01
353.5	3.44E-01	3.45E-01	3.46E-01	3.47E-01	3.44E-01	3.30E-01
353.75	3.41E-01	3.42E-01	3.43E-01	3.46E-01	3.43E-01	3.32E-01
354	3.39E-01	3.40E-01	3.41E-01	3.44E-01	3.43E-01	3.34E-01
354.25	3.38E-01	3.39E-01	3.40E-01	3.43E-01	3.42E-01	3.35E-01
354.5	3.36E-01	3.37E-01	3.38E-01	3.41E-01	3.42E-01	3.36E-01
354.75	3.35E-01	3.36E-01	3.37E-01	3.40E-01	3.41E-01	3.37E-01
355	3.34E-01	3.35E-01	3.36E-01	3.39E-01	3.40E-01	3.38E-01
355.25	3.33E-01	3.34E-01	3.35E-01	3.38E-01	3.40E-01	3.38E-01
355.5	3.32E-01	3.33E-01	3.34E-01	3.37E-01	3.39E-01	3.38E-01
355.75	3.31E-01	3.32E-01	3.33E-01	3.36E-01	3.39E-01	3.39E-01
356	3.30E-01	3.31E-01	3.32E-01	3.35E-01	3.38E-01	3.39E-01
356.25	3.44E-01	3.41E-01	3.39E-01	3.36E-01	3.38E-01	3.39E-01
356.5	3.50E-01	3.47E-01	3.45E-01	3.38E-01	3.38E-01	3.39E-01
356.75	3.53E-01	3.52E-01	3.49E-01	3.42E-01	3.38E-01	3.39E-01
357	3.56E-01	3.55E-01	3.52E-01	3.45E-01	3.39E-01	3.38E-01
357.25	3.46E-01	3.47E-01	3.47E-01	3.46E-01	3.40E-01	3.38E-01
357.5	3.42E-01	3.43E-01	3.44E-01	3.45E-01	3.41E-01	3.38E-01
357.75	3.39E-01	3.40E-01	3.41E-01	3.43E-01	3.42E-01	3.39E-01
358	3.37E-01	3.38E-01	3.39E-01	3.42E-01	3.42E-01	3.39E-01
358.25	3.63E-01	3.59E-01	3.54E-01	3.44E-01	3.41E-01	3.39E-01
358.5	3.72E-01	3.69E-01	3.65E-01	3.52E-01	3.42E-01	3.40E-01
358.75	3.78E-01	3.76E-01	3.72E-01	3.59E-01	3.45E-01	3.40E-01
359	3.83E-01	3.81E-01	3.78E-01	3.66E-01	3.49E-01	3.40E-01
359.25	3.65E-01	3.66E-01	3.67E-01	3.65E-01	3.53E-01	3.41E-01
359.5	3.59E-01	3.60E-01	3.61E-01	3.62E-01	3.55E-01	3.42E-01
359.75	3.55E-01	3.56E-01	3.57E-01	3.59E-01	3.55E-01	3.44E-01
360	3.52E-01	3.53E-01	3.54E-01	3.56E-01	3.55E-01	3.46E-01
360.25	3.49E-01	3.50E-01	3.51E-01	3.54E-01	3.54E-01	3.47E-01
360.5	3.47E-01	3.48E-01	3.49E-01	3.52E-01	3.53E-01	3.49E-01
360.75	3.45E-01	3.46E-01	3.47E-01	3.51E-01	3.52E-01	3.50E-01
361	3.43E-01	3.44E-01	3.46E-01	3.49E-01	3.52E-01	3.50E-01
361.25	3.46E-01	3.46E-01	3.47E-01	3.48E-01	3.51E-01	3.51E-01
361.5	3.47E-01	3.47E-01	3.47E-01	3.48E-01	3.50E-01	3.51E-01
361.75	3.47E-01	3.47E-01	3.48E-01	3.48E-01	3.50E-01	3.51E-01
362	3.48E-01	3.48E-01	3.48E-01	3.48E-01	3.50E-01	3.51E-01
362.25	3.56E-01	3.54E-01	3.53E-01	3.49E-01	3.49E-01	3.51E-01
362.5	3.60E-01	3.58E-01	3.57E-01	3.52E-01	3.50E-01	3.50E-01
362.75	3.62E-01	3.61E-01	3.60E-01	3.54E-01	3.51E-01	3.50E-01
363	3.64E-01	3.63E-01	3.62E-01	3.57E-01	3.52E-01	3.50E-01
363.25	3.55E-01	3.56E-01	3.57E-01	3.57E-01	3.53E-01	3.50E-01
363.5	3.52E-01	3.52E-01	3.53E-01	3.55E-01	3.53E-01	3.51E-01
363.75	3.49E-01	3.50E-01	3.51E-01	3.53E-01	3.53E-01	3.51E-01
364	3.47E-01	3.48E-01	3.49E-01	3.52E-01	3.53E-01	3.51E-01
364.25	3.45E-01	3.46E-01	3.47E-01	3.51E-01	3.52E-01	3.52E-01
364.5	3.44E-01	3.45E-01	3.46E-01	3.49E-01	3.52E-01	3.52E-01
364.75	3.42E-01	3.43E-01	3.45E-01	3.48E-01	3.51E-01	3.52E-01
365	3.41E-01	3.42E-01	3.44E-01	3.47E-01	3.50E-01	3.52E-01
