title = "dataset c2a"
variables = "time","a3", "a6", "a10", "a25", "a50", "a100"
zone t = "T_j, volume =   197", f=point
0.25	1.87E-03	1.87E-03	1.87E-03	1.87E-03	1.87E-03	1.87E-03
0.5	1.89E-03	1.89E-03	1.90E-03	1.89E-03	1.87E-03	1.87E-03
0.75	1.90E-03	1.91E-03	1.92E-03	1.92E-03	1.87E-03	1.87E-03
1	1.91E-03	1.92E-03	1.94E-03	1.93E-03	1.87E-03	1.87E-03
1.25	1.91E-03	1.93E-03	1.95E-03	1.95E-03	1.87E-03	1.87E-03
1.5	1.90E-03	1.92E-03	1.95E-03	1.96E-03	1.88E-03	1.87E-03
1.75	1.90E-03	1.93E-03	1.95E-03	1.97E-03	1.88E-03	1.87E-03
2	1.91E-03	1.93E-03	1.95E-03	1.97E-03	1.88E-03	1.87E-03
2.25	1.91E-03	1.93E-03	1.95E-03	1.98E-03	1.88E-03	1.87E-03
2.5	1.91E-03	1.93E-03	1.96E-03	1.98E-03	1.88E-03	1.87E-03
2.75	1.91E-03	1.93E-03	1.96E-03	1.98E-03	1.88E-03	1.87E-03
3	1.91E-03	1.93E-03	1.96E-03	1.99E-03	1.88E-03	1.87E-03
3.25	1.91E-03	1.94E-03	1.96E-03	1.99E-03	1.88E-03	1.86E-03
3.5	1.92E-03	1.94E-03	1.97E-03	1.99E-03	1.89E-03	1.86E-03
3.75	1.92E-03	1.95E-03	1.98E-03	2.00E-03	1.89E-03	1.86E-03
4	1.92E-03	1.95E-03	1.98E-03	2.01E-03	1.89E-03	1.86E-03
4.25	1.92E-03	1.95E-03	1.98E-03	2.01E-03	1.89E-03	1.85E-03
4.5	1.93E-03	1.96E-03	1.99E-03	2.02E-03	1.90E-03	1.85E-03
4.75	1.93E-03	1.96E-03	2.00E-03	2.03E-03	1.90E-03	1.85E-03
5	1.93E-03	1.97E-03	2.00E-03	2.04E-03	1.91E-03	1.85E-03
5.25	1.93E-03	1.97E-03	2.01E-03	2.04E-03	1.91E-03	1.85E-03
5.5	1.93E-03	1.97E-03	2.01E-03	2.05E-03	1.92E-03	1.84E-03
5.75	1.93E-03	1.97E-03	2.01E-03	2.05E-03	1.92E-03	1.84E-03
6	1.93E-03	1.97E-03	2.01E-03	2.06E-03	1.93E-03	1.84E-03
6.25	1.93E-03	1.97E-03	2.01E-03	2.06E-03	1.93E-03	1.85E-03
6.5	1.92E-03	1.96E-03	2.00E-03	2.06E-03	1.93E-03	1.85E-03
6.75	1.92E-03	1.95E-03	1.99E-03	2.06E-03	1.94E-03	1.85E-03
7	1.92E-03	1.95E-03	1.99E-03	2.05E-03	1.94E-03	1.85E-03
7.25	1.92E-03	1.95E-03	1.99E-03	2.05E-03	1.94E-03	1.85E-03
7.5	1.93E-03	1.97E-03	2.00E-03	2.05E-03	1.94E-03	1.85E-03
7.75	1.94E-03	1.97E-03	2.01E-03	2.05E-03	1.94E-03	1.85E-03
8	1.94E-03	1.98E-03	2.02E-03	2.06E-03	1.94E-03	1.85E-03
8.25	1.94E-03	1.98E-03	2.02E-03	2.07E-03	1.95E-03	1.85E-03
8.5	1.94E-03	1.99E-03	2.03E-03	2.08E-03	1.95E-03	1.85E-03
8.75	1.95E-03	1.99E-03	2.04E-03	2.09E-03	1.96E-03	1.86E-03
9	1.95E-03	2.00E-03	2.05E-03	2.10E-03	1.96E-03	1.86E-03
9.25	1.95E-03	2.00E-03	2.05E-03	2.11E-03	1.97E-03	1.86E-03
9.5	1.94E-03	1.98E-03	2.04E-03	2.11E-03	1.98E-03	1.86E-03
9.75	1.94E-03	1.98E-03	2.03E-03	2.11E-03	1.98E-03	1.87E-03
10	1.93E-03	1.98E-03	2.03E-03	2.11E-03	1.99E-03	1.87E-03
10.25	1.93E-03	1.98E-03	2.03E-03	2.11E-03	1.99E-03	1.87E-03
10.5	1.97E-03	2.02E-03	2.07E-03	2.12E-03	1.99E-03	1.88E-03
10.75	1.98E-03	2.04E-03	2.09E-03	2.14E-03	2.00E-03	1.88E-03
11	1.99E-03	2.05E-03	2.11E-03	2.17E-03	2.01E-03	1.89E-03
11.25	1.99E-03	2.05E-03	2.12E-03	2.19E-03	2.02E-03	1.89E-03
11.5	2.05E-03	2.12E-03	2.19E-03	2.24E-03	2.04E-03	1.90E-03
11.75	2.07E-03	2.14E-03	2.23E-03	2.31E-03	2.07E-03	1.90E-03
12	2.08E-03	2.15E-03	2.24E-03	2.37E-03	2.12E-03	1.91E-03
12.25	2.09E-03	2.16E-03	2.25E-03	2.41E-03	2.17E-03	1.93E-03
12.5	1.99E-03	2.08E-03	2.17E-03	2.38E-03	2.20E-03	1.95E-03
12.75	1.97E-03	2.05E-03	2.15E-03	2.35E-03	2.20E-03	1.99E-03
13	1.97E-03	2.04E-03	2.13E-03	2.33E-03	2.19E-03	2.01E-03
13.25	1.97E-03	2.03E-03	2.12E-03	2.31E-03	2.18E-03	2.03E-03
13.5	2.00E-03	2.07E-03	2.15E-03	2.31E-03	2.18E-03	2.04E-03
13.75	2.01E-03	2.09E-03	2.17E-03	2.32E-03	2.18E-03	2.05E-03
14	2.02E-03	2.09E-03	2.18E-03	2.34E-03	2.18E-03	2.05E-03
14.25	2.02E-03	2.10E-03	2.19E-03	2.35E-03	2.19E-03	2.06E-03
14.5	2.00E-03	2.09E-03	2.18E-03	2.36E-03	2.20E-03	2.06E-03
14.75	2.00E-03	2.09E-03	2.18E-03	2.36E-03	2.20E-03	2.06E-03
15	2.00E-03	2.09E-03	2.18E-03	2.36E-03	2.21E-03	2.07E-03
15.25	2.00E-03	2.09E-03	2.18E-03	2.36E-03	2.21E-03	2.07E-03
15.5	1.98E-03	2.07E-03	2.16E-03	2.36E-03	2.21E-03	2.07E-03
15.75	1.98E-03	2.06E-03	2.16E-03	2.35E-03	2.21E-03	2.08E-03
16	1.98E-03	2.06E-03	2.15E-03	2.34E-03	2.21E-03	2.08E-03
16.25	1.98E-03	2.06E-03	2.15E-03	2.33E-03	2.20E-03	2.08E-03
16.5	1.97E-03	2.05E-03	2.14E-03	2.32E-03	2.20E-03	2.08E-03
16.75	1.97E-03	2.04E-03	2.13E-03	2.31E-03	2.19E-03	2.07E-03
17	1.97E-03	2.04E-03	2.12E-03	2.30E-03	2.19E-03	2.07E-03
17.25	1.96E-03	2.03E-03	2.11E-03	2.29E-03	2.18E-03	2.07E-03
17.5	1.96E-03	2.03E-03	2.11E-03	2.28E-03	2.18E-03	2.06E-03
17.75	1.96E-03	2.03E-03	2.11E-03	2.28E-03	2.18E-03	2.06E-03
18	1.96E-03	2.03E-03	2.10E-03	2.27E-03	2.17E-03	2.06E-03
18.25	1.96E-03	2.02E-03	2.10E-03	2.26E-03	2.17E-03	2.06E-03
18.5	2.03E-03	2.11E-03	2.19E-03	2.29E-03	2.17E-03	2.05E-03
18.75	2.06E-03	2.14E-03	2.23E-03	2.34E-03	2.18E-03	2.05E-03
19	2.07E-03	2.15E-03	2.25E-03	2.39E-03	2.20E-03	2.05E-03
19.25	2.08E-03	2.16E-03	2.26E-03	2.43E-03	2.23E-03	2.05E-03
19.5	2.00E-03	2.09E-03	2.20E-03	2.42E-03	2.26E-03	2.06E-03
19.75	1.98E-03	2.07E-03	2.18E-03	2.40E-03	2.26E-03	2.07E-03
20	1.98E-03	2.06E-03	2.16E-03	2.38E-03	2.26E-03	2.09E-03
20.25	1.97E-03	2.05E-03	2.15E-03	2.36E-03	2.25E-03	2.09E-03
20.5	1.96E-03	2.04E-03	2.14E-03	2.35E-03	2.24E-03	2.10E-03
20.75	1.96E-03	2.04E-03	2.13E-03	2.34E-03	2.24E-03	2.10E-03
21	1.96E-03	2.03E-03	2.12E-03	2.32E-03	2.23E-03	2.10E-03
21.25	1.96E-03	2.03E-03	2.12E-03	2.31E-03	2.23E-03	2.10E-03
21.5	1.97E-03	2.05E-03	2.13E-03	2.31E-03	2.22E-03	2.10E-03
21.75	1.98E-03	2.05E-03	2.13E-03	2.31E-03	2.22E-03	2.10E-03
22	1.98E-03	2.05E-03	2.14E-03	2.31E-03	2.22E-03	2.10E-03
22.25	1.98E-03	2.06E-03	2.14E-03	2.31E-03	2.21E-03	2.09E-03
22.5	1.96E-03	2.03E-03	2.12E-03	2.30E-03	2.21E-03	2.09E-03
22.75	1.96E-03	2.03E-03	2.11E-03	2.29E-03	2.21E-03	2.09E-03
23	1.95E-03	2.02E-03	2.10E-03	2.28E-03	2.21E-03	2.09E-03
23.25	1.95E-03	2.02E-03	2.10E-03	2.27E-03	2.20E-03	2.09E-03
23.5	1.96E-03	2.03E-03	2.10E-03	2.26E-03	2.20E-03	2.09E-03
23.75	1.96E-03	2.03E-03	2.10E-03	2.26E-03	2.19E-03	2.09E-03
24	1.96E-03	2.03E-03	2.10E-03	2.26E-03	2.19E-03	2.08E-03
24.25	1.96E-03	2.03E-03	2.10E-03	2.26E-03	2.19E-03	2.08E-03
24.5	1.95E-03	2.01E-03	2.09E-03	2.25E-03	2.19E-03	2.08E-03
24.75	1.95E-03	2.01E-03	2.08E-03	2.24E-03	2.18E-03	2.08E-03
25	1.94E-03	2.00E-03	2.07E-03	2.24E-03	2.18E-03	2.08E-03
25.25	1.94E-03	2.00E-03	2.07E-03	2.23E-03	2.18E-03	2.08E-03
25.5	1.94E-03	2.00E-03	2.06E-03	2.22E-03	2.17E-03	2.08E-03
25.75	1.94E-03	1.99E-03	2.06E-03	2.21E-03	2.17E-03	2.08E-03
26	1.94E-03	1.99E-03	2.05E-03	2.20E-03	2.16E-03	2.08E-03
26.25	1.94E-03	1.99E-03	2.05E-03	2.19E-03	2.16E-03	2.07E-03
26.5	1.94E-03	1.99E-03	2.05E-03	2.19E-03	2.16E-03	2.07E-03
26.75	1.94E-03	2.00E-03	2.06E-03	2.19E-03	2.15E-03	2.07E-03
27	1.94E-03	2.00E-03	2.06E-03	2.18E-03	2.15E-03	2.07E-03
27.25	1.94E-03	2.00E-03	2.06E-03	2.18E-03	2.15E-03	2.07E-03
27.5	1.94E-03	2.00E-03	2.06E-03	2.18E-03	2.14E-03	2.07E-03
27.75	1.95E-03	2.00E-03	2.06E-03	2.18E-03	2.14E-03	2.07E-03
28	1.95E-03	2.00E-03	2.06E-03	2.18E-03	2.14E-03	2.07E-03
28.25	1.95E-03	2.00E-03	2.06E-03	2.18E-03	2.14E-03	2.07E-03
28.5	1.94E-03	1.99E-03	2.05E-03	2.18E-03	2.14E-03	2.07E-03
28.75	1.93E-03	1.98E-03	2.04E-03	2.17E-03	2.14E-03	2.07E-03
29	1.93E-03	1.98E-03	2.04E-03	2.17E-03	2.14E-03	2.07E-03
29.25	1.93E-03	1.98E-03	2.03E-03	2.16E-03	2.13E-03	2.07E-03
29.5	1.93E-03	1.97E-03	2.03E-03	2.15E-03	2.13E-03	2.07E-03
29.75	1.93E-03	1.97E-03	2.02E-03	2.14E-03	2.12E-03	2.07E-03
30	1.93E-03	1.97E-03	2.02E-03	2.14E-03	2.12E-03	2.07E-03
30.25	1.93E-03	1.97E-03	2.02E-03	2.13E-03	2.12E-03	2.07E-03
30.5	1.94E-03	1.98E-03	2.03E-03	2.13E-03	2.11E-03	2.07E-03
30.75	1.95E-03	1.99E-03	2.04E-03	2.13E-03	2.11E-03	2.07E-03
31	1.95E-03	1.99E-03	2.04E-03	2.14E-03	2.11E-03	2.07E-03
31.25	1.95E-03	2.00E-03	2.05E-03	2.14E-03	2.11E-03	2.06E-03
31.5	1.96E-03	2.01E-03	2.06E-03	2.15E-03	2.11E-03	2.06E-03
31.75	1.96E-03	2.01E-03	2.07E-03	2.16E-03	2.11E-03	2.06E-03
32	1.96E-03	2.02E-03	2.08E-03	2.17E-03	2.12E-03	2.06E-03
32.25	1.97E-03	2.02E-03	2.08E-03	2.18E-03	2.12E-03	2.06E-03
32.5	2.01E-03	2.07E-03	2.14E-03	2.21E-03	2.13E-03	2.06E-03
32.75	2.02E-03	2.09E-03	2.17E-03	2.25E-03	2.14E-03	2.07E-03
33	2.03E-03	2.11E-03	2.19E-03	2.30E-03	2.16E-03	2.07E-03
33.25	2.04E-03	2.12E-03	2.20E-03	2.33E-03	2.19E-03	2.07E-03
33.5	1.97E-03	2.05E-03	2.15E-03	2.33E-03	2.21E-03	2.08E-03
33.75	1.97E-03	2.04E-03	2.12E-03	2.31E-03	2.22E-03	2.09E-03
34	1.96E-03	2.03E-03	2.11E-03	2.29E-03	2.22E-03	2.11E-03
34.25	1.96E-03	2.02E-03	2.10E-03	2.27E-03	2.22E-03	2.12E-03
34.5	1.96E-03	2.01E-03	2.09E-03	2.26E-03	2.21E-03	2.13E-03
34.75	1.96E-03	2.01E-03	2.08E-03	2.24E-03	2.21E-03	2.14E-03
35	1.96E-03	2.01E-03	2.08E-03	2.23E-03	2.20E-03	2.14E-03
35.25	1.96E-03	2.01E-03	2.07E-03	2.22E-03	2.19E-03	2.15E-03
35.5	1.95E-03	2.00E-03	2.06E-03	2.21E-03	2.19E-03	2.15E-03
35.75	1.95E-03	2.00E-03	2.06E-03	2.20E-03	2.18E-03	2.15E-03
36	1.95E-03	1.99E-03	2.05E-03	2.19E-03	2.18E-03	2.15E-03
36.25	1.94E-03	1.99E-03	2.05E-03	2.18E-03	2.17E-03	2.15E-03
36.5	1.94E-03	1.99E-03	2.05E-03	2.18E-03	2.17E-03	2.15E-03
36.75	1.94E-03	1.99E-03	2.05E-03	2.17E-03	2.17E-03	2.14E-03
37	1.94E-03	1.99E-03	2.04E-03	2.17E-03	2.16E-03	2.14E-03
37.25	1.94E-03	1.99E-03	2.04E-03	2.17E-03	2.16E-03	2.14E-03
37.5	1.96E-03	2.02E-03	2.07E-03	2.17E-03	2.15E-03	2.14E-03
37.75	1.97E-03	2.03E-03	2.09E-03	2.19E-03	2.15E-03	2.13E-03
38	1.98E-03	2.04E-03	2.10E-03	2.21E-03	2.16E-03	2.13E-03
38.25	1.98E-03	2.04E-03	2.11E-03	2.22E-03	2.16E-03	2.13E-03
38.5	1.97E-03	2.04E-03	2.11E-03	2.23E-03	2.17E-03	2.13E-03
38.75	1.97E-03	2.04E-03	2.11E-03	2.24E-03	2.18E-03	2.13E-03
39	1.97E-03	2.04E-03	2.11E-03	2.24E-03	2.18E-03	2.13E-03
39.25	1.97E-03	2.04E-03	2.11E-03	2.25E-03	2.19E-03	2.13E-03
39.5	1.95E-03	2.02E-03	2.09E-03	2.25E-03	2.19E-03	2.13E-03
39.75	1.95E-03	2.01E-03	2.08E-03	2.24E-03	2.20E-03	2.14E-03
40	1.95E-03	2.00E-03	2.07E-03	2.23E-03	2.19E-03	2.14E-03
40.25	1.95E-03	2.00E-03	2.07E-03	2.22E-03	2.19E-03	2.14E-03
40.5	1.97E-03	2.03E-03	2.09E-03	2.22E-03	2.19E-03	2.15E-03
40.75	1.98E-03	2.04E-03	2.11E-03	2.23E-03	2.19E-03	2.15E-03
41	1.98E-03	2.05E-03	2.12E-03	2.25E-03	2.19E-03	2.15E-03
41.25	1.98E-03	2.05E-03	2.13E-03	2.26E-03	2.20E-03	2.15E-03
41.5	1.95E-03	2.02E-03	2.10E-03	2.26E-03	2.21E-03	2.15E-03
41.75	1.95E-03	2.01E-03	2.08E-03	2.25E-03	2.21E-03	2.15E-03
42	1.95E-03	2.00E-03	2.08E-03	2.24E-03	2.21E-03	2.16E-03
42.25	1.94E-03	2.00E-03	2.07E-03	2.23E-03	2.21E-03	2.16E-03
42.5	1.94E-03	1.99E-03	2.06E-03	2.22E-03	2.20E-03	2.16E-03
42.75	1.94E-03	1.99E-03	2.06E-03	2.21E-03	2.20E-03	2.16E-03
43	1.94E-03	1.99E-03	2.05E-03	2.20E-03	2.19E-03	2.16E-03
43.25	1.94E-03	1.99E-03	2.05E-03	2.19E-03	2.19E-03	2.16E-03
43.5	1.93E-03	1.98E-03	2.04E-03	2.18E-03	2.19E-03	2.16E-03
43.75	1.94E-03	1.98E-03	2.04E-03	2.18E-03	2.18E-03	2.16E-03
44	1.93E-03	1.98E-03	2.04E-03	2.17E-03	2.18E-03	2.16E-03
44.25	1.93E-03	1.98E-03	2.03E-03	2.16E-03	2.17E-03	2.16E-03
44.5	1.93E-03	1.97E-03	2.03E-03	2.16E-03	2.17E-03	2.16E-03
44.75	1.93E-03	1.97E-03	2.03E-03	2.15E-03	2.16E-03	2.16E-03
45	1.93E-03	1.97E-03	2.02E-03	2.15E-03	2.16E-03	2.15E-03
45.25	1.93E-03	1.97E-03	2.02E-03	2.14E-03	2.15E-03	2.15E-03
45.5	1.93E-03	1.97E-03	2.02E-03	2.14E-03	2.15E-03	2.15E-03
45.75	1.93E-03	1.97E-03	2.02E-03	2.13E-03	2.15E-03	2.15E-03
46	1.93E-03	1.97E-03	2.01E-03	2.13E-03	2.14E-03	2.14E-03
46.25	1.93E-03	1.96E-03	2.01E-03	2.12E-03	2.14E-03	2.14E-03
46.5	1.92E-03	1.96E-03	2.01E-03	2.12E-03	2.13E-03	2.14E-03
46.75	1.92E-03	1.96E-03	2.01E-03	2.12E-03	2.13E-03	2.13E-03
47	1.92E-03	1.96E-03	2.00E-03	2.11E-03	2.13E-03	2.13E-03
47.25	1.92E-03	1.96E-03	2.00E-03	2.11E-03	2.12E-03	2.13E-03
47.5	1.92E-03	1.96E-03	2.00E-03	2.11E-03	2.12E-03	2.12E-03
47.75	1.92E-03	1.96E-03	2.00E-03	2.10E-03	2.12E-03	2.12E-03
48	1.92E-03	1.96E-03	2.00E-03	2.10E-03	2.11E-03	2.12E-03
48.25	1.92E-03	1.95E-03	2.00E-03	2.10E-03	2.11E-03	2.11E-03
48.5	1.92E-03	1.95E-03	1.99E-03	2.09E-03	2.11E-03	2.11E-03
48.75	1.92E-03	1.95E-03	1.99E-03	2.09E-03	2.10E-03	2.11E-03
49	1.92E-03	1.95E-03	1.99E-03	2.09E-03	2.10E-03	2.11E-03
49.25	1.92E-03	1.95E-03	1.99E-03	2.08E-03	2.10E-03	2.10E-03
49.5	1.92E-03	1.95E-03	1.99E-03	2.08E-03	2.09E-03	2.10E-03
49.75	1.92E-03	1.95E-03	1.99E-03	2.08E-03	2.09E-03	2.10E-03
50	1.92E-03	1.95E-03	1.99E-03	2.08E-03	2.09E-03	2.09E-03
50.25	1.92E-03	1.95E-03	1.99E-03	2.07E-03	2.09E-03	2.09E-03
50.5	1.92E-03	1.95E-03	1.98E-03	2.07E-03	2.08E-03	2.09E-03
50.75	1.92E-03	1.95E-03	1.98E-03	2.07E-03	2.08E-03	2.09E-03
51	1.92E-03	1.95E-03	1.98E-03	2.06E-03	2.08E-03	2.08E-03
51.25	1.92E-03	1.95E-03	1.98E-03	2.06E-03	2.07E-03	2.08E-03
51.5	1.92E-03	1.94E-03	1.98E-03	2.06E-03	2.07E-03	2.08E-03
51.75	1.92E-03	1.94E-03	1.98E-03	2.06E-03	2.07E-03	2.08E-03
52	1.92E-03	1.94E-03	1.98E-03	2.05E-03	2.06E-03	2.07E-03
52.25	1.92E-03	1.94E-03	1.98E-03	2.05E-03	2.06E-03	2.07E-03
52.5	1.91E-03	1.94E-03	1.97E-03	2.05E-03	2.06E-03	2.07E-03
52.75	1.91E-03	1.94E-03	1.97E-03	2.05E-03	2.06E-03	2.07E-03
53	1.91E-03	1.94E-03	1.97E-03	2.05E-03	2.05E-03	2.06E-03
53.25	1.91E-03	1.94E-03	1.97E-03	2.04E-03	2.05E-03	2.06E-03
53.5	1.91E-03	1.94E-03	1.97E-03	2.04E-03	2.05E-03	2.06E-03
53.75	1.91E-03	1.94E-03	1.97E-03	2.04E-03	2.05E-03	2.06E-03
54	1.91E-03	1.94E-03	1.97E-03	2.04E-03	2.04E-03	2.05E-03
54.25	1.91E-03	1.94E-03	1.97E-03	2.04E-03	2.04E-03	2.05E-03
54.5	1.92E-03	1.95E-03	1.98E-03	2.04E-03	2.04E-03	2.05E-03
54.75	1.92E-03	1.95E-03	1.99E-03	2.05E-03	2.04E-03	2.05E-03
55	1.93E-03	1.96E-03	1.99E-03	2.05E-03	2.04E-03	2.04E-03
55.25	1.93E-03	1.96E-03	2.00E-03	2.06E-03	2.04E-03	2.04E-03
55.5	1.92E-03	1.95E-03	1.99E-03	2.06E-03	2.04E-03	2.04E-03
55.75	1.92E-03	1.95E-03	1.98E-03	2.06E-03	2.05E-03	2.04E-03
56	1.92E-03	1.95E-03	1.98E-03	2.06E-03	2.05E-03	2.03E-03
56.25	1.92E-03	1.94E-03	1.98E-03	2.06E-03	2.05E-03	2.03E-03
56.5	1.92E-03	1.96E-03	1.99E-03	2.06E-03	2.05E-03	2.03E-03
56.75	1.93E-03	1.96E-03	2.00E-03	2.06E-03	2.05E-03	2.03E-03
57	1.93E-03	1.97E-03	2.01E-03	2.07E-03	2.05E-03	2.03E-03
57.25	1.93E-03	1.97E-03	2.01E-03	2.08E-03	2.05E-03	2.03E-03
57.5	1.95E-03	1.99E-03	2.03E-03	2.09E-03	2.06E-03	2.03E-03
57.75	1.95E-03	2.00E-03	2.05E-03	2.11E-03	2.06E-03	2.03E-03
58	1.96E-03	2.01E-03	2.06E-03	2.13E-03	2.07E-03	2.03E-03
58.25	1.96E-03	2.02E-03	2.07E-03	2.15E-03	2.08E-03	2.04E-03
58.5	1.93E-03	1.98E-03	2.04E-03	2.15E-03	2.09E-03	2.04E-03
58.75	1.93E-03	1.97E-03	2.03E-03	2.14E-03	2.10E-03	2.04E-03
59	1.93E-03	1.97E-03	2.02E-03	2.13E-03	2.10E-03	2.05E-03
59.25	1.93E-03	1.96E-03	2.01E-03	2.12E-03	2.10E-03	2.05E-03
59.5	1.92E-03	1.96E-03	2.00E-03	2.11E-03	2.10E-03	2.06E-03
59.75	1.92E-03	1.96E-03	2.00E-03	2.10E-03	2.10E-03	2.06E-03
60	1.92E-03	1.96E-03	2.00E-03	2.10E-03	2.10E-03	2.07E-03
60.25	1.92E-03	1.95E-03	2.00E-03	2.09E-03	2.09E-03	2.07E-03
60.5	1.92E-03	1.95E-03	1.99E-03	2.09E-03	2.09E-03	2.08E-03
60.75	1.92E-03	1.95E-03	1.99E-03	2.08E-03	2.09E-03	2.08E-03
61	1.92E-03	1.95E-03	1.99E-03	2.08E-03	2.09E-03	2.08E-03
61.25	1.92E-03	1.95E-03	1.99E-03	2.07E-03	2.08E-03	2.08E-03
61.5	1.92E-03	1.95E-03	1.98E-03	2.07E-03	2.08E-03	2.08E-03
61.75	1.92E-03	1.95E-03	1.98E-03	2.07E-03	2.08E-03	2.08E-03
62	1.92E-03	1.95E-03	1.98E-03	2.06E-03	2.07E-03	2.08E-03
62.25	1.92E-03	1.95E-03	1.98E-03	2.06E-03	2.07E-03	2.08E-03
62.5	1.92E-03	1.94E-03	1.98E-03	2.06E-03	2.07E-03	2.08E-03
62.75	1.92E-03	1.94E-03	1.98E-03	2.05E-03	2.07E-03	2.08E-03
63	1.92E-03	1.94E-03	1.97E-03	2.05E-03	2.06E-03	2.08E-03
63.25	1.92E-03	1.94E-03	1.97E-03	2.05E-03	2.06E-03	2.08E-03
63.5	1.92E-03	1.94E-03	1.97E-03	2.05E-03	2.06E-03	2.08E-03
63.75	1.92E-03	1.94E-03	1.97E-03	2.04E-03	2.06E-03	2.07E-03
64	1.92E-03	1.94E-03	1.97E-03	2.04E-03	2.05E-03	2.07E-03
64.25	1.92E-03	1.94E-03	1.97E-03	2.04E-03	2.05E-03	2.07E-03
64.5	1.91E-03	1.94E-03	1.97E-03	2.04E-03	2.05E-03	2.07E-03
64.75	1.91E-03	1.94E-03	1.97E-03	2.04E-03	2.05E-03	2.06E-03
65	1.91E-03	1.93E-03	1.96E-03	2.03E-03	2.05E-03	2.06E-03
65.25	1.91E-03	1.93E-03	1.96E-03	2.03E-03	2.04E-03	2.06E-03
65.5	1.92E-03	1.95E-03	1.98E-03	2.04E-03	2.04E-03	2.06E-03
65.75	1.93E-03	1.96E-03	2.00E-03	2.05E-03	2.04E-03	2.05E-03
66	1.93E-03	1.97E-03	2.01E-03	2.06E-03	2.04E-03	2.05E-03
66.25	1.94E-03	1.98E-03	2.02E-03	2.08E-03	2.05E-03	2.05E-03
66.5	1.93E-03	1.96E-03	2.01E-03	2.09E-03	2.05E-03	2.05E-03
66.75	1.93E-03	1.96E-03	2.01E-03	2.09E-03	2.06E-03	2.04E-03
67	1.93E-03	1.96E-03	2.00E-03	2.09E-03	2.07E-03	2.04E-03
67.25	1.93E-03	1.96E-03	2.00E-03	2.09E-03	2.07E-03	2.04E-03
67.5	1.92E-03	1.95E-03	1.99E-03	2.09E-03	2.07E-03	2.04E-03
67.75	1.92E-03	1.95E-03	1.99E-03	2.08E-03	2.07E-03	2.04E-03
68	1.92E-03	1.95E-03	1.99E-03	2.07E-03	2.07E-03	2.05E-03
68.25	1.92E-03	1.95E-03	1.98E-03	2.07E-03	2.07E-03	2.05E-03
68.5	1.92E-03	1.96E-03	1.99E-03	2.06E-03	2.07E-03	2.05E-03
68.75	1.93E-03	1.96E-03	2.00E-03	2.07E-03	2.07E-03	2.05E-03
69	1.93E-03	1.96E-03	2.00E-03	2.07E-03	2.06E-03	2.05E-03
69.25	1.93E-03	1.96E-03	2.00E-03	2.08E-03	2.06E-03	2.05E-03
69.5	1.92E-03	1.95E-03	1.99E-03	2.08E-03	2.07E-03	2.06E-03
69.75	1.92E-03	1.95E-03	1.99E-03	2.07E-03	2.07E-03	2.06E-03
70	1.92E-03	1.95E-03	1.99E-03	2.07E-03	2.07E-03	2.06E-03
70.25	1.92E-03	1.95E-03	1.99E-03	2.07E-03	2.07E-03	2.06E-03
70.5	1.92E-03	1.95E-03	1.98E-03	2.07E-03	2.07E-03	2.06E-03
70.75	1.92E-03	1.95E-03	1.98E-03	2.06E-03	2.07E-03	2.06E-03
71	1.92E-03	1.94E-03	1.98E-03	2.06E-03	2.06E-03	2.06E-03
71.25	1.92E-03	1.94E-03	1.98E-03	2.05E-03	2.06E-03	2.06E-03
71.5	1.93E-03	1.96E-03	1.99E-03	2.05E-03	2.06E-03	2.06E-03
71.75	1.93E-03	1.97E-03	2.01E-03	2.07E-03	2.06E-03	2.06E-03
72	1.94E-03	1.97E-03	2.01E-03	2.08E-03	2.06E-03	2.06E-03
72.25	1.94E-03	1.98E-03	2.02E-03	2.09E-03	2.06E-03	2.06E-03
72.5	1.93E-03	1.97E-03	2.01E-03	2.09E-03	2.07E-03	2.06E-03
72.75	1.93E-03	1.97E-03	2.01E-03	2.09E-03	2.07E-03	2.06E-03
73	1.93E-03	1.97E-03	2.00E-03	2.09E-03	2.08E-03	2.06E-03
73.25	1.93E-03	1.97E-03	2.00E-03	2.09E-03	2.08E-03	2.06E-03
73.5	1.93E-03	1.96E-03	1.99E-03	2.08E-03	2.08E-03	2.06E-03
73.75	1.93E-03	1.96E-03	1.99E-03	2.08E-03	2.08E-03	2.06E-03
74	1.93E-03	1.96E-03	1.99E-03	2.07E-03	2.08E-03	2.06E-03
74.25	1.93E-03	1.95E-03	1.99E-03	2.07E-03	2.07E-03	2.07E-03
74.5	1.92E-03	1.95E-03	1.98E-03	2.06E-03	2.07E-03	2.07E-03
74.75	1.92E-03	1.95E-03	1.98E-03	2.06E-03	2.07E-03	2.07E-03
75	1.92E-03	1.95E-03	1.98E-03	2.05E-03	2.07E-03	2.07E-03
75.25	1.92E-03	1.95E-03	1.98E-03	2.05E-03	2.06E-03	2.07E-03
75.5	1.92E-03	1.94E-03	1.97E-03	2.04E-03	2.06E-03	2.07E-03
75.75	1.92E-03	1.94E-03	1.97E-03	2.04E-03	2.06E-03	2.07E-03
76	1.92E-03	1.94E-03	1.97E-03	2.04E-03	2.05E-03	2.07E-03
76.25	1.92E-03	1.94E-03	1.97E-03	2.04E-03	2.05E-03	2.07E-03
76.5	1.92E-03	1.94E-03	1.97E-03	2.03E-03	2.05E-03	2.06E-03
76.75	1.92E-03	1.94E-03	1.97E-03	2.03E-03	2.04E-03	2.06E-03
77	1.92E-03	1.94E-03	1.97E-03	2.03E-03	2.04E-03	2.06E-03
77.25	1.92E-03	1.94E-03	1.96E-03	2.03E-03	2.04E-03	2.06E-03
77.5	1.91E-03	1.93E-03	1.96E-03	2.02E-03	2.04E-03	2.05E-03
77.75	1.91E-03	1.93E-03	1.96E-03	2.02E-03	2.03E-03	2.05E-03
78	1.91E-03	1.93E-03	1.96E-03	2.02E-03	2.03E-03	2.05E-03
78.25	1.91E-03	1.93E-03	1.96E-03	2.02E-03	2.03E-03	2.05E-03
78.5	1.92E-03	1.94E-03	1.96E-03	2.02E-03	2.03E-03	2.04E-03
78.75	1.92E-03	1.94E-03	1.97E-03	2.02E-03	2.03E-03	2.04E-03
79	1.92E-03	1.95E-03	1.97E-03	2.02E-03	2.03E-03	2.04E-03
79.25	1.92E-03	1.95E-03	1.97E-03	2.03E-03	2.03E-03	2.03E-03
79.5	1.91E-03	1.94E-03	1.97E-03	2.03E-03	2.03E-03	2.03E-03
79.75	1.91E-03	1.94E-03	1.97E-03	2.03E-03	2.03E-03	2.03E-03
80	1.91E-03	1.94E-03	1.97E-03	2.03E-03	2.03E-03	2.03E-03
80.25	1.91E-03	1.94E-03	1.97E-03	2.03E-03	2.03E-03	2.03E-03
80.5	1.93E-03	1.96E-03	1.99E-03	2.03E-03	2.03E-03	2.02E-03
80.75	1.94E-03	1.97E-03	2.00E-03	2.05E-03	2.03E-03	2.02E-03
81	1.94E-03	1.98E-03	2.01E-03	2.06E-03	2.03E-03	2.02E-03
81.25	1.95E-03	1.98E-03	2.02E-03	2.07E-03	2.04E-03	2.02E-03
81.5	1.93E-03	1.96E-03	2.00E-03	2.08E-03	2.04E-03	2.02E-03
81.75	1.93E-03	1.96E-03	2.00E-03	2.08E-03	2.05E-03	2.02E-03
82	1.93E-03	1.96E-03	1.99E-03	2.07E-03	2.05E-03	2.02E-03
82.25	1.93E-03	1.96E-03	1.99E-03	2.07E-03	2.05E-03	2.02E-03
82.5	1.92E-03	1.95E-03	1.98E-03	2.06E-03	2.05E-03	2.02E-03
82.75	1.92E-03	1.95E-03	1.98E-03	2.05E-03	2.05E-03	2.03E-03
83	1.92E-03	1.94E-03	1.98E-03	2.05E-03	2.05E-03	2.03E-03
83.25	1.92E-03	1.94E-03	1.97E-03	2.04E-03	2.05E-03	2.03E-03
83.5	1.91E-03	1.93E-03	1.97E-03	2.04E-03	2.05E-03	2.03E-03
83.75	1.91E-03	1.93E-03	1.96E-03	2.04E-03	2.04E-03	2.04E-03
84	1.91E-03	1.93E-03	1.96E-03	2.03E-03	2.04E-03	2.04E-03
84.25	1.90E-03	1.93E-03	1.96E-03	2.03E-03	2.04E-03	2.04E-03
84.5	1.91E-03	1.94E-03	1.96E-03	2.03E-03	2.04E-03	2.04E-03
84.75	1.92E-03	1.94E-03	1.96E-03	2.03E-03	2.03E-03	2.04E-03
85	1.92E-03	1.94E-03	1.96E-03	2.02E-03	2.03E-03	2.04E-03
85.25	1.91E-03	1.94E-03	1.96E-03	2.02E-03	2.03E-03	2.04E-03
85.5	1.91E-03	1.93E-03	1.96E-03	2.02E-03	2.03E-03	2.04E-03
85.75	1.91E-03	1.93E-03	1.96E-03	2.02E-03	2.03E-03	2.04E-03
86	1.91E-03	1.93E-03	1.96E-03	2.02E-03	2.02E-03	2.03E-03
86.25	1.91E-03	1.93E-03	1.96E-03	2.01E-03	2.02E-03	2.03E-03
86.5	1.91E-03	1.93E-03	1.95E-03	2.01E-03	2.02E-03	2.03E-03
86.75	1.91E-03	1.93E-03	1.95E-03	2.01E-03	2.02E-03	2.03E-03
87	1.91E-03	1.93E-03	1.95E-03	2.01E-03	2.02E-03	2.03E-03
87.25	1.91E-03	1.93E-03	1.95E-03	2.01E-03	2.01E-03	2.03E-03
87.5	1.91E-03	1.93E-03	1.95E-03	2.00E-03	2.01E-03	2.02E-03
87.75	1.91E-03	1.93E-03	1.95E-03	2.00E-03	2.01E-03	2.02E-03
88	1.91E-03	1.93E-03	1.95E-03	2.00E-03	2.01E-03	2.02E-03
88.25	1.91E-03	1.93E-03	1.95E-03	2.00E-03	2.01E-03	2.02E-03
88.5	1.91E-03	1.93E-03	1.95E-03	2.00E-03	2.01E-03	2.02E-03
88.75	1.91E-03	1.93E-03	1.95E-03	2.00E-03	2.00E-03	2.01E-03
89	1.91E-03	1.93E-03	1.95E-03	1.99E-03	2.00E-03	2.01E-03
89.25	1.91E-03	1.93E-03	1.95E-03	1.99E-03	2.00E-03	2.01E-03
89.5	1.92E-03	1.93E-03	1.95E-03	1.99E-03	2.00E-03	2.01E-03
89.75	1.92E-03	1.93E-03	1.95E-03	1.99E-03	2.00E-03	2.01E-03
90	1.92E-03	1.93E-03	1.95E-03	1.99E-03	1.99E-03	2.00E-03
90.25	1.92E-03	1.93E-03	1.95E-03	1.99E-03	1.99E-03	2.00E-03
90.5	1.91E-03	1.93E-03	1.94E-03	1.98E-03	1.99E-03	2.00E-03
90.75	1.91E-03	1.93E-03	1.94E-03	1.98E-03	1.99E-03	2.00E-03
91	1.91E-03	1.93E-03	1.94E-03	1.98E-03	1.98E-03	1.99E-03
91.25	1.91E-03	1.93E-03	1.94E-03	1.98E-03	1.98E-03	1.99E-03
91.5	1.91E-03	1.92E-03	1.94E-03	1.98E-03	1.98E-03	1.99E-03
91.75	1.91E-03	1.93E-03	1.94E-03	1.98E-03	1.98E-03	1.99E-03
92	1.91E-03	1.93E-03	1.94E-03	1.97E-03	1.98E-03	1.98E-03
92.25	1.91E-03	1.92E-03	1.94E-03	1.97E-03	1.97E-03	1.98E-03
92.5	1.91E-03	1.92E-03	1.93E-03	1.97E-03	1.97E-03	1.98E-03
92.75	1.91E-03	1.92E-03	1.93E-03	1.97E-03	1.97E-03	1.98E-03
93	1.91E-03	1.92E-03	1.93E-03	1.97E-03	1.97E-03	1.98E-03
93.25	1.91E-03	1.92E-03	1.93E-03	1.97E-03	1.97E-03	1.97E-03
93.5	1.91E-03	1.92E-03	1.93E-03	1.96E-03	1.96E-03	1.97E-03
93.75	1.91E-03	1.92E-03	1.94E-03	1.97E-03	1.96E-03	1.97E-03
94	1.91E-03	1.92E-03	1.94E-03	1.97E-03	1.96E-03	1.97E-03
94.25	1.91E-03	1.92E-03	1.94E-03	1.97E-03	1.96E-03	1.96E-03
94.5	1.90E-03	1.91E-03	1.93E-03	1.97E-03	1.96E-03	1.96E-03
94.75	1.90E-03	1.91E-03	1.93E-03	1.97E-03	1.96E-03	1.96E-03
95	1.90E-03	1.91E-03	1.93E-03	1.97E-03	1.96E-03	1.96E-03
95.25	1.90E-03	1.91E-03	1.93E-03	1.97E-03	1.96E-03	1.96E-03
95.5	1.94E-03	1.96E-03	1.98E-03	1.98E-03	1.96E-03	1.95E-03
95.75	1.95E-03	1.99E-03	2.01E-03	2.01E-03	1.96E-03	1.95E-03
96	1.96E-03	2.00E-03	2.04E-03	2.05E-03	1.97E-03	1.95E-03
96.25	1.97E-03	2.02E-03	2.06E-03	2.08E-03	1.99E-03	1.95E-03
96.5	1.92E-03	1.96E-03	2.01E-03	2.09E-03	2.01E-03	1.95E-03
96.75	1.92E-03	1.95E-03	1.99E-03	2.08E-03	2.02E-03	1.95E-03
97	1.92E-03	1.95E-03	1.98E-03	2.06E-03	2.03E-03	1.96E-03
97.25	1.92E-03	1.94E-03	1.98E-03	2.05E-03	2.03E-03	1.96E-03
97.5	1.93E-03	1.96E-03	1.99E-03	2.05E-03	2.03E-03	1.97E-03
97.75	1.93E-03	1.97E-03	2.00E-03	2.06E-03	2.03E-03	1.97E-03
98	1.94E-03	1.97E-03	2.01E-03	2.06E-03	2.03E-03	1.98E-03
98.25	1.94E-03	1.98E-03	2.01E-03	2.07E-03	2.04E-03	1.99E-03
98.5	1.93E-03	1.96E-03	2.00E-03	2.08E-03	2.04E-03	1.99E-03
98.75	1.93E-03	1.96E-03	1.99E-03	2.07E-03	2.04E-03	2.00E-03
99	1.93E-03	1.96E-03	1.99E-03	2.07E-03	2.05E-03	2.01E-03
99.25	1.93E-03	1.96E-03	1.99E-03	2.06E-03	2.05E-03	2.01E-03
99.5	1.92E-03	1.95E-03	1.98E-03	2.06E-03	2.05E-03	2.02E-03
99.75	1.92E-03	1.95E-03	1.98E-03	2.05E-03	2.05E-03	2.02E-03
100	1.92E-03	1.94E-03	1.97E-03	2.04E-03	2.05E-03	2.03E-03
100.25	1.92E-03	1.94E-03	1.97E-03	2.04E-03	2.05E-03	2.03E-03
100.5	1.91E-03	1.94E-03	1.96E-03	2.03E-03	2.04E-03	2.04E-03
100.75	1.91E-03	1.94E-03	1.96E-03	2.03E-03	2.04E-03	2.04E-03
101	1.91E-03	1.93E-03	1.96E-03	2.03E-03	2.04E-03	2.04E-03
101.25	1.91E-03	1.93E-03	1.96E-03	2.02E-03	2.04E-03	2.04E-03
101.5	1.91E-03	1.93E-03	1.96E-03	2.02E-03	2.03E-03	2.05E-03
101.75	1.91E-03	1.93E-03	1.96E-03	2.02E-03	2.03E-03	2.05E-03
102	1.91E-03	1.93E-03	1.96E-03	2.02E-03	2.03E-03	2.05E-03
102.25	1.91E-03	1.93E-03	1.96E-03	2.02E-03	2.03E-03	2.05E-03
102.5	1.92E-03	1.93E-03	1.95E-03	2.01E-03	2.03E-03	2.05E-03
102.75	1.92E-03	1.94E-03	1.96E-03	2.01E-03	2.03E-03	2.05E-03
103	1.92E-03	1.94E-03	1.96E-03	2.01E-03	2.02E-03	2.04E-03
103.25	1.92E-03	1.93E-03	1.95E-03	2.01E-03	2.02E-03	2.04E-03
103.5	1.91E-03	1.93E-03	1.95E-03	2.00E-03	2.02E-03	2.04E-03
103.75	1.91E-03	1.93E-03	1.95E-03	2.00E-03	2.02E-03	2.04E-03
104	1.91E-03	1.93E-03	1.95E-03	2.00E-03	2.02E-03	2.04E-03
104.25	1.91E-03	1.93E-03	1.95E-03	2.00E-03	2.01E-03	2.04E-03
104.5	1.91E-03	1.93E-03	1.95E-03	2.00E-03	2.01E-03	2.03E-03
104.75	1.91E-03	1.93E-03	1.95E-03	2.00E-03	2.01E-03	2.03E-03
105	1.91E-03	1.93E-03	1.95E-03	2.00E-03	2.01E-03	2.03E-03
105.25	1.91E-03	1.93E-03	1.95E-03	1.99E-03	2.01E-03	2.03E-03
105.5	1.91E-03	1.93E-03	1.95E-03	1.99E-03	2.00E-03	2.02E-03
105.75	1.92E-03	1.93E-03	1.95E-03	1.99E-03	2.00E-03	2.02E-03
106	1.92E-03	1.93E-03	1.95E-03	1.99E-03	2.00E-03	2.02E-03
106.25	1.91E-03	1.93E-03	1.95E-03	1.99E-03	2.00E-03	2.02E-03
106.5	1.92E-03	1.93E-03	1.94E-03	1.98E-03	2.00E-03	2.01E-03
106.75	1.92E-03	1.93E-03	1.94E-03	1.98E-03	1.99E-03	2.01E-03
107	1.92E-03	1.93E-03	1.94E-03	1.98E-03	1.99E-03	2.01E-03
107.25	1.91E-03	1.93E-03	1.94E-03	1.98E-03	1.99E-03	2.01E-03
107.5	1.91E-03	1.92E-03	1.94E-03	1.98E-03	1.99E-03	2.00E-03
107.75	1.91E-03	1.92E-03	1.94E-03	1.97E-03	1.98E-03	2.00E-03
108	1.91E-03	1.92E-03	1.94E-03	1.97E-03	1.98E-03	2.00E-03
108.25	1.91E-03	1.92E-03	1.94E-03	1.97E-03	1.98E-03	1.99E-03
108.5	1.90E-03	1.92E-03	1.93E-03	1.97E-03	1.98E-03	1.99E-03
108.75	1.90E-03	1.92E-03	1.93E-03	1.97E-03	1.98E-03	1.99E-03
109	1.90E-03	1.92E-03	1.93E-03	1.97E-03	1.97E-03	1.99E-03
109.25	1.90E-03	1.92E-03	1.93E-03	1.96E-03	1.97E-03	1.98E-03
109.5	1.90E-03	1.92E-03	1.93E-03	1.96E-03	1.97E-03	1.98E-03
109.75	1.90E-03	1.92E-03	1.93E-03	1.96E-03	1.97E-03	1.98E-03
110	1.90E-03	1.92E-03	1.93E-03	1.96E-03	1.97E-03	1.97E-03
110.25	1.90E-03	1.92E-03	1.93E-03	1.96E-03	1.96E-03	1.97E-03
110.5	1.91E-03	1.92E-03	1.93E-03	1.96E-03	1.96E-03	1.97E-03
110.75	1.91E-03	1.92E-03	1.93E-03	1.96E-03	1.96E-03	1.97E-03
111	1.91E-03	1.92E-03	1.93E-03	1.96E-03	1.96E-03	1.96E-03
111.25	1.90E-03	1.92E-03	1.93E-03	1.96E-03	1.96E-03	1.96E-03
111.5	1.90E-03	1.91E-03	1.92E-03	1.95E-03	1.96E-03	1.96E-03
111.75	1.90E-03	1.91E-03	1.92E-03	1.95E-03	1.95E-03	1.96E-03
112	1.90E-03	1.91E-03	1.92E-03	1.95E-03	1.95E-03	1.96E-03
112.25	1.90E-03	1.91E-03	1.92E-03	1.95E-03	1.95E-03	1.95E-03
112.5	1.90E-03	1.92E-03	1.93E-03	1.95E-03	1.95E-03	1.95E-03
112.75	1.91E-03	1.92E-03	1.93E-03	1.96E-03	1.95E-03	1.95E-03
113	1.91E-03	1.92E-03	1.94E-03	1.96E-03	1.95E-03	1.95E-03
113.25	1.91E-03	1.92E-03	1.94E-03	1.97E-03	1.95E-03	1.95E-03
113.5	1.91E-03	1.92E-03	1.94E-03	1.97E-03	1.95E-03	1.94E-03
113.75	1.91E-03	1.92E-03	1.94E-03	1.97E-03	1.95E-03	1.94E-03
114	1.91E-03	1.92E-03	1.94E-03	1.96E-03	1.95E-03	1.94E-03
114.25	1.91E-03	1.92E-03	1.93E-03	1.96E-03	1.95E-03	1.94E-03
114.5	1.90E-03	1.91E-03	1.93E-03	1.96E-03	1.95E-03	1.94E-03
114.75	1.90E-03	1.91E-03	1.93E-03	1.96E-03	1.95E-03	1.94E-03
115	1.90E-03	1.91E-03	1.93E-03	1.95E-03	1.95E-03	1.94E-03
115.25	1.90E-03	1.91E-03	1.93E-03	1.95E-03	1.95E-03	1.94E-03
115.5	1.91E-03	1.92E-03	1.93E-03	1.95E-03	1.95E-03	1.94E-03
115.75	1.91E-03	1.92E-03	1.93E-03	1.95E-03	1.95E-03	1.94E-03
116	1.91E-03	1.92E-03	1.93E-03	1.95E-03	1.94E-03	1.94E-03
116.25	1.91E-03	1.92E-03	1.93E-03	1.95E-03	1.94E-03	1.94E-03
116.5	1.91E-03	1.91E-03	1.92E-03	1.95E-03	1.94E-03	1.94E-03
116.75	1.91E-03	1.92E-03	1.92E-03	1.95E-03	1.94E-03	1.94E-03
117	1.91E-03	1.91E-03	1.92E-03	1.95E-03	1.94E-03	1.94E-03
117.25	1.91E-03	1.91E-03	1.92E-03	1.94E-03	1.94E-03	1.94E-03
117.5	1.90E-03	1.91E-03	1.92E-03	1.94E-03	1.94E-03	1.93E-03
117.75	1.90E-03	1.91E-03	1.92E-03	1.94E-03	1.94E-03	1.93E-03
118	1.90E-03	1.91E-03	1.92E-03	1.94E-03	1.93E-03	1.93E-03
118.25	1.90E-03	1.91E-03	1.92E-03	1.94E-03	1.93E-03	1.93E-03
118.5	1.90E-03	1.91E-03	1.91E-03	1.94E-03	1.93E-03	1.93E-03
118.75	1.90E-03	1.91E-03	1.92E-03	1.94E-03	1.93E-03	1.93E-03
119	1.90E-03	1.91E-03	1.92E-03	1.93E-03	1.93E-03	1.93E-03
119.25	1.90E-03	1.91E-03	1.92E-03	1.93E-03	1.93E-03	1.93E-03
119.5	1.90E-03	1.90E-03	1.91E-03	1.93E-03	1.93E-03	1.93E-03
119.75	1.90E-03	1.91E-03	1.91E-03	1.93E-03	1.93E-03	1.92E-03
120	1.90E-03	1.90E-03	1.91E-03	1.93E-03	1.93E-03	1.92E-03
120.25	1.90E-03	1.90E-03	1.91E-03	1.93E-03	1.92E-03	1.92E-03
120.5	1.89E-03	1.90E-03	1.91E-03	1.93E-03	1.92E-03	1.92E-03
120.75	1.89E-03	1.90E-03	1.91E-03	1.93E-03	1.92E-03	1.92E-03
121	1.89E-03	1.90E-03	1.91E-03	1.93E-03	1.92E-03	1.92E-03
121.25	1.89E-03	1.90E-03	1.91E-03	1.93E-03	1.92E-03	1.92E-03
121.5	1.90E-03	1.90E-03	1.91E-03	1.93E-03	1.92E-03	1.92E-03
121.75	1.90E-03	1.90E-03	1.91E-03	1.93E-03	1.92E-03	1.92E-03
122	1.90E-03	1.90E-03	1.91E-03	1.93E-03	1.92E-03	1.91E-03
122.25	1.90E-03	1.90E-03	1.91E-03	1.93E-03	1.92E-03	1.91E-03
122.5	1.90E-03	1.90E-03	1.91E-03	1.93E-03	1.92E-03	1.91E-03
122.75	1.90E-03	1.90E-03	1.91E-03	1.93E-03	1.92E-03	1.91E-03
123	1.90E-03	1.90E-03	1.91E-03	1.93E-03	1.92E-03	1.91E-03
123.25	1.90E-03	1.90E-03	1.91E-03	1.93E-03	1.92E-03	1.91E-03
123.5	1.90E-03	1.90E-03	1.91E-03	1.92E-03	1.92E-03	1.91E-03
123.75	1.90E-03	1.90E-03	1.91E-03	1.93E-03	1.92E-03	1.91E-03
124	1.90E-03	1.90E-03	1.91E-03	1.92E-03	1.92E-03	1.91E-03
124.25	1.90E-03	1.90E-03	1.91E-03	1.92E-03	1.92E-03	1.91E-03
124.5	1.89E-03	1.90E-03	1.91E-03	1.92E-03	1.91E-03	1.91E-03
124.75	1.89E-03	1.90E-03	1.91E-03	1.92E-03	1.91E-03	1.91E-03
125	1.89E-03	1.90E-03	1.91E-03	1.92E-03	1.91E-03	1.91E-03
125.25	1.89E-03	1.90E-03	1.91E-03	1.92E-03	1.91E-03	1.91E-03
125.5	1.89E-03	1.90E-03	1.91E-03	1.92E-03	1.91E-03	1.91E-03
125.75	1.89E-03	1.90E-03	1.91E-03	1.92E-03	1.91E-03	1.90E-03
126	1.89E-03	1.90E-03	1.91E-03	1.92E-03	1.91E-03	1.90E-03
126.25	1.89E-03	1.90E-03	1.91E-03	1.92E-03	1.91E-03	1.90E-03
126.5	1.89E-03	1.90E-03	1.91E-03	1.92E-03	1.91E-03	1.90E-03
126.75	1.89E-03	1.90E-03	1.91E-03	1.92E-03	1.91E-03	1.90E-03
127	1.89E-03	1.90E-03	1.91E-03	1.92E-03	1.91E-03	1.90E-03
127.25	1.89E-03	1.90E-03	1.91E-03	1.92E-03	1.91E-03	1.90E-03
127.5	1.92E-03	1.94E-03	1.94E-03	1.93E-03	1.91E-03	1.90E-03
127.75	1.94E-03	1.97E-03	1.98E-03	1.96E-03	1.91E-03	1.90E-03
128	1.96E-03	1.99E-03	2.02E-03	2.00E-03	1.93E-03	1.90E-03
128.25	1.97E-03	2.01E-03	2.05E-03	2.04E-03	1.94E-03	1.90E-03
128.5	1.92E-03	1.95E-03	1.99E-03	2.05E-03	1.96E-03	1.91E-03
128.75	1.92E-03	1.94E-03	1.97E-03	2.03E-03	1.98E-03	1.91E-03
129	1.91E-03	1.93E-03	1.96E-03	2.02E-03	1.98E-03	1.92E-03
129.25	1.91E-03	1.93E-03	1.95E-03	2.01E-03	1.99E-03	1.93E-03
129.5	1.91E-03	1.93E-03	1.95E-03	2.00E-03	1.98E-03	1.93E-03
129.75	1.91E-03	1.93E-03	1.94E-03	1.99E-03	1.98E-03	1.94E-03
130	1.91E-03	1.93E-03	1.94E-03	1.98E-03	1.98E-03	1.95E-03
130.25	1.91E-03	1.92E-03	1.94E-03	1.98E-03	1.98E-03	1.95E-03
130.5	1.91E-03	1.92E-03	1.94E-03	1.98E-03	1.98E-03	1.96E-03
130.75	1.91E-03	1.92E-03	1.94E-03	1.97E-03	1.98E-03	1.96E-03
131	1.91E-03	1.92E-03	1.94E-03	1.97E-03	1.97E-03	1.96E-03
131.25	1.91E-03	1.92E-03	1.94E-03	1.97E-03	1.97E-03	1.97E-03
131.5	1.90E-03	1.91E-03	1.93E-03	1.96E-03	1.97E-03	1.97E-03
131.75	1.90E-03	1.91E-03	1.93E-03	1.96E-03	1.97E-03	1.97E-03
132	1.90E-03	1.91E-03	1.93E-03	1.96E-03	1.97E-03	1.97E-03
132.25	1.90E-03	1.91E-03	1.93E-03	1.96E-03	1.97E-03	1.97E-03
132.5	1.91E-03	1.92E-03	1.93E-03	1.96E-03	1.96E-03	1.97E-03
132.75	1.91E-03	1.92E-03	1.93E-03	1.96E-03	1.96E-03	1.97E-03
133	1.91E-03	1.92E-03	1.93E-03	1.96E-03	1.96E-03	1.97E-03
133.25	1.91E-03	1.92E-03	1.93E-03	1.96E-03	1.96E-03	1.97E-03
133.5	1.90E-03	1.91E-03	1.92E-03	1.95E-03	1.96E-03	1.97E-03
133.75	1.90E-03	1.91E-03	1.92E-03	1.95E-03	1.96E-03	1.97E-03
134	1.90E-03	1.91E-03	1.92E-03	1.95E-03	1.96E-03	1.97E-03
134.25	1.90E-03	1.91E-03	1.92E-03	1.95E-03	1.96E-03	1.97E-03
134.5	1.90E-03	1.91E-03	1.92E-03	1.95E-03	1.95E-03	1.96E-03
134.75	1.91E-03	1.91E-03	1.92E-03	1.95E-03	1.95E-03	1.96E-03
135	1.91E-03	1.91E-03	1.92E-03	1.95E-03	1.95E-03	1.96E-03
135.25	1.90E-03	1.91E-03	1.92E-03	1.95E-03	1.95E-03	1.96E-03
135.5	1.91E-03	1.91E-03	1.92E-03	1.95E-03	1.95E-03	1.96E-03
135.75	1.91E-03	1.92E-03	1.92E-03	1.95E-03	1.95E-03	1.96E-03
136	1.91E-03	1.91E-03	1.92E-03	1.95E-03	1.95E-03	1.96E-03
136.25	1.91E-03	1.91E-03	1.92E-03	1.95E-03	1.95E-03	1.95E-03
136.5	1.90E-03	1.91E-03	1.92E-03	1.94E-03	1.95E-03	1.95E-03
136.75	1.91E-03	1.91E-03	1.92E-03	1.94E-03	1.94E-03	1.95E-03
137	1.91E-03	1.91E-03	1.92E-03	1.94E-03	1.94E-03	1.95E-03
137.25	1.91E-03	1.91E-03	1.92E-03	1.94E-03	1.94E-03	1.95E-03
137.5	1.90E-03	1.91E-03	1.92E-03	1.94E-03	1.94E-03	1.95E-03
137.75	1.91E-03	1.91E-03	1.92E-03	1.94E-03	1.94E-03	1.95E-03
138	1.91E-03	1.91E-03	1.92E-03	1.94E-03	1.94E-03	1.95E-03
138.25	1.91E-03	1.91E-03	1.92E-03	1.94E-03	1.94E-03	1.94E-03
138.5	1.90E-03	1.91E-03	1.91E-03	1.93E-03	1.94E-03	1.94E-03
138.75	1.90E-03	1.91E-03	1.91E-03	1.93E-03	1.93E-03	1.94E-03
139	1.90E-03	1.91E-03	1.91E-03	1.93E-03	1.93E-03	1.94E-03
139.25	1.90E-03	1.91E-03	1.91E-03	1.93E-03	1.93E-03	1.94E-03
139.5	1.90E-03	1.91E-03	1.91E-03	1.93E-03	1.93E-03	1.94E-03
139.75	1.90E-03	1.91E-03	1.91E-03	1.93E-03	1.93E-03	1.94E-03
140	1.90E-03	1.91E-03	1.91E-03	1.93E-03	1.93E-03	1.93E-03
140.25	1.90E-03	1.91E-03	1.91E-03	1.93E-03	1.93E-03	1.93E-03
140.5	1.89E-03	1.90E-03	1.91E-03	1.92E-03	1.93E-03	1.93E-03
140.75	1.90E-03	1.90E-03	1.91E-03	1.92E-03	1.92E-03	1.93E-03
141	1.90E-03	1.90E-03	1.91E-03	1.92E-03	1.92E-03	1.93E-03
141.25	1.90E-03	1.90E-03	1.91E-03	1.92E-03	1.92E-03	1.93E-03
141.5	1.89E-03	1.90E-03	1.90E-03	1.92E-03	1.92E-03	1.92E-03
141.75	1.89E-03	1.90E-03	1.90E-03	1.92E-03	1.92E-03	1.92E-03
142	1.89E-03	1.90E-03	1.90E-03	1.92E-03	1.92E-03	1.92E-03
142.25	1.89E-03	1.90E-03	1.90E-03	1.92E-03	1.92E-03	1.92E-03
142.5	1.88E-03	1.88E-03	1.89E-03	1.91E-03	1.92E-03	1.92E-03
142.75	1.88E-03	1.89E-03	1.89E-03	1.91E-03	1.91E-03	1.92E-03
143	1.88E-03	1.89E-03	1.89E-03	1.91E-03	1.91E-03	1.92E-03
143.25	1.88E-03	1.89E-03	1.89E-03	1.91E-03	1.91E-03	1.91E-03
143.5	1.90E-03	1.90E-03	1.91E-03	1.91E-03	1.91E-03	1.91E-03
143.75	1.90E-03	1.90E-03	1.91E-03	1.92E-03	1.91E-03	1.91E-03
144	1.90E-03	1.90E-03	1.91E-03	1.92E-03	1.91E-03	1.91E-03
144.25	1.90E-03	1.90E-03	1.91E-03	1.92E-03	1.91E-03	1.91E-03
144.5	1.89E-03	1.90E-03	1.90E-03	1.92E-03	1.91E-03	1.91E-03
144.75	1.90E-03	1.90E-03	1.90E-03	1.92E-03	1.91E-03	1.91E-03
145	1.90E-03	1.90E-03	1.90E-03	1.92E-03	1.91E-03	1.91E-03
145.25	1.90E-03	1.90E-03	1.90E-03	1.92E-03	1.91E-03	1.91E-03
145.5	1.89E-03	1.89E-03	1.90E-03	1.91E-03	1.91E-03	1.90E-03
145.75	1.89E-03	1.90E-03	1.90E-03	1.91E-03	1.91E-03	1.90E-03
146	1.89E-03	1.90E-03	1.90E-03	1.91E-03	1.91E-03	1.90E-03
146.25	1.89E-03	1.90E-03	1.90E-03	1.91E-03	1.91E-03	1.90E-03
146.5	1.89E-03	1.89E-03	1.90E-03	1.91E-03	1.91E-03	1.90E-03
146.75	1.89E-03	1.90E-03	1.90E-03	1.91E-03	1.91E-03	1.90E-03
147	1.89E-03	1.90E-03	1.90E-03	1.91E-03	1.90E-03	1.90E-03
147.25	1.89E-03	1.90E-03	1.90E-03	1.91E-03	1.90E-03	1.90E-03
147.5	1.89E-03	1.89E-03	1.90E-03	1.91E-03	1.90E-03	1.90E-03
147.75	1.89E-03	1.90E-03	1.90E-03	1.91E-03	1.90E-03	1.90E-03
148	1.90E-03	1.90E-03	1.90E-03	1.91E-03	1.90E-03	1.90E-03
148.25	1.90E-03	1.90E-03	1.90E-03	1.91E-03	1.90E-03	1.90E-03
148.5	1.89E-03	1.90E-03	1.90E-03	1.91E-03	1.90E-03	1.90E-03
148.75	1.90E-03	1.90E-03	1.90E-03	1.91E-03	1.90E-03	1.90E-03
149	1.90E-03	1.90E-03	1.90E-03	1.91E-03	1.90E-03	1.90E-03
149.25	1.89E-03	1.90E-03	1.90E-03	1.91E-03	1.90E-03	1.90E-03
149.5	1.88E-03	1.88E-03	1.89E-03	1.90E-03	1.90E-03	1.90E-03
149.75	1.88E-03	1.88E-03	1.89E-03	1.90E-03	1.90E-03	1.90E-03
150	1.88E-03	1.88E-03	1.89E-03	1.90E-03	1.90E-03	1.90E-03
150.25	1.88E-03	1.88E-03	1.89E-03	1.90E-03	1.90E-03	1.90E-03
150.5	1.90E-03	1.90E-03	1.91E-03	1.91E-03	1.90E-03	1.90E-03
150.75	1.91E-03	1.92E-03	1.92E-03	1.92E-03	1.90E-03	1.90E-03
151	1.91E-03	1.93E-03	1.93E-03	1.93E-03	1.91E-03	1.89E-03
151.25	1.92E-03	1.93E-03	1.94E-03	1.94E-03	1.91E-03	1.89E-03
151.5	1.90E-03	1.91E-03	1.93E-03	1.94E-03	1.92E-03	1.90E-03
151.75	1.90E-03	1.91E-03	1.92E-03	1.94E-03	1.92E-03	1.90E-03
152	1.90E-03	1.91E-03	1.92E-03	1.94E-03	1.92E-03	1.90E-03
152.25	1.90E-03	1.91E-03	1.92E-03	1.93E-03	1.92E-03	1.90E-03
152.5	1.90E-03	1.91E-03	1.92E-03	1.93E-03	1.92E-03	1.91E-03
152.75	1.91E-03	1.91E-03	1.92E-03	1.93E-03	1.92E-03	1.91E-03
153	1.90E-03	1.91E-03	1.92E-03	1.93E-03	1.92E-03	1.91E-03
153.25	1.90E-03	1.91E-03	1.92E-03	1.93E-03	1.92E-03	1.91E-03
153.5	1.89E-03	1.90E-03	1.91E-03	1.93E-03	1.92E-03	1.91E-03
153.75	1.90E-03	1.91E-03	1.91E-03	1.93E-03	1.92E-03	1.91E-03
154	1.90E-03	1.91E-03	1.92E-03	1.93E-03	1.92E-03	1.91E-03
154.25	1.90E-03	1.91E-03	1.92E-03	1.93E-03	1.92E-03	1.91E-03
154.5	1.91E-03	1.92E-03	1.93E-03	1.94E-03	1.92E-03	1.91E-03
154.75	1.91E-03	1.92E-03	1.93E-03	1.94E-03	1.93E-03	1.92E-03
155	1.92E-03	1.93E-03	1.94E-03	1.95E-03	1.93E-03	1.92E-03
155.25	1.92E-03	1.93E-03	1.94E-03	1.95E-03	1.93E-03	1.92E-03
155.5	1.89E-03	1.90E-03	1.92E-03	1.95E-03	1.94E-03	1.92E-03
155.75	1.89E-03	1.90E-03	1.92E-03	1.94E-03	1.94E-03	1.92E-03
156	1.89E-03	1.90E-03	1.91E-03	1.94E-03	1.94E-03	1.92E-03
156.25	1.89E-03	1.90E-03	1.91E-03	1.94E-03	1.94E-03	1.93E-03
156.5	1.90E-03	1.91E-03	1.92E-03	1.94E-03	1.94E-03	1.93E-03
156.75	1.90E-03	1.91E-03	1.92E-03	1.94E-03	1.94E-03	1.93E-03
157	1.90E-03	1.91E-03	1.92E-03	1.94E-03	1.94E-03	1.93E-03
157.25	1.90E-03	1.91E-03	1.92E-03	1.94E-03	1.94E-03	1.93E-03
157.5	1.89E-03	1.89E-03	1.91E-03	1.93E-03	1.94E-03	1.93E-03
157.75	1.89E-03	1.89E-03	1.91E-03	1.93E-03	1.93E-03	1.93E-03
158	1.89E-03	1.89E-03	1.90E-03	1.93E-03	1.93E-03	1.93E-03
158.25	1.89E-03	1.89E-03	1.90E-03	1.93E-03	1.93E-03	1.93E-03
158.5	1.91E-03	1.91E-03	1.92E-03	1.93E-03	1.93E-03	1.93E-03
158.75	1.91E-03	1.92E-03	1.92E-03	1.94E-03	1.93E-03	1.93E-03
159	1.91E-03	1.92E-03	1.92E-03	1.94E-03	1.93E-03	1.93E-03
159.25	1.91E-03	1.91E-03	1.92E-03	1.94E-03	1.93E-03	1.93E-03
159.5	1.91E-03	1.91E-03	1.92E-03	1.93E-03	1.93E-03	1.93E-03
159.75	1.91E-03	1.91E-03	1.92E-03	1.93E-03	1.93E-03	1.93E-03
160	1.91E-03	1.91E-03	1.92E-03	1.93E-03	1.93E-03	1.93E-03
160.25	1.91E-03	1.91E-03	1.92E-03	1.93E-03	1.93E-03	1.93E-03
160.5	1.90E-03	1.90E-03	1.91E-03	1.93E-03	1.93E-03	1.93E-03
160.75	1.90E-03	1.91E-03	1.91E-03	1.93E-03	1.93E-03	1.93E-03
161	1.90E-03	1.90E-03	1.91E-03	1.93E-03	1.93E-03	1.93E-03
161.25	1.90E-03	1.90E-03	1.91E-03	1.92E-03	1.93E-03	1.93E-03
161.5	1.89E-03	1.89E-03	1.90E-03	1.92E-03	1.92E-03	1.93E-03
161.75	1.89E-03	1.90E-03	1.90E-03	1.92E-03	1.92E-03	1.93E-03
162	1.90E-03	1.90E-03	1.91E-03	1.92E-03	1.92E-03	1.93E-03
162.25	1.90E-03	1.90E-03	1.91E-03	1.92E-03	1.92E-03	1.93E-03
162.5	1.90E-03	1.91E-03	1.92E-03	1.93E-03	1.92E-03	1.92E-03
162.75	1.91E-03	1.91E-03	1.92E-03	1.93E-03	1.92E-03	1.92E-03
163	1.91E-03	1.92E-03	1.93E-03	1.94E-03	1.92E-03	1.92E-03
163.25	1.91E-03	1.92E-03	1.93E-03	1.94E-03	1.93E-03	1.92E-03
163.5	1.90E-03	1.91E-03	1.92E-03	1.94E-03	1.93E-03	1.92E-03
163.75	1.90E-03	1.91E-03	1.92E-03	1.94E-03	1.93E-03	1.92E-03
164	1.90E-03	1.91E-03	1.92E-03	1.94E-03	1.93E-03	1.92E-03
164.25	1.90E-03	1.91E-03	1.92E-03	1.94E-03	1.93E-03	1.93E-03
164.5	1.90E-03	1.91E-03	1.91E-03	1.93E-03	1.93E-03	1.93E-03
164.75	1.90E-03	1.91E-03	1.91E-03	1.93E-03	1.93E-03	1.93E-03
165	1.90E-03	1.91E-03	1.91E-03	1.93E-03	1.93E-03	1.93E-03
165.25	1.90E-03	1.91E-03	1.91E-03	1.93E-03	1.93E-03	1.93E-03
165.5	1.90E-03	1.91E-03	1.91E-03	1.93E-03	1.93E-03	1.93E-03
165.75	1.90E-03	1.91E-03	1.91E-03	1.93E-03	1.93E-03	1.93E-03
166	1.90E-03	1.91E-03	1.91E-03	1.93E-03	1.93E-03	1.93E-03
166.25	1.90E-03	1.91E-03	1.91E-03	1.93E-03	1.93E-03	1.93E-03
166.5	1.90E-03	1.90E-03	1.91E-03	1.93E-03	1.93E-03	1.93E-03
166.75	1.90E-03	1.91E-03	1.91E-03	1.93E-03	1.92E-03	1.93E-03
167	1.90E-03	1.90E-03	1.91E-03	1.93E-03	1.92E-03	1.93E-03
167.25	1.90E-03	1.90E-03	1.91E-03	1.92E-03	1.92E-03	1.92E-03
167.5	1.89E-03	1.90E-03	1.91E-03	1.92E-03	1.92E-03	1.92E-03
167.75	1.90E-03	1.90E-03	1.91E-03	1.92E-03	1.92E-03	1.92E-03
168	1.90E-03	1.90E-03	1.91E-03	1.92E-03	1.92E-03	1.92E-03
168.25	1.90E-03	1.90E-03	1.91E-03	1.92E-03	1.92E-03	1.92E-03
168.5	1.89E-03	1.90E-03	1.90E-03	1.92E-03	1.92E-03	1.92E-03
168.75	1.89E-03	1.90E-03	1.90E-03	1.92E-03	1.92E-03	1.92E-03
169	1.89E-03	1.90E-03	1.90E-03	1.92E-03	1.92E-03	1.92E-03
169.25	1.89E-03	1.90E-03	1.90E-03	1.92E-03	1.92E-03	1.92E-03
169.5	1.88E-03	1.89E-03	1.89E-03	1.91E-03	1.91E-03	1.92E-03
169.75	1.89E-03	1.89E-03	1.90E-03	1.91E-03	1.91E-03	1.92E-03
170	1.89E-03	1.89E-03	1.90E-03	1.91E-03	1.91E-03	1.92E-03
170.25	1.89E-03	1.89E-03	1.90E-03	1.91E-03	1.91E-03	1.91E-03
170.5	1.89E-03	1.90E-03	1.90E-03	1.91E-03	1.91E-03	1.91E-03
170.75	1.89E-03	1.90E-03	1.90E-03	1.91E-03	1.91E-03	1.91E-03
171	1.89E-03	1.90E-03	1.90E-03	1.91E-03	1.91E-03	1.91E-03
171.25	1.89E-03	1.90E-03	1.90E-03	1.91E-03	1.91E-03	1.91E-03
171.5	1.89E-03	1.89E-03	1.90E-03	1.91E-03	1.91E-03	1.91E-03
171.75	1.90E-03	1.90E-03	1.90E-03	1.91E-03	1.91E-03	1.91E-03
172	1.90E-03	1.90E-03	1.91E-03	1.92E-03	1.91E-03	1.91E-03
172.25	1.90E-03	1.91E-03	1.91E-03	1.92E-03	1.91E-03	1.91E-03
172.5	1.89E-03	1.89E-03	1.90E-03	1.91E-03	1.91E-03	1.91E-03
172.75	1.89E-03	1.89E-03	1.90E-03	1.91E-03	1.91E-03	1.91E-03
173	1.89E-03	1.89E-03	1.90E-03	1.91E-03	1.91E-03	1.91E-03
173.25	1.89E-03	1.89E-03	1.90E-03	1.91E-03	1.91E-03	1.91E-03
173.5	1.89E-03	1.90E-03	1.90E-03	1.91E-03	1.91E-03	1.91E-03
173.75	1.90E-03	1.90E-03	1.90E-03	1.92E-03	1.91E-03	1.91E-03
174	1.90E-03	1.90E-03	1.90E-03	1.92E-03	1.91E-03	1.91E-03
174.25	1.89E-03	1.90E-03	1.90E-03	1.92E-03	1.91E-03	1.91E-03
174.5	1.90E-03	1.91E-03	1.91E-03	1.92E-03	1.91E-03	1.91E-03
174.75	1.91E-03	1.91E-03	1.92E-03	1.92E-03	1.91E-03	1.91E-03
175	1.91E-03	1.92E-03	1.92E-03	1.93E-03	1.91E-03	1.91E-03
175.25	1.91E-03	1.92E-03	1.93E-03	1.93E-03	1.92E-03	1.91E-03
175.5	1.90E-03	1.91E-03	1.92E-03	1.93E-03	1.92E-03	1.91E-03
175.75	1.90E-03	1.91E-03	1.92E-03	1.93E-03	1.92E-03	1.91E-03
176	1.90E-03	1.91E-03	1.91E-03	1.93E-03	1.92E-03	1.91E-03
176.25	1.90E-03	1.91E-03	1.91E-03	1.93E-03	1.92E-03	1.91E-03
176.5	1.89E-03	1.90E-03	1.91E-03	1.92E-03	1.92E-03	1.91E-03
176.75	1.90E-03	1.90E-03	1.91E-03	1.92E-03	1.92E-03	1.91E-03
177	1.90E-03	1.90E-03	1.91E-03	1.92E-03	1.92E-03	1.91E-03
177.25	1.90E-03	1.90E-03	1.91E-03	1.92E-03	1.92E-03	1.91E-03
177.5	1.90E-03	1.91E-03	1.91E-03	1.92E-03	1.92E-03	1.91E-03
177.75	1.91E-03	1.91E-03	1.92E-03	1.92E-03	1.92E-03	1.91E-03
178	1.91E-03	1.91E-03	1.92E-03	1.93E-03	1.92E-03	1.91E-03
178.25	1.91E-03	1.91E-03	1.92E-03	1.93E-03	1.92E-03	1.92E-03
178.5	1.90E-03	1.90E-03	1.91E-03	1.92E-03	1.92E-03	1.92E-03
178.75	1.90E-03	1.90E-03	1.91E-03	1.92E-03	1.92E-03	1.92E-03
179	1.90E-03	1.90E-03	1.91E-03	1.92E-03	1.92E-03	1.92E-03
179.25	1.90E-03	1.90E-03	1.91E-03	1.92E-03	1.92E-03	1.92E-03
179.5	1.91E-03	1.91E-03	1.91E-03	1.92E-03	1.92E-03	1.92E-03
179.75	1.91E-03	1.92E-03	1.92E-03	1.93E-03	1.92E-03	1.92E-03
180	1.91E-03	1.92E-03	1.92E-03	1.93E-03	1.92E-03	1.92E-03
180.25	1.91E-03	1.92E-03	1.92E-03	1.93E-03	1.92E-03	1.92E-03
180.5	1.89E-03	1.90E-03	1.91E-03	1.92E-03	1.92E-03	1.92E-03
180.75	1.89E-03	1.90E-03	1.91E-03	1.92E-03	1.92E-03	1.92E-03
181	1.89E-03	1.90E-03	1.91E-03	1.92E-03	1.92E-03	1.92E-03
181.25	1.89E-03	1.90E-03	1.90E-03	1.92E-03	1.92E-03	1.92E-03
181.5	1.90E-03	1.90E-03	1.91E-03	1.92E-03	1.92E-03	1.92E-03
181.75	1.90E-03	1.90E-03	1.91E-03	1.92E-03	1.92E-03	1.92E-03
182	1.90E-03	1.90E-03	1.91E-03	1.92E-03	1.92E-03	1.92E-03
182.25	1.90E-03	1.90E-03	1.91E-03	1.92E-03	1.92E-03	1.92E-03
182.5	1.89E-03	1.89E-03	1.90E-03	1.92E-03	1.92E-03	1.92E-03
182.75	1.89E-03	1.90E-03	1.90E-03	1.91E-03	1.92E-03	1.92E-03
183	1.89E-03	1.90E-03	1.90E-03	1.91E-03	1.91E-03	1.92E-03
183.25	1.89E-03	1.90E-03	1.90E-03	1.91E-03	1.91E-03	1.91E-03
183.5	1.89E-03	1.90E-03	1.90E-03	1.91E-03	1.91E-03	1.91E-03
183.75	1.90E-03	1.90E-03	1.90E-03	1.91E-03	1.91E-03	1.91E-03
184	1.90E-03	1.90E-03	1.91E-03	1.92E-03	1.91E-03	1.91E-03
184.25	1.90E-03	1.90E-03	1.91E-03	1.92E-03	1.91E-03	1.91E-03
184.5	1.89E-03	1.89E-03	1.90E-03	1.91E-03	1.91E-03	1.91E-03
184.75	1.89E-03	1.89E-03	1.90E-03	1.91E-03	1.91E-03	1.91E-03
185	1.89E-03	1.89E-03	1.90E-03	1.91E-03	1.91E-03	1.91E-03
185.25	1.89E-03	1.89E-03	1.90E-03	1.91E-03	1.91E-03	1.91E-03
185.5	1.90E-03	1.90E-03	1.91E-03	1.91E-03	1.91E-03	1.91E-03
185.75	1.91E-03	1.91E-03	1.92E-03	1.92E-03	1.91E-03	1.91E-03
186	1.91E-03	1.92E-03	1.93E-03	1.93E-03	1.92E-03	1.91E-03
186.25	1.91E-03	1.93E-03	1.93E-03	1.94E-03	1.92E-03	1.91E-03
186.5	1.89E-03	1.90E-03	1.92E-03	1.94E-03	1.92E-03	1.91E-03
186.75	1.89E-03	1.90E-03	1.91E-03	1.93E-03	1.92E-03	1.91E-03
187	1.89E-03	1.90E-03	1.91E-03	1.93E-03	1.92E-03	1.92E-03
187.25	1.89E-03	1.89E-03	1.91E-03	1.93E-03	1.92E-03	1.92E-03
187.5	1.91E-03	1.91E-03	1.92E-03	1.93E-03	1.92E-03	1.92E-03
187.75	1.91E-03	1.91E-03	1.92E-03	1.93E-03	1.92E-03	1.92E-03
188	1.91E-03	1.91E-03	1.92E-03	1.93E-03	1.93E-03	1.92E-03
188.25	1.91E-03	1.91E-03	1.92E-03	1.93E-03	1.93E-03	1.92E-03
188.5	1.93E-03	1.94E-03	1.94E-03	1.94E-03	1.93E-03	1.92E-03
188.75	1.95E-03	1.97E-03	1.98E-03	1.96E-03	1.93E-03	1.92E-03
189	1.96E-03	1.99E-03	2.01E-03	2.00E-03	1.95E-03	1.92E-03
189.25	1.97E-03	2.01E-03	2.04E-03	2.03E-03	1.96E-03	1.93E-03
189.5	1.98E-03	2.02E-03	2.05E-03	2.06E-03	1.98E-03	1.94E-03
189.75	1.99E-03	2.03E-03	2.07E-03	2.09E-03	2.00E-03	1.94E-03
190	2.00E-03	2.04E-03	2.09E-03	2.12E-03	2.02E-03	1.96E-03
190.25	2.01E-03	2.06E-03	2.11E-03	2.14E-03	2.05E-03	1.97E-03
190.5	1.95E-03	2.00E-03	2.06E-03	2.15E-03	2.07E-03	1.99E-03
190.75	1.95E-03	1.99E-03	2.04E-03	2.14E-03	2.08E-03	2.01E-03
191	1.95E-03	1.99E-03	2.03E-03	2.13E-03	2.09E-03	2.02E-03
191.25	1.95E-03	1.99E-03	2.03E-03	2.12E-03	2.10E-03	2.04E-03
191.5	1.94E-03	1.98E-03	2.02E-03	2.11E-03	2.10E-03	2.06E-03
191.75	1.95E-03	1.98E-03	2.02E-03	2.10E-03	2.11E-03	2.07E-03
192	1.95E-03	1.98E-03	2.02E-03	2.10E-03	2.11E-03	2.08E-03
192.25	1.95E-03	1.98E-03	2.01E-03	2.10E-03	2.11E-03	2.09E-03
192.5	1.93E-03	1.96E-03	2.00E-03	2.09E-03	2.11E-03	2.10E-03
192.75	1.93E-03	1.96E-03	1.99E-03	2.08E-03	2.11E-03	2.10E-03
193	1.93E-03	1.95E-03	1.98E-03	2.07E-03	2.11E-03	2.11E-03
193.25	1.93E-03	1.95E-03	1.98E-03	2.06E-03	2.11E-03	2.12E-03
193.5	1.92E-03	1.95E-03	1.98E-03	2.06E-03	2.11E-03	2.12E-03
193.75	1.93E-03	1.96E-03	1.99E-03	2.06E-03	2.10E-03	2.12E-03
194	1.93E-03	1.96E-03	1.99E-03	2.06E-03	2.10E-03	2.13E-03
194.25	1.93E-03	1.96E-03	1.99E-03	2.07E-03	2.10E-03	2.13E-03
194.5	1.92E-03	1.95E-03	1.98E-03	2.07E-03	2.10E-03	2.13E-03
194.75	1.92E-03	1.95E-03	1.98E-03	2.06E-03	2.10E-03	2.13E-03
195	1.92E-03	1.95E-03	1.97E-03	2.06E-03	2.10E-03	2.13E-03
195.25	1.92E-03	1.94E-03	1.97E-03	2.05E-03	2.10E-03	2.13E-03
195.5	1.91E-03	1.94E-03	1.96E-03	2.04E-03	2.10E-03	2.13E-03
195.75	1.92E-03	1.94E-03	1.96E-03	2.04E-03	2.09E-03	2.13E-03
196	1.92E-03	1.94E-03	1.96E-03	2.04E-03	2.09E-03	2.13E-03
196.25	1.91E-03	1.93E-03	1.96E-03	2.03E-03	2.09E-03	2.13E-03
196.5	1.91E-03	1.93E-03	1.95E-03	2.03E-03	2.08E-03	2.13E-03
196.75	1.91E-03	1.93E-03	1.95E-03	2.02E-03	2.08E-03	2.12E-03
197	1.91E-03	1.93E-03	1.95E-03	2.02E-03	2.08E-03	2.12E-03
197.25	1.91E-03	1.93E-03	1.95E-03	2.02E-03	2.07E-03	2.12E-03
197.5	1.92E-03	1.93E-03	1.95E-03	2.02E-03	2.07E-03	2.12E-03
197.75	1.92E-03	1.94E-03	1.96E-03	2.02E-03	2.06E-03	2.11E-03
198	1.92E-03	1.94E-03	1.95E-03	2.01E-03	2.06E-03	2.11E-03
198.25	1.92E-03	1.93E-03	1.95E-03	2.01E-03	2.06E-03	2.10E-03
198.5	1.98E-03	2.02E-03	2.04E-03	2.03E-03	2.05E-03	2.10E-03
198.75	2.02E-03	2.07E-03	2.11E-03	2.09E-03	2.06E-03	2.10E-03
199	2.04E-03	2.10E-03	2.15E-03	2.16E-03	2.08E-03	2.09E-03
199.25	2.06E-03	2.12E-03	2.19E-03	2.23E-03	2.11E-03	2.09E-03
199.5	1.96E-03	2.03E-03	2.10E-03	2.24E-03	2.14E-03	2.09E-03
199.75	1.96E-03	2.00E-03	2.07E-03	2.21E-03	2.17E-03	2.10E-03
200	1.95E-03	1.99E-03	2.05E-03	2.18E-03	2.18E-03	2.11E-03
200.25	1.94E-03	1.98E-03	2.03E-03	2.16E-03	2.18E-03	2.12E-03
200.5	1.95E-03	1.98E-03	2.02E-03	2.14E-03	2.17E-03	2.13E-03
200.75	1.95E-03	1.98E-03	2.01E-03	2.12E-03	2.17E-03	2.15E-03
201	1.95E-03	1.97E-03	2.01E-03	2.11E-03	2.16E-03	2.16E-03
201.25	1.94E-03	1.97E-03	2.00E-03	2.10E-03	2.16E-03	2.16E-03
201.5	1.94E-03	1.98E-03	2.01E-03	2.09E-03	2.15E-03	2.17E-03
201.75	1.95E-03	1.98E-03	2.03E-03	2.10E-03	2.14E-03	2.17E-03
202	1.95E-03	1.99E-03	2.04E-03	2.12E-03	2.14E-03	2.18E-03
202.25	1.95E-03	2.00E-03	2.04E-03	2.13E-03	2.15E-03	2.18E-03
202.5	1.98E-03	2.02E-03	2.07E-03	2.14E-03	2.15E-03	2.18E-03
202.75	1.99E-03	2.04E-03	2.09E-03	2.17E-03	2.16E-03	2.18E-03
203	2.00E-03	2.05E-03	2.11E-03	2.20E-03	2.17E-03	2.18E-03
203.25	2.00E-03	2.06E-03	2.12E-03	2.22E-03	2.19E-03	2.19E-03
203.5	1.99E-03	2.05E-03	2.11E-03	2.23E-03	2.21E-03	2.19E-03
203.75	2.00E-03	2.05E-03	2.11E-03	2.24E-03	2.22E-03	2.20E-03
204	2.00E-03	2.05E-03	2.12E-03	2.24E-03	2.23E-03	2.20E-03
204.25	2.00E-03	2.06E-03	2.12E-03	2.25E-03	2.24E-03	2.21E-03
204.5	1.96E-03	2.02E-03	2.08E-03	2.24E-03	2.25E-03	2.23E-03
204.75	1.96E-03	2.01E-03	2.06E-03	2.22E-03	2.25E-03	2.24E-03
205	1.96E-03	2.00E-03	2.05E-03	2.20E-03	2.25E-03	2.25E-03
205.25	1.96E-03	1.99E-03	2.04E-03	2.19E-03	2.25E-03	2.26E-03
205.5	1.95E-03	1.98E-03	2.03E-03	2.17E-03	2.24E-03	2.27E-03
205.75	1.95E-03	1.98E-03	2.03E-03	2.16E-03	2.24E-03	2.28E-03
206	1.95E-03	1.98E-03	2.02E-03	2.14E-03	2.23E-03	2.28E-03
206.25	1.95E-03	1.98E-03	2.02E-03	2.13E-03	2.22E-03	2.29E-03
206.5	1.93E-03	1.96E-03	2.00E-03	2.12E-03	2.21E-03	2.29E-03
206.75	1.93E-03	1.96E-03	2.00E-03	2.12E-03	2.21E-03	2.29E-03
207	1.93E-03	1.96E-03	2.00E-03	2.11E-03	2.20E-03	2.29E-03
207.25	1.93E-03	1.96E-03	2.00E-03	2.11E-03	2.20E-03	2.29E-03
207.5	1.93E-03	1.96E-03	1.99E-03	2.10E-03	2.19E-03	2.29E-03
207.75	1.93E-03	1.96E-03	1.99E-03	2.10E-03	2.19E-03	2.28E-03
208	1.93E-03	1.96E-03	1.99E-03	2.09E-03	2.18E-03	2.28E-03
208.25	1.93E-03	1.96E-03	1.99E-03	2.09E-03	2.18E-03	2.27E-03
208.5	1.93E-03	1.95E-03	1.98E-03	2.08E-03	2.17E-03	2.27E-03
208.75	1.94E-03	1.96E-03	1.98E-03	2.08E-03	2.16E-03	2.26E-03
209	1.94E-03	1.96E-03	1.98E-03	2.07E-03	2.16E-03	2.26E-03
209.25	1.93E-03	1.95E-03	1.98E-03	2.07E-03	2.15E-03	2.25E-03
209.5	1.93E-03	1.95E-03	1.97E-03	2.06E-03	2.15E-03	2.24E-03
209.75	1.93E-03	1.95E-03	1.97E-03	2.06E-03	2.14E-03	2.24E-03
210	1.93E-03	1.95E-03	1.97E-03	2.05E-03	2.13E-03	2.23E-03
210.25	1.93E-03	1.95E-03	1.97E-03	2.05E-03	2.13E-03	2.22E-03
210.5	1.93E-03	1.94E-03	1.97E-03	2.04E-03	2.12E-03	2.21E-03
210.75	1.93E-03	1.95E-03	1.97E-03	2.04E-03	2.12E-03	2.21E-03
211	1.93E-03	1.95E-03	1.97E-03	2.04E-03	2.11E-03	2.20E-03
211.25	1.93E-03	1.94E-03	1.96E-03	2.03E-03	2.10E-03	2.19E-03
211.5	1.92E-03	1.94E-03	1.96E-03	2.03E-03	2.10E-03	2.18E-03
211.75	1.92E-03	1.94E-03	1.96E-03	2.02E-03	2.09E-03	2.17E-03
212	1.92E-03	1.94E-03	1.96E-03	2.02E-03	2.08E-03	2.16E-03
212.25	1.92E-03	1.94E-03	1.95E-03	2.02E-03	2.08E-03	2.16E-03
212.5	1.92E-03	1.93E-03	1.95E-03	2.01E-03	2.07E-03	2.15E-03
212.75	1.92E-03	1.93E-03	1.95E-03	2.01E-03	2.07E-03	2.14E-03
213	1.92E-03	1.93E-03	1.95E-03	2.00E-03	2.06E-03	2.13E-03
213.25	1.92E-03	1.93E-03	1.95E-03	2.00E-03	2.05E-03	2.12E-03
213.5	1.91E-03	1.92E-03	1.94E-03	2.00E-03	2.05E-03	2.12E-03
213.75	1.91E-03	1.93E-03	1.94E-03	1.99E-03	2.04E-03	2.11E-03
214	1.91E-03	1.93E-03	1.94E-03	1.99E-03	2.04E-03	2.10E-03
214.25	1.91E-03	1.92E-03	1.94E-03	1.99E-03	2.03E-03	2.09E-03
214.5	1.91E-03	1.92E-03	1.94E-03	1.99E-03	2.03E-03	2.09E-03
214.75	1.92E-03	1.93E-03	1.94E-03	1.98E-03	2.02E-03	2.08E-03
215	1.92E-03	1.93E-03	1.94E-03	1.98E-03	2.02E-03	2.07E-03
215.25	1.92E-03	1.92E-03	1.94E-03	1.98E-03	2.02E-03	2.06E-03
215.5	1.91E-03	1.92E-03	1.93E-03	1.98E-03	2.01E-03	2.06E-03
215.75	1.91E-03	1.92E-03	1.93E-03	1.97E-03	2.01E-03	2.05E-03
216	1.91E-03	1.92E-03	1.93E-03	1.97E-03	2.00E-03	2.04E-03
216.25	1.91E-03	1.92E-03	1.93E-03	1.97E-03	2.00E-03	2.04E-03
216.5	1.90E-03	1.91E-03	1.93E-03	1.96E-03	1.99E-03	2.03E-03
216.75	1.91E-03	1.92E-03	1.93E-03	1.96E-03	1.99E-03	2.03E-03
217	1.91E-03	1.92E-03	1.93E-03	1.96E-03	1.99E-03	2.02E-03
217.25	1.91E-03	1.91E-03	1.93E-03	1.96E-03	1.98E-03	2.01E-03
217.5	1.91E-03	1.91E-03	1.92E-03	1.96E-03	1.98E-03	2.01E-03
217.75	1.91E-03	1.92E-03	1.93E-03	1.96E-03	1.97E-03	2.00E-03
218	1.91E-03	1.92E-03	1.93E-03	1.95E-03	1.97E-03	2.00E-03
218.25	1.91E-03	1.92E-03	1.92E-03	1.95E-03	1.97E-03	1.99E-03
218.5	1.90E-03	1.91E-03	1.92E-03	1.95E-03	1.97E-03	1.99E-03
218.75	1.90E-03	1.92E-03	1.93E-03	1.95E-03	1.96E-03	1.98E-03
219	1.91E-03	1.92E-03	1.94E-03	1.96E-03	1.96E-03	1.98E-03
219.25	1.91E-03	1.93E-03	1.95E-03	1.97E-03	1.96E-03	1.98E-03
219.5	1.93E-03	1.95E-03	1.96E-03	1.98E-03	1.96E-03	1.97E-03
219.75	1.93E-03	1.95E-03	1.98E-03	2.00E-03	1.97E-03	1.97E-03
220	1.94E-03	1.96E-03	1.98E-03	2.01E-03	1.98E-03	1.97E-03
220.25	1.94E-03	1.97E-03	1.99E-03	2.02E-03	1.98E-03	1.96E-03
220.5	1.93E-03	1.95E-03	1.97E-03	2.02E-03	1.99E-03	1.96E-03
220.75	1.93E-03	1.95E-03	1.96E-03	2.01E-03	2.00E-03	1.96E-03
221	1.93E-03	1.94E-03	1.96E-03	2.01E-03	2.00E-03	1.96E-03
221.25	1.93E-03	1.94E-03	1.96E-03	2.00E-03	2.00E-03	1.97E-03
221.5	1.92E-03	1.93E-03	1.95E-03	1.99E-03	1.99E-03	1.97E-03
221.75	1.93E-03	1.94E-03	1.95E-03	1.99E-03	1.99E-03	1.97E-03
222	1.93E-03	1.93E-03	1.95E-03	1.98E-03	1.99E-03	1.97E-03
222.25	1.92E-03	1.93E-03	1.94E-03	1.98E-03	1.98E-03	1.97E-03
222.5	1.91E-03	1.93E-03	1.94E-03	1.97E-03	1.98E-03	1.98E-03
222.75	1.92E-03	1.94E-03	1.95E-03	1.98E-03	1.98E-03	1.98E-03
223	1.92E-03	1.94E-03	1.96E-03	1.99E-03	1.98E-03	1.98E-03
223.25	1.93E-03	1.95E-03	1.97E-03	2.00E-03	1.98E-03	1.98E-03
223.5	1.92E-03	1.93E-03	1.96E-03	2.00E-03	1.98E-03	1.98E-03
223.75	1.92E-03	1.93E-03	1.95E-03	1.99E-03	1.98E-03	1.98E-03
224	1.92E-03	1.93E-03	1.95E-03	1.99E-03	1.99E-03	1.98E-03
224.25	1.92E-03	1.93E-03	1.95E-03	1.99E-03	1.98E-03	1.98E-03
224.5	1.91E-03	1.92E-03	1.94E-03	1.98E-03	1.98E-03	1.98E-03
224.75	1.91E-03	1.93E-03	1.94E-03	1.98E-03	1.98E-03	1.98E-03
225	1.91E-03	1.93E-03	1.95E-03	1.98E-03	1.98E-03	1.98E-03
225.25	1.91E-03	1.93E-03	1.95E-03	1.98E-03	1.98E-03	1.98E-03
225.5	1.99E-03	2.03E-03	2.05E-03	2.01E-03	1.98E-03	1.98E-03
225.75	2.03E-03	2.08E-03	2.13E-03	2.09E-03	1.99E-03	1.98E-03
226	2.05E-03	2.11E-03	2.17E-03	2.17E-03	2.02E-03	1.98E-03
226.25	2.06E-03	2.13E-03	2.21E-03	2.25E-03	2.06E-03	1.98E-03
226.5	1.97E-03	2.03E-03	2.11E-03	2.25E-03	2.10E-03	1.99E-03
226.75	1.97E-03	2.01E-03	2.07E-03	2.22E-03	2.13E-03	1.99E-03
227	1.96E-03	2.00E-03	2.05E-03	2.19E-03	2.14E-03	2.01E-03
227.25	1.96E-03	1.99E-03	2.04E-03	2.16E-03	2.14E-03	2.03E-03
227.5	1.93E-03	1.97E-03	2.02E-03	2.14E-03	2.14E-03	2.05E-03
227.75	1.93E-03	1.97E-03	2.01E-03	2.13E-03	2.13E-03	2.06E-03
228	1.93E-03	1.96E-03	2.01E-03	2.11E-03	2.13E-03	2.08E-03
228.25	1.93E-03	1.96E-03	2.00E-03	2.10E-03	2.12E-03	2.09E-03
228.5	1.93E-03	1.96E-03	1.99E-03	2.09E-03	2.12E-03	2.10E-03
228.75	1.93E-03	1.96E-03	1.99E-03	2.08E-03	2.11E-03	2.11E-03
229	1.93E-03	1.96E-03	1.99E-03	2.07E-03	2.11E-03	2.12E-03
229.25	1.93E-03	1.95E-03	1.99E-03	2.07E-03	2.10E-03	2.12E-03
229.5	1.93E-03	1.95E-03	1.98E-03	2.06E-03	2.10E-03	2.13E-03
229.75	1.93E-03	1.95E-03	1.98E-03	2.06E-03	2.09E-03	2.13E-03
230	1.93E-03	1.95E-03	1.98E-03	2.05E-03	2.09E-03	2.13E-03
230.25	1.93E-03	1.95E-03	1.98E-03	2.05E-03	2.09E-03	2.13E-03
230.5	2.02E-03	2.07E-03	2.09E-03	2.07E-03	2.08E-03	2.13E-03
230.75	2.05E-03	2.12E-03	2.17E-03	2.16E-03	2.09E-03	2.13E-03
231	2.08E-03	2.15E-03	2.22E-03	2.25E-03	2.11E-03	2.13E-03
231.25	2.10E-03	2.17E-03	2.25E-03	2.33E-03	2.16E-03	2.13E-03
231.5	2.02E-03	2.10E-03	2.19E-03	2.35E-03	2.21E-03	2.13E-03
231.75	2.01E-03	2.08E-03	2.17E-03	2.34E-03	2.25E-03	2.14E-03
232	2.01E-03	2.08E-03	2.16E-03	2.33E-03	2.26E-03	2.15E-03
232.25	2.01E-03	2.08E-03	2.16E-03	2.32E-03	2.27E-03	2.17E-03
232.5	1.98E-03	2.05E-03	2.13E-03	2.31E-03	2.28E-03	2.19E-03
232.75	1.98E-03	2.04E-03	2.12E-03	2.29E-03	2.28E-03	2.21E-03
233	1.98E-03	2.04E-03	2.11E-03	2.28E-03	2.28E-03	2.23E-03
233.25	1.98E-03	2.04E-03	2.10E-03	2.27E-03	2.28E-03	2.25E-03
233.5	1.96E-03	2.01E-03	2.08E-03	2.25E-03	2.27E-03	2.26E-03
233.75	1.96E-03	2.01E-03	2.07E-03	2.24E-03	2.27E-03	2.28E-03
234	1.96E-03	2.00E-03	2.06E-03	2.22E-03	2.26E-03	2.29E-03
234.25	1.96E-03	2.00E-03	2.06E-03	2.21E-03	2.26E-03	2.30E-03
234.5	1.95E-03	1.99E-03	2.05E-03	2.20E-03	2.25E-03	2.30E-03
234.75	1.95E-03	1.99E-03	2.04E-03	2.19E-03	2.25E-03	2.31E-03
235	1.95E-03	1.99E-03	2.04E-03	2.18E-03	2.24E-03	2.31E-03
235.25	1.95E-03	1.99E-03	2.03E-03	2.17E-03	2.24E-03	2.31E-03
235.5	1.94E-03	1.98E-03	2.03E-03	2.16E-03	2.23E-03	2.31E-03
235.75	1.95E-03	1.98E-03	2.02E-03	2.15E-03	2.22E-03	2.30E-03
236	1.95E-03	1.98E-03	2.02E-03	2.14E-03	2.22E-03	2.30E-03
236.25	1.95E-03	1.98E-03	2.02E-03	2.14E-03	2.21E-03	2.30E-03
236.5	1.94E-03	1.98E-03	2.02E-03	2.13E-03	2.21E-03	2.29E-03
236.75	1.95E-03	1.98E-03	2.03E-03	2.14E-03	2.20E-03	2.29E-03
237	1.95E-03	1.99E-03	2.03E-03	2.14E-03	2.20E-03	2.28E-03
237.25	1.95E-03	1.99E-03	2.03E-03	2.14E-03	2.20E-03	2.28E-03
237.5	1.99E-03	2.05E-03	2.10E-03	2.16E-03	2.20E-03	2.27E-03
237.75	2.01E-03	2.08E-03	2.14E-03	2.21E-03	2.20E-03	2.27E-03
238	2.03E-03	2.10E-03	2.17E-03	2.26E-03	2.21E-03	2.26E-03
238.25	2.04E-03	2.11E-03	2.19E-03	2.31E-03	2.24E-03	2.26E-03
238.5	1.98E-03	2.05E-03	2.14E-03	2.31E-03	2.26E-03	2.25E-03
238.75	1.97E-03	2.03E-03	2.11E-03	2.29E-03	2.28E-03	2.25E-03
239	1.97E-03	2.02E-03	2.09E-03	2.27E-03	2.29E-03	2.26E-03
239.25	1.97E-03	2.02E-03	2.08E-03	2.26E-03	2.28E-03	2.26E-03
239.5	2.00E-03	2.07E-03	2.13E-03	2.26E-03	2.28E-03	2.27E-03
239.75	2.01E-03	2.09E-03	2.16E-03	2.29E-03	2.28E-03	2.28E-03
240	2.02E-03	2.10E-03	2.18E-03	2.32E-03	2.29E-03	2.28E-03
240.25	2.03E-03	2.11E-03	2.20E-03	2.35E-03	2.30E-03	2.29E-03
240.5	1.98E-03	2.05E-03	2.15E-03	2.35E-03	2.32E-03	2.29E-03
240.75	1.98E-03	2.04E-03	2.13E-03	2.33E-03	2.33E-03	2.30E-03
241	1.98E-03	2.04E-03	2.11E-03	2.31E-03	2.33E-03	2.31E-03
241.25	1.97E-03	2.03E-03	2.10E-03	2.29E-03	2.32E-03	2.31E-03
241.5	1.96E-03	2.02E-03	2.09E-03	2.28E-03	2.32E-03	2.32E-03
241.75	1.97E-03	2.02E-03	2.08E-03	2.26E-03	2.31E-03	2.33E-03
242	1.96E-03	2.01E-03	2.08E-03	2.25E-03	2.30E-03	2.33E-03
242.25	1.96E-03	2.01E-03	2.07E-03	2.24E-03	2.30E-03	2.33E-03
242.5	2.00E-03	2.06E-03	2.12E-03	2.24E-03	2.29E-03	2.33E-03
242.75	2.01E-03	2.08E-03	2.15E-03	2.27E-03	2.29E-03	2.33E-03
243	2.02E-03	2.09E-03	2.17E-03	2.30E-03	2.29E-03	2.33E-03
243.25	2.03E-03	2.10E-03	2.19E-03	2.33E-03	2.31E-03	2.33E-03
243.5	1.98E-03	2.05E-03	2.14E-03	2.34E-03	2.32E-03	2.33E-03
243.75	1.98E-03	2.04E-03	2.12E-03	2.32E-03	2.33E-03	2.33E-03
244	1.98E-03	2.03E-03	2.11E-03	2.30E-03	2.33E-03	2.33E-03
244.25	1.97E-03	2.03E-03	2.10E-03	2.29E-03	2.32E-03	2.33E-03
244.5	1.96E-03	2.02E-03	2.09E-03	2.27E-03	2.32E-03	2.34E-03
244.75	1.97E-03	2.02E-03	2.08E-03	2.26E-03	2.31E-03	2.34E-03
245	1.97E-03	2.01E-03	2.07E-03	2.25E-03	2.31E-03	2.34E-03
245.25	1.96E-03	2.01E-03	2.07E-03	2.23E-03	2.30E-03	2.34E-03
245.5	1.96E-03	2.00E-03	2.06E-03	2.22E-03	2.29E-03	2.34E-03
245.75	1.96E-03	2.00E-03	2.06E-03	2.21E-03	2.28E-03	2.33E-03
246	1.96E-03	2.00E-03	2.05E-03	2.20E-03	2.28E-03	2.33E-03
246.25	1.96E-03	2.00E-03	2.05E-03	2.20E-03	2.27E-03	2.33E-03
246.5	1.95E-03	1.99E-03	2.04E-03	2.19E-03	2.26E-03	2.32E-03
246.75	1.95E-03	1.99E-03	2.04E-03	2.18E-03	2.25E-03	2.32E-03
247	1.95E-03	1.99E-03	2.03E-03	2.17E-03	2.25E-03	2.31E-03
247.25	1.95E-03	1.99E-03	2.03E-03	2.16E-03	2.24E-03	2.31E-03
247.5	1.94E-03	1.98E-03	2.02E-03	2.16E-03	2.23E-03	2.30E-03
247.75	1.94E-03	1.98E-03	2.02E-03	2.15E-03	2.23E-03	2.29E-03
248	1.94E-03	1.98E-03	2.02E-03	2.14E-03	2.22E-03	2.29E-03
248.25	1.94E-03	1.98E-03	2.02E-03	2.14E-03	2.21E-03	2.28E-03
248.5	1.94E-03	1.97E-03	2.01E-03	2.13E-03	2.21E-03	2.27E-03
248.75	1.94E-03	1.97E-03	2.01E-03	2.13E-03	2.20E-03	2.27E-03
249	1.94E-03	1.97E-03	2.01E-03	2.12E-03	2.19E-03	2.26E-03
249.25	1.94E-03	1.97E-03	2.01E-03	2.12E-03	2.19E-03	2.25E-03
249.5	1.94E-03	1.97E-03	2.00E-03	2.11E-03	2.18E-03	2.25E-03
249.75	1.94E-03	1.97E-03	2.00E-03	2.10E-03	2.17E-03	2.24E-03
250	1.94E-03	1.97E-03	2.00E-03	2.10E-03	2.17E-03	2.24E-03
250.25	1.94E-03	1.97E-03	2.00E-03	2.10E-03	2.16E-03	2.23E-03
250.5	1.93E-03	1.96E-03	1.99E-03	2.09E-03	2.15E-03	2.22E-03
250.75	1.94E-03	1.96E-03	1.99E-03	2.08E-03	2.15E-03	2.22E-03
251	1.94E-03	1.96E-03	1.99E-03	2.08E-03	2.14E-03	2.21E-03
251.25	1.93E-03	1.96E-03	1.99E-03	2.08E-03	2.13E-03	2.20E-03
251.5	1.93E-03	1.95E-03	1.98E-03	2.07E-03	2.13E-03	2.20E-03
251.75	1.93E-03	1.95E-03	1.98E-03	2.07E-03	2.12E-03	2.19E-03
252	1.93E-03	1.95E-03	1.98E-03	2.06E-03	2.12E-03	2.18E-03
252.25	1.93E-03	1.95E-03	1.98E-03	2.06E-03	2.11E-03	2.18E-03
252.5	1.93E-03	1.95E-03	1.98E-03	2.06E-03	2.11E-03	2.17E-03
252.75	1.93E-03	1.95E-03	1.98E-03	2.05E-03	2.10E-03	2.16E-03
253	1.93E-03	1.95E-03	1.98E-03	2.05E-03	2.10E-03	2.16E-03
253.25	1.93E-03	1.95E-03	1.97E-03	2.05E-03	2.09E-03	2.15E-03
253.5	1.92E-03	1.94E-03	1.97E-03	2.04E-03	2.09E-03	2.14E-03
253.75	1.92E-03	1.94E-03	1.96E-03	2.04E-03	2.08E-03	2.14E-03
254	1.92E-03	1.94E-03	1.96E-03	2.04E-03	2.08E-03	2.13E-03
254.25	1.92E-03	1.94E-03	1.96E-03	2.03E-03	2.07E-03	2.12E-03
254.5	1.95E-03	1.98E-03	2.01E-03	2.04E-03	2.07E-03	2.12E-03
254.75	1.97E-03	2.01E-03	2.05E-03	2.08E-03	2.07E-03	2.11E-03
255	1.98E-03	2.03E-03	2.07E-03	2.12E-03	2.07E-03	2.10E-03
255.25	1.99E-03	2.04E-03	2.10E-03	2.15E-03	2.09E-03	2.10E-03
255.5	1.95E-03	1.99E-03	2.05E-03	2.16E-03	2.10E-03	2.09E-03
255.75	1.95E-03	1.99E-03	2.03E-03	2.15E-03	2.12E-03	2.09E-03
256	1.95E-03	1.98E-03	2.02E-03	2.13E-03	2.12E-03	2.09E-03
256.25	1.94E-03	1.98E-03	2.01E-03	2.12E-03	2.13E-03	2.09E-03
256.5	1.95E-03	1.98E-03	2.02E-03	2.11E-03	2.12E-03	2.09E-03
256.75	1.95E-03	1.99E-03	2.03E-03	2.12E-03	2.12E-03	2.09E-03
257	1.95E-03	1.99E-03	2.04E-03	2.12E-03	2.12E-03	2.10E-03
257.25	1.95E-03	2.00E-03	2.04E-03	2.13E-03	2.12E-03	2.10E-03
257.5	1.93E-03	1.97E-03	2.02E-03	2.13E-03	2.12E-03	2.10E-03
257.75	1.93E-03	1.97E-03	2.01E-03	2.12E-03	2.12E-03	2.10E-03
258	1.93E-03	1.96E-03	2.01E-03	2.11E-03	2.12E-03	2.11E-03
258.25	1.93E-03	1.96E-03	2.00E-03	2.10E-03	2.12E-03	2.11E-03
258.5	1.92E-03	1.95E-03	1.99E-03	2.10E-03	2.12E-03	2.11E-03
258.75	1.92E-03	1.95E-03	1.99E-03	2.09E-03	2.12E-03	2.11E-03
259	1.91E-03	1.95E-03	1.99E-03	2.08E-03	2.11E-03	2.12E-03
259.25	1.91E-03	1.95E-03	1.98E-03	2.08E-03	2.11E-03	2.12E-03
259.5	1.92E-03	1.95E-03	1.98E-03	2.08E-03	2.10E-03	2.12E-03
259.75	1.92E-03	1.95E-03	1.98E-03	2.07E-03	2.10E-03	2.12E-03
260	1.92E-03	1.95E-03	1.98E-03	2.07E-03	2.10E-03	2.12E-03
260.25	1.92E-03	1.95E-03	1.98E-03	2.06E-03	2.09E-03	2.12E-03
260.5	1.92E-03	1.95E-03	1.98E-03	2.06E-03	2.09E-03	2.12E-03
260.75	1.93E-03	1.95E-03	1.98E-03	2.06E-03	2.09E-03	2.11E-03
261	1.92E-03	1.95E-03	1.98E-03	2.05E-03	2.08E-03	2.11E-03
261.25	1.92E-03	1.95E-03	1.98E-03	2.05E-03	2.08E-03	2.11E-03
261.5	1.93E-03	1.96E-03	1.98E-03	2.05E-03	2.08E-03	2.11E-03
261.75	1.94E-03	1.96E-03	1.99E-03	2.05E-03	2.07E-03	2.10E-03
262	1.94E-03	1.97E-03	2.00E-03	2.06E-03	2.07E-03	2.10E-03
262.25	1.94E-03	1.97E-03	2.00E-03	2.07E-03	2.07E-03	2.10E-03
262.5	1.92E-03	1.95E-03	1.99E-03	2.07E-03	2.07E-03	2.10E-03
262.75	1.92E-03	1.95E-03	1.98E-03	2.06E-03	2.07E-03	2.09E-03
263	1.92E-03	1.95E-03	1.98E-03	2.06E-03	2.07E-03	2.09E-03
263.25	1.92E-03	1.95E-03	1.98E-03	2.05E-03	2.07E-03	2.09E-03
263.5	1.92E-03	1.94E-03	1.97E-03	2.05E-03	2.07E-03	2.08E-03
263.75	1.92E-03	1.94E-03	1.97E-03	2.04E-03	2.07E-03	2.08E-03
264	1.92E-03	1.94E-03	1.97E-03	2.04E-03	2.06E-03	2.08E-03
264.25	1.92E-03	1.94E-03	1.97E-03	2.04E-03	2.06E-03	2.08E-03
264.5	1.92E-03	1.94E-03	1.96E-03	2.03E-03	2.06E-03	2.08E-03
264.75	1.92E-03	1.94E-03	1.96E-03	2.03E-03	2.05E-03	2.07E-03
265	1.92E-03	1.94E-03	1.96E-03	2.03E-03	2.05E-03	2.07E-03
265.25	1.92E-03	1.94E-03	1.96E-03	2.03E-03	2.05E-03	2.07E-03
265.5	1.97E-03	2.01E-03	2.03E-03	2.04E-03	2.05E-03	2.07E-03
265.75	1.99E-03	2.04E-03	2.08E-03	2.09E-03	2.05E-03	2.06E-03
266	2.00E-03	2.06E-03	2.12E-03	2.15E-03	2.06E-03	2.06E-03
266.25	2.02E-03	2.08E-03	2.15E-03	2.20E-03	2.08E-03	2.06E-03
266.5	1.98E-03	2.05E-03	2.12E-03	2.23E-03	2.11E-03	2.06E-03
266.75	1.98E-03	2.04E-03	2.12E-03	2.23E-03	2.14E-03	2.06E-03
267	1.98E-03	2.05E-03	2.12E-03	2.24E-03	2.15E-03	2.06E-03
267.25	1.98E-03	2.05E-03	2.12E-03	2.24E-03	2.17E-03	2.07E-03
267.5	1.97E-03	2.03E-03	2.11E-03	2.24E-03	2.18E-03	2.08E-03
267.75	1.97E-03	2.03E-03	2.10E-03	2.24E-03	2.19E-03	2.09E-03
268	1.97E-03	2.03E-03	2.10E-03	2.24E-03	2.19E-03	2.10E-03
268.25	1.97E-03	2.03E-03	2.10E-03	2.24E-03	2.20E-03	2.12E-03
268.5	1.95E-03	2.01E-03	2.08E-03	2.23E-03	2.20E-03	2.13E-03
268.75	1.95E-03	2.00E-03	2.06E-03	2.22E-03	2.20E-03	2.14E-03
269	1.94E-03	1.99E-03	2.05E-03	2.20E-03	2.20E-03	2.16E-03
269.25	1.94E-03	1.99E-03	2.05E-03	2.19E-03	2.20E-03	2.17E-03
269.5	1.94E-03	1.98E-03	2.04E-03	2.18E-03	2.19E-03	2.18E-03
269.75	1.94E-03	1.98E-03	2.03E-03	2.17E-03	2.19E-03	2.18E-03
270	1.94E-03	1.98E-03	2.03E-03	2.16E-03	2.18E-03	2.19E-03
270.25	1.94E-03	1.98E-03	2.03E-03	2.15E-03	2.18E-03	2.19E-03
270.5	1.93E-03	1.97E-03	2.02E-03	2.14E-03	2.17E-03	2.19E-03
270.75	1.93E-03	1.97E-03	2.02E-03	2.14E-03	2.17E-03	2.20E-03
271	1.93E-03	1.97E-03	2.01E-03	2.13E-03	2.17E-03	2.20E-03
271.25	1.93E-03	1.97E-03	2.01E-03	2.12E-03	2.16E-03	2.19E-03
271.5	1.93E-03	1.97E-03	2.01E-03	2.12E-03	2.16E-03	2.19E-03
271.75	1.93E-03	1.97E-03	2.01E-03	2.12E-03	2.15E-03	2.19E-03
272	1.93E-03	1.97E-03	2.01E-03	2.12E-03	2.15E-03	2.19E-03
272.25	1.93E-03	1.97E-03	2.01E-03	2.12E-03	2.15E-03	2.19E-03
272.5	1.93E-03	1.97E-03	2.01E-03	2.11E-03	2.15E-03	2.18E-03
272.75	1.93E-03	1.97E-03	2.01E-03	2.11E-03	2.14E-03	2.18E-03
273	1.93E-03	1.97E-03	2.01E-03	2.11E-03	2.14E-03	2.18E-03
273.25	1.93E-03	1.97E-03	2.01E-03	2.11E-03	2.14E-03	2.18E-03
273.5	1.92E-03	1.96E-03	2.00E-03	2.11E-03	2.14E-03	2.17E-03
273.75	1.93E-03	1.96E-03	2.00E-03	2.10E-03	2.14E-03	2.17E-03
274	1.92E-03	1.96E-03	2.00E-03	2.10E-03	2.13E-03	2.17E-03
274.25	1.92E-03	1.96E-03	1.99E-03	2.10E-03	2.13E-03	2.16E-03
274.5	1.92E-03	1.96E-03	1.99E-03	2.09E-03	2.13E-03	2.16E-03
274.75	1.93E-03	1.96E-03	2.00E-03	2.09E-03	2.12E-03	2.16E-03
275	1.93E-03	1.96E-03	2.00E-03	2.09E-03	2.12E-03	2.15E-03
275.25	1.93E-03	1.96E-03	2.00E-03	2.09E-03	2.12E-03	2.15E-03
275.5	1.92E-03	1.95E-03	1.99E-03	2.09E-03	2.12E-03	2.15E-03
275.75	1.92E-03	1.95E-03	1.99E-03	2.08E-03	2.11E-03	2.14E-03
276	1.92E-03	1.95E-03	1.99E-03	2.08E-03	2.11E-03	2.14E-03
276.25	1.92E-03	1.95E-03	1.99E-03	2.07E-03	2.11E-03	2.14E-03
276.5	1.92E-03	1.95E-03	1.98E-03	2.07E-03	2.10E-03	2.14E-03
276.75	1.92E-03	1.95E-03	1.98E-03	2.07E-03	2.10E-03	2.13E-03
277	1.92E-03	1.95E-03	1.98E-03	2.06E-03	2.10E-03	2.13E-03
277.25	1.92E-03	1.95E-03	1.98E-03	2.06E-03	2.09E-03	2.13E-03
277.5	1.92E-03	1.94E-03	1.98E-03	2.06E-03	2.09E-03	2.12E-03
277.75	1.92E-03	1.95E-03	1.98E-03	2.06E-03	2.09E-03	2.12E-03
278	1.92E-03	1.94E-03	1.97E-03	2.05E-03	2.08E-03	2.11E-03
278.25	1.92E-03	1.94E-03	1.97E-03	2.05E-03	2.08E-03	2.11E-03
278.5	1.91E-03	1.94E-03	1.97E-03	2.05E-03	2.08E-03	2.11E-03
278.75	1.91E-03	1.94E-03	1.97E-03	2.05E-03	2.07E-03	2.10E-03
279	1.91E-03	1.94E-03	1.97E-03	2.04E-03	2.07E-03	2.10E-03
279.25	1.91E-03	1.94E-03	1.97E-03	2.04E-03	2.07E-03	2.10E-03
279.5	1.91E-03	1.94E-03	1.96E-03	2.04E-03	2.06E-03	2.09E-03
279.75	1.91E-03	1.94E-03	1.97E-03	2.04E-03	2.06E-03	2.09E-03
280	1.91E-03	1.94E-03	1.96E-03	2.04E-03	2.06E-03	2.08E-03
280.25	1.91E-03	1.94E-03	1.96E-03	2.03E-03	2.06E-03	2.08E-03
280.5	1.91E-03	1.93E-03	1.96E-03	2.03E-03	2.05E-03	2.08E-03
280.75	1.91E-03	1.93E-03	1.96E-03	2.03E-03	2.05E-03	2.07E-03
281	1.91E-03	1.93E-03	1.96E-03	2.03E-03	2.05E-03	2.07E-03
281.25	1.91E-03	1.93E-03	1.96E-03	2.03E-03	2.05E-03	2.07E-03
281.5	1.91E-03	1.93E-03	1.96E-03	2.02E-03	2.04E-03	2.06E-03
281.75	1.91E-03	1.93E-03	1.96E-03	2.02E-03	2.04E-03	2.06E-03
282	1.91E-03	1.93E-03	1.96E-03	2.02E-03	2.04E-03	2.06E-03
282.25	1.91E-03	1.93E-03	1.96E-03	2.02E-03	2.04E-03	2.05E-03
282.5	1.91E-03	1.93E-03	1.95E-03	2.02E-03	2.03E-03	2.05E-03
282.75	1.91E-03	1.93E-03	1.95E-03	2.01E-03	2.03E-03	2.05E-03
283	1.91E-03	1.93E-03	1.95E-03	2.01E-03	2.03E-03	2.05E-03
283.25	1.91E-03	1.93E-03	1.95E-03	2.01E-03	2.03E-03	2.04E-03
283.5	1.91E-03	1.93E-03	1.95E-03	2.01E-03	2.02E-03	2.04E-03
283.75	1.91E-03	1.93E-03	1.95E-03	2.01E-03	2.02E-03	2.04E-03
284	1.91E-03	1.93E-03	1.95E-03	2.01E-03	2.02E-03	2.03E-03
284.25	1.91E-03	1.93E-03	1.95E-03	2.01E-03	2.02E-03	2.03E-03
284.5	1.91E-03	1.93E-03	1.95E-03	2.00E-03	2.02E-03	2.03E-03
284.75	1.91E-03	1.93E-03	1.95E-03	2.00E-03	2.01E-03	2.03E-03
285	1.91E-03	1.93E-03	1.95E-03	2.00E-03	2.01E-03	2.02E-03
285.25	1.91E-03	1.93E-03	1.95E-03	2.00E-03	2.01E-03	2.02E-03
285.5	1.91E-03	1.93E-03	1.95E-03	2.00E-03	2.01E-03	2.02E-03
285.75	1.91E-03	1.93E-03	1.95E-03	2.00E-03	2.00E-03	2.02E-03
286	1.91E-03	1.93E-03	1.95E-03	1.99E-03	2.00E-03	2.01E-03
286.25	1.91E-03	1.93E-03	1.95E-03	1.99E-03	2.00E-03	2.01E-03
286.5	1.90E-03	1.92E-03	1.94E-03	1.99E-03	2.00E-03	2.01E-03
286.75	1.90E-03	1.92E-03	1.94E-03	1.99E-03	2.00E-03	2.01E-03
287	1.90E-03	1.92E-03	1.94E-03	1.99E-03	2.00E-03	2.00E-03
287.25	1.90E-03	1.92E-03	1.94E-03	1.99E-03	1.99E-03	2.00E-03
287.5	1.91E-03	1.92E-03	1.94E-03	1.99E-03	1.99E-03	2.00E-03
287.75	1.91E-03	1.92E-03	1.94E-03	1.99E-03	1.99E-03	2.00E-03
288	1.91E-03	1.92E-03	1.94E-03	1.98E-03	1.99E-03	2.00E-03
288.25	1.91E-03	1.92E-03	1.94E-03	1.98E-03	1.99E-03	1.99E-03
288.5	1.91E-03	1.93E-03	1.95E-03	1.99E-03	1.99E-03	1.99E-03
288.75	1.92E-03	1.94E-03	1.97E-03	2.00E-03	1.98E-03	1.99E-03
289	1.92E-03	1.95E-03	1.98E-03	2.01E-03	1.99E-03	1.99E-03
289.25	1.92E-03	1.95E-03	1.98E-03	2.02E-03	1.99E-03	1.98E-03
289.5	1.91E-03	1.93E-03	1.97E-03	2.03E-03	2.00E-03	1.98E-03
289.75	1.91E-03	1.93E-03	1.96E-03	2.02E-03	2.00E-03	1.98E-03
290	1.91E-03	1.93E-03	1.96E-03	2.02E-03	2.00E-03	1.98E-03
290.25	1.91E-03	1.93E-03	1.95E-03	2.01E-03	2.00E-03	1.98E-03
290.5	1.94E-03	1.98E-03	2.00E-03	2.02E-03	2.00E-03	1.98E-03
290.75	1.96E-03	2.00E-03	2.04E-03	2.05E-03	2.01E-03	1.98E-03
291	1.97E-03	2.02E-03	2.06E-03	2.09E-03	2.02E-03	1.98E-03
291.25	1.98E-03	2.03E-03	2.08E-03	2.12E-03	2.03E-03	1.99E-03
291.5	1.93E-03	1.98E-03	2.04E-03	2.13E-03	2.05E-03	1.99E-03
291.75	1.93E-03	1.97E-03	2.02E-03	2.12E-03	2.07E-03	1.99E-03
292	1.93E-03	1.96E-03	2.01E-03	2.11E-03	2.07E-03	2.00E-03
292.25	1.92E-03	1.96E-03	2.00E-03	2.10E-03	2.07E-03	2.00E-03
292.5	1.92E-03	1.95E-03	1.99E-03	2.09E-03	2.07E-03	2.01E-03
292.75	1.92E-03	1.95E-03	1.99E-03	2.08E-03	2.07E-03	2.02E-03
293	1.92E-03	1.95E-03	1.98E-03	2.07E-03	2.07E-03	2.03E-03
293.25	1.92E-03	1.95E-03	1.98E-03	2.06E-03	2.07E-03	2.04E-03
293.5	2.03E-03	2.08E-03	2.12E-03	2.10E-03	2.06E-03	2.04E-03
293.75	2.06E-03	2.13E-03	2.20E-03	2.20E-03	2.07E-03	2.05E-03
294	2.08E-03	2.16E-03	2.24E-03	2.30E-03	2.11E-03	2.05E-03
294.25	2.09E-03	2.17E-03	2.26E-03	2.38E-03	2.17E-03	2.06E-03
294.5	1.98E-03	2.06E-03	2.16E-03	2.36E-03	2.22E-03	2.06E-03
294.75	1.97E-03	2.04E-03	2.12E-03	2.33E-03	2.24E-03	2.08E-03
295	1.97E-03	2.03E-03	2.11E-03	2.30E-03	2.25E-03	2.10E-03
295.25	1.96E-03	2.02E-03	2.09E-03	2.27E-03	2.24E-03	2.13E-03
295.5	1.95E-03	2.01E-03	2.08E-03	2.25E-03	2.23E-03	2.16E-03
295.75	1.95E-03	2.01E-03	2.07E-03	2.24E-03	2.23E-03	2.18E-03
296	1.95E-03	2.00E-03	2.07E-03	2.22E-03	2.22E-03	2.20E-03
296.25	1.95E-03	2.00E-03	2.06E-03	2.21E-03	2.22E-03	2.21E-03
296.5	1.94E-03	1.99E-03	2.05E-03	2.20E-03	2.21E-03	2.22E-03
296.75	1.95E-03	1.99E-03	2.04E-03	2.19E-03	2.21E-03	2.23E-03
297	1.94E-03	1.99E-03	2.04E-03	2.18E-03	2.20E-03	2.23E-03
297.25	1.94E-03	1.98E-03	2.04E-03	2.17E-03	2.20E-03	2.23E-03
297.5	1.94E-03	1.98E-03	2.03E-03	2.16E-03	2.19E-03	2.24E-03
297.75	1.94E-03	1.98E-03	2.03E-03	2.15E-03	2.19E-03	2.24E-03
298	1.94E-03	1.98E-03	2.02E-03	2.15E-03	2.18E-03	2.23E-03
298.25	1.94E-03	1.97E-03	2.02E-03	2.14E-03	2.18E-03	2.23E-03
298.5	1.93E-03	1.97E-03	2.02E-03	2.14E-03	2.18E-03	2.23E-03
298.75	1.93E-03	1.97E-03	2.01E-03	2.13E-03	2.17E-03	2.23E-03
299	1.93E-03	1.97E-03	2.01E-03	2.13E-03	2.17E-03	2.22E-03
299.25	1.93E-03	1.97E-03	2.01E-03	2.12E-03	2.17E-03	2.22E-03
299.5	1.92E-03	1.96E-03	2.00E-03	2.12E-03	2.16E-03	2.21E-03
299.75	1.92E-03	1.96E-03	2.00E-03	2.11E-03	2.16E-03	2.21E-03
300	1.92E-03	1.96E-03	2.00E-03	2.11E-03	2.15E-03	2.20E-03
300.25	1.92E-03	1.96E-03	2.00E-03	2.11E-03	2.15E-03	2.20E-03
300.5	1.93E-03	1.97E-03	2.01E-03	2.11E-03	2.15E-03	2.20E-03
300.75	1.93E-03	1.97E-03	2.02E-03	2.11E-03	2.14E-03	2.19E-03
301	1.93E-03	1.98E-03	2.02E-03	2.12E-03	2.14E-03	2.19E-03
301.25	1.94E-03	1.98E-03	2.02E-03	2.12E-03	2.14E-03	2.18E-03
301.5	1.93E-03	1.96E-03	2.01E-03	2.13E-03	2.14E-03	2.18E-03
301.75	1.92E-03	1.96E-03	2.01E-03	2.12E-03	2.14E-03	2.17E-03
302	1.92E-03	1.96E-03	2.00E-03	2.12E-03	2.14E-03	2.17E-03
302.25	1.92E-03	1.96E-03	2.00E-03	2.11E-03	2.14E-03	2.17E-03
302.5	1.92E-03	1.96E-03	2.00E-03	2.11E-03	2.14E-03	2.16E-03
302.75	1.92E-03	1.96E-03	2.00E-03	2.11E-03	2.14E-03	2.16E-03
303	1.92E-03	1.96E-03	2.00E-03	2.10E-03	2.13E-03	2.16E-03
303.25	1.92E-03	1.96E-03	2.00E-03	2.10E-03	2.13E-03	2.16E-03
303.5	1.92E-03	1.95E-03	2.00E-03	2.10E-03	2.13E-03	2.15E-03
303.75	1.92E-03	1.95E-03	1.99E-03	2.10E-03	2.13E-03	2.15E-03
304	1.92E-03	1.95E-03	1.99E-03	2.09E-03	2.12E-03	2.15E-03
304.25	1.92E-03	1.95E-03	1.99E-03	2.09E-03	2.12E-03	2.15E-03
304.5	1.92E-03	1.95E-03	1.99E-03	2.09E-03	2.12E-03	2.14E-03
304.75	1.92E-03	1.95E-03	1.99E-03	2.08E-03	2.11E-03	2.14E-03
305	1.92E-03	1.95E-03	1.99E-03	2.08E-03	2.11E-03	2.14E-03
305.25	1.92E-03	1.95E-03	1.98E-03	2.08E-03	2.11E-03	2.14E-03
305.5	1.93E-03	1.97E-03	2.01E-03	2.08E-03	2.11E-03	2.13E-03
305.75	1.94E-03	1.98E-03	2.02E-03	2.10E-03	2.10E-03	2.13E-03
306	1.94E-03	1.99E-03	2.03E-03	2.11E-03	2.10E-03	2.13E-03
306.25	1.95E-03	1.99E-03	2.04E-03	2.13E-03	2.11E-03	2.12E-03
306.5	1.93E-03	1.98E-03	2.03E-03	2.13E-03	2.12E-03	2.12E-03
306.75	1.93E-03	1.98E-03	2.03E-03	2.13E-03	2.12E-03	2.12E-03
307	1.93E-03	1.98E-03	2.03E-03	2.13E-03	2.13E-03	2.12E-03
307.25	1.93E-03	1.98E-03	2.02E-03	2.13E-03	2.13E-03	2.12E-03
307.5	1.92E-03	1.96E-03	2.01E-03	2.13E-03	2.13E-03	2.12E-03
307.75	1.92E-03	1.96E-03	2.01E-03	2.12E-03	2.13E-03	2.12E-03
308	1.92E-03	1.96E-03	2.00E-03	2.11E-03	2.13E-03	2.12E-03
308.25	1.92E-03	1.96E-03	2.00E-03	2.11E-03	2.13E-03	2.12E-03
308.5	1.92E-03	1.95E-03	2.00E-03	2.10E-03	2.12E-03	2.12E-03
308.75	1.92E-03	1.95E-03	1.99E-03	2.10E-03	2.12E-03	2.12E-03
309	1.92E-03	1.95E-03	1.99E-03	2.09E-03	2.12E-03	2.12E-03
309.25	1.92E-03	1.95E-03	1.99E-03	2.09E-03	2.11E-03	2.12E-03
309.5	1.92E-03	1.95E-03	1.99E-03	2.08E-03	2.11E-03	2.12E-03
309.75	1.92E-03	1.95E-03	1.99E-03	2.08E-03	2.11E-03	2.12E-03
310	1.92E-03	1.95E-03	1.98E-03	2.08E-03	2.10E-03	2.12E-03
310.25	1.91E-03	1.95E-03	1.98E-03	2.07E-03	2.10E-03	2.12E-03
310.5	1.93E-03	1.96E-03	2.00E-03	2.08E-03	2.10E-03	2.12E-03
310.75	1.93E-03	1.97E-03	2.01E-03	2.09E-03	2.10E-03	2.12E-03
311	1.94E-03	1.98E-03	2.02E-03	2.10E-03	2.10E-03	2.12E-03
311.25	1.94E-03	1.98E-03	2.03E-03	2.11E-03	2.10E-03	2.11E-03
311.5	1.92E-03	1.96E-03	2.01E-03	2.11E-03	2.10E-03	2.11E-03
311.75	1.92E-03	1.96E-03	2.00E-03	2.11E-03	2.11E-03	2.11E-03
312	1.92E-03	1.96E-03	2.00E-03	2.10E-03	2.11E-03	2.11E-03
312.25	1.92E-03	1.95E-03	2.00E-03	2.10E-03	2.11E-03	2.11E-03
312.5	1.92E-03	1.95E-03	1.99E-03	2.09E-03	2.11E-03	2.11E-03
312.75	1.92E-03	1.95E-03	1.99E-03	2.09E-03	2.11E-03	2.11E-03
313	1.92E-03	1.95E-03	1.99E-03	2.09E-03	2.10E-03	2.11E-03
313.25	1.92E-03	1.95E-03	1.99E-03	2.08E-03	2.10E-03	2.11E-03
313.5	1.92E-03	1.95E-03	1.99E-03	2.08E-03	2.10E-03	2.11E-03
313.75	1.92E-03	1.95E-03	1.99E-03	2.08E-03	2.10E-03	2.11E-03
314	1.92E-03	1.95E-03	1.99E-03	2.08E-03	2.09E-03	2.11E-03
314.25	1.92E-03	1.95E-03	1.99E-03	2.08E-03	2.09E-03	2.11E-03
314.5	1.93E-03	1.96E-03	2.00E-03	2.08E-03	2.09E-03	2.10E-03
314.75	1.93E-03	1.97E-03	2.01E-03	2.09E-03	2.09E-03	2.10E-03
315	1.93E-03	1.97E-03	2.01E-03	2.10E-03	2.09E-03	2.10E-03
315.25	1.93E-03	1.97E-03	2.02E-03	2.10E-03	2.10E-03	2.10E-03
315.5	1.92E-03	1.96E-03	2.00E-03	2.10E-03	2.10E-03	2.10E-03
315.75	1.92E-03	1.95E-03	2.00E-03	2.10E-03	2.10E-03	2.10E-03
316	1.92E-03	1.95E-03	1.99E-03	2.09E-03	2.10E-03	2.10E-03
316.25	1.92E-03	1.95E-03	1.99E-03	2.09E-03	2.10E-03	2.10E-03
316.5	1.92E-03	1.96E-03	2.00E-03	2.09E-03	2.10E-03	2.10E-03
316.75	1.92E-03	1.96E-03	2.00E-03	2.09E-03	2.10E-03	2.10E-03
317	1.92E-03	1.96E-03	2.00E-03	2.09E-03	2.10E-03	2.10E-03
317.25	1.92E-03	1.96E-03	2.00E-03	2.09E-03	2.10E-03	2.10E-03
317.5	1.92E-03	1.95E-03	2.00E-03	2.09E-03	2.10E-03	2.10E-03
317.75	1.92E-03	1.95E-03	2.00E-03	2.09E-03	2.10E-03	2.10E-03
318	1.92E-03	1.95E-03	1.99E-03	2.09E-03	2.10E-03	2.10E-03
318.25	1.92E-03	1.95E-03	1.99E-03	2.09E-03	2.10E-03	2.10E-03
318.5	1.91E-03	1.95E-03	1.99E-03	2.08E-03	2.09E-03	2.10E-03
318.75	1.91E-03	1.95E-03	1.98E-03	2.08E-03	2.09E-03	2.10E-03
319	1.91E-03	1.94E-03	1.98E-03	2.07E-03	2.09E-03	2.10E-03
319.25	1.91E-03	1.94E-03	1.98E-03	2.07E-03	2.09E-03	2.10E-03
319.5	1.91E-03	1.94E-03	1.98E-03	2.07E-03	2.09E-03	2.10E-03
319.75	1.91E-03	1.94E-03	1.98E-03	2.06E-03	2.08E-03	2.10E-03
320	1.91E-03	1.94E-03	1.98E-03	2.06E-03	2.08E-03	2.10E-03
320.25	1.91E-03	1.94E-03	1.98E-03	2.06E-03	2.08E-03	2.09E-03
320.5	1.91E-03	1.94E-03	1.97E-03	2.06E-03	2.08E-03	2.09E-03
320.75	1.91E-03	1.94E-03	1.97E-03	2.06E-03	2.07E-03	2.09E-03
321	1.91E-03	1.94E-03	1.97E-03	2.05E-03	2.07E-03	2.09E-03
321.25	1.91E-03	1.94E-03	1.97E-03	2.05E-03	2.07E-03	2.09E-03
321.5	1.95E-03	1.99E-03	2.02E-03	2.06E-03	2.07E-03	2.09E-03
321.75	1.96E-03	2.01E-03	2.05E-03	2.10E-03	2.07E-03	2.08E-03
322	1.97E-03	2.02E-03	2.08E-03	2.13E-03	2.08E-03	2.08E-03
322.25	1.98E-03	2.04E-03	2.09E-03	2.16E-03	2.09E-03	2.08E-03
322.5	2.10E-03	2.18E-03	2.25E-03	2.26E-03	2.11E-03	2.08E-03
322.75	2.13E-03	2.21E-03	2.30E-03	2.41E-03	2.16E-03	2.08E-03
323	2.14E-03	2.21E-03	2.31E-03	2.51E-03	2.27E-03	2.08E-03
323.25	2.14E-03	2.21E-03	2.31E-03	2.56E-03	2.39E-03	2.09E-03
323.5	2.02E-03	2.10E-03	2.20E-03	2.50E-03	2.45E-03	2.13E-03
323.75	1.99E-03	2.07E-03	2.17E-03	2.45E-03	2.45E-03	2.19E-03
324	1.99E-03	2.06E-03	2.16E-03	2.43E-03	2.44E-03	2.26E-03
324.25	1.98E-03	2.06E-03	2.16E-03	2.41E-03	2.42E-03	2.31E-03
324.5	1.97E-03	2.04E-03	2.14E-03	2.40E-03	2.41E-03	2.35E-03
324.75	1.96E-03	2.04E-03	2.13E-03	2.38E-03	2.40E-03	2.37E-03
325	1.96E-03	2.04E-03	2.13E-03	2.37E-03	2.39E-03	2.38E-03
325.25	1.96E-03	2.04E-03	2.13E-03	2.36E-03	2.38E-03	2.39E-03
325.5	1.97E-03	2.04E-03	2.13E-03	2.35E-03	2.37E-03	2.39E-03
325.75	1.97E-03	2.05E-03	2.14E-03	2.35E-03	2.37E-03	2.39E-03
326	1.97E-03	2.05E-03	2.14E-03	2.35E-03	2.36E-03	2.39E-03
326.25	1.97E-03	2.05E-03	2.14E-03	2.35E-03	2.36E-03	2.39E-03
326.5	1.97E-03	2.05E-03	2.14E-03	2.35E-03	2.35E-03	2.38E-03
326.75	1.97E-03	2.05E-03	2.14E-03	2.34E-03	2.35E-03	2.38E-03
327	1.97E-03	2.05E-03	2.14E-03	2.34E-03	2.35E-03	2.37E-03
327.25	1.97E-03	2.05E-03	2.13E-03	2.34E-03	2.34E-03	2.37E-03
327.5	1.96E-03	2.03E-03	2.12E-03	2.33E-03	2.34E-03	2.36E-03
327.75	1.96E-03	2.03E-03	2.11E-03	2.32E-03	2.33E-03	2.36E-03
328	1.96E-03	2.03E-03	2.11E-03	2.31E-03	2.33E-03	2.35E-03
328.25	1.95E-03	2.02E-03	2.10E-03	2.30E-03	2.32E-03	2.35E-03
328.5	1.95E-03	2.02E-03	2.10E-03	2.29E-03	2.32E-03	2.34E-03
328.75	1.95E-03	2.01E-03	2.09E-03	2.29E-03	2.31E-03	2.34E-03
329	1.95E-03	2.01E-03	2.09E-03	2.28E-03	2.30E-03	2.33E-03
329.25	1.95E-03	2.01E-03	2.08E-03	2.27E-03	2.30E-03	2.33E-03
329.5	1.94E-03	2.00E-03	2.08E-03	2.26E-03	2.29E-03	2.32E-03
329.75	1.94E-03	2.00E-03	2.08E-03	2.26E-03	2.29E-03	2.31E-03
330	1.94E-03	2.00E-03	2.07E-03	2.25E-03	2.28E-03	2.31E-03
330.25	1.94E-03	2.00E-03	2.07E-03	2.24E-03	2.28E-03	2.30E-03
330.5	1.97E-03	2.03E-03	2.10E-03	2.25E-03	2.27E-03	2.30E-03
330.75	1.98E-03	2.04E-03	2.12E-03	2.26E-03	2.27E-03	2.29E-03
331	1.98E-03	2.05E-03	2.13E-03	2.28E-03	2.27E-03	2.29E-03
331.25	1.99E-03	2.06E-03	2.14E-03	2.29E-03	2.28E-03	2.28E-03
331.5	1.96E-03	2.03E-03	2.11E-03	2.30E-03	2.28E-03	2.28E-03
331.75	1.95E-03	2.02E-03	2.10E-03	2.29E-03	2.28E-03	2.28E-03
332	1.95E-03	2.01E-03	2.09E-03	2.28E-03	2.28E-03	2.28E-03
332.25	1.95E-03	2.01E-03	2.08E-03	2.27E-03	2.28E-03	2.28E-03
332.5	1.97E-03	2.03E-03	2.10E-03	2.26E-03	2.28E-03	2.28E-03
332.75	1.98E-03	2.04E-03	2.12E-03	2.27E-03	2.28E-03	2.27E-03
333	1.98E-03	2.05E-03	2.13E-03	2.28E-03	2.28E-03	2.27E-03
333.25	1.98E-03	2.05E-03	2.13E-03	2.29E-03	2.28E-03	2.27E-03
333.5	1.96E-03	2.03E-03	2.11E-03	2.29E-03	2.28E-03	2.27E-03
333.75	1.95E-03	2.02E-03	2.10E-03	2.28E-03	2.28E-03	2.27E-03
334	1.95E-03	2.01E-03	2.09E-03	2.27E-03	2.28E-03	2.27E-03
334.25	1.95E-03	2.01E-03	2.08E-03	2.26E-03	2.28E-03	2.27E-03
334.5	1.94E-03	2.00E-03	2.07E-03	2.25E-03	2.27E-03	2.27E-03
334.75	1.94E-03	2.00E-03	2.07E-03	2.24E-03	2.27E-03	2.27E-03
335	1.94E-03	2.00E-03	2.06E-03	2.24E-03	2.27E-03	2.27E-03
335.25	1.94E-03	1.99E-03	2.06E-03	2.23E-03	2.26E-03	2.27E-03
335.5	1.94E-03	1.99E-03	2.06E-03	2.22E-03	2.26E-03	2.27E-03
335.75	1.94E-03	1.99E-03	2.05E-03	2.21E-03	2.25E-03	2.26E-03
336	1.94E-03	1.99E-03	2.05E-03	2.21E-03	2.25E-03	2.26E-03
336.25	1.93E-03	1.99E-03	2.05E-03	2.20E-03	2.24E-03	2.26E-03
336.5	1.93E-03	1.98E-03	2.04E-03	2.19E-03	2.23E-03	2.25E-03
336.75	1.93E-03	1.98E-03	2.04E-03	2.19E-03	2.23E-03	2.25E-03
337	1.93E-03	1.98E-03	2.04E-03	2.18E-03	2.22E-03	2.25E-03
337.25	1.93E-03	1.98E-03	2.03E-03	2.18E-03	2.22E-03	2.24E-03
337.5	1.93E-03	1.97E-03	2.03E-03	2.17E-03	2.21E-03	2.24E-03
337.75	1.93E-03	1.97E-03	2.03E-03	2.17E-03	2.21E-03	2.24E-03
338	1.93E-03	1.97E-03	2.03E-03	2.16E-03	2.20E-03	2.23E-03
338.25	1.93E-03	1.97E-03	2.02E-03	2.16E-03	2.20E-03	2.23E-03
338.5	1.93E-03	1.97E-03	2.02E-03	2.16E-03	2.20E-03	2.22E-03
338.75	1.93E-03	1.97E-03	2.02E-03	2.15E-03	2.19E-03	2.22E-03
339	1.93E-03	1.97E-03	2.02E-03	2.15E-03	2.19E-03	2.22E-03
339.25	1.92E-03	1.97E-03	2.02E-03	2.14E-03	2.18E-03	2.21E-03
339.5	1.92E-03	1.96E-03	2.01E-03	2.14E-03	2.18E-03	2.21E-03
339.75	1.92E-03	1.96E-03	2.01E-03	2.14E-03	2.17E-03	2.20E-03
340	1.92E-03	1.96E-03	2.01E-03	2.13E-03	2.17E-03	2.20E-03
340.25	1.92E-03	1.96E-03	2.01E-03	2.13E-03	2.17E-03	2.20E-03
340.5	1.92E-03	1.96E-03	2.01E-03	2.13E-03	2.16E-03	2.19E-03
340.75	1.92E-03	1.96E-03	2.01E-03	2.12E-03	2.16E-03	2.19E-03
341	1.92E-03	1.96E-03	2.00E-03	2.12E-03	2.16E-03	2.18E-03
341.25	1.92E-03	1.96E-03	2.00E-03	2.12E-03	2.15E-03	2.18E-03
341.5	1.92E-03	1.96E-03	2.00E-03	2.11E-03	2.15E-03	2.18E-03
341.75	1.92E-03	1.96E-03	2.00E-03	2.11E-03	2.15E-03	2.17E-03
342	1.92E-03	1.95E-03	2.00E-03	2.11E-03	2.14E-03	2.17E-03
342.25	1.92E-03	1.95E-03	2.00E-03	2.10E-03	2.14E-03	2.17E-03
342.5	1.92E-03	1.95E-03	1.99E-03	2.10E-03	2.14E-03	2.16E-03
342.75	1.92E-03	1.95E-03	1.99E-03	2.10E-03	2.13E-03	2.16E-03
343	1.92E-03	1.95E-03	1.99E-03	2.10E-03	2.13E-03	2.16E-03
343.25	1.92E-03	1.95E-03	1.99E-03	2.09E-03	2.13E-03	2.15E-03
343.5	1.91E-03	1.95E-03	1.99E-03	2.09E-03	2.12E-03	2.15E-03
343.75	1.91E-03	1.95E-03	1.99E-03	2.09E-03	2.12E-03	2.15E-03
344	1.91E-03	1.95E-03	1.99E-03	2.08E-03	2.12E-03	2.14E-03
344.25	1.91E-03	1.95E-03	1.99E-03	2.08E-03	2.11E-03	2.14E-03
344.5	1.91E-03	1.95E-03	1.98E-03	2.08E-03	2.11E-03	2.14E-03
344.75	1.91E-03	1.95E-03	1.98E-03	2.08E-03	2.11E-03	2.13E-03
345	1.91E-03	1.95E-03	1.98E-03	2.08E-03	2.10E-03	2.13E-03
345.25	1.91E-03	1.94E-03	1.98E-03	2.07E-03	2.10E-03	2.13E-03
345.5	1.91E-03	1.94E-03	1.98E-03	2.07E-03	2.10E-03	2.12E-03
345.75	1.91E-03	1.94E-03	1.98E-03	2.07E-03	2.09E-03	2.12E-03
346	1.91E-03	1.94E-03	1.98E-03	2.07E-03	2.09E-03	2.12E-03
346.25	1.91E-03	1.94E-03	1.98E-03	2.06E-03	2.09E-03	2.11E-03
346.5	1.91E-03	1.94E-03	1.98E-03	2.06E-03	2.09E-03	2.11E-03
346.75	1.91E-03	1.94E-03	1.98E-03	2.06E-03	2.08E-03	2.11E-03
347	1.91E-03	1.94E-03	1.97E-03	2.06E-03	2.08E-03	2.10E-03
347.25	1.91E-03	1.94E-03	1.97E-03	2.06E-03	2.08E-03	2.10E-03
347.5	1.91E-03	1.94E-03	1.97E-03	2.05E-03	2.08E-03	2.10E-03
347.75	1.91E-03	1.94E-03	1.97E-03	2.05E-03	2.07E-03	2.10E-03
348	1.91E-03	1.94E-03	1.97E-03	2.05E-03	2.07E-03	2.09E-03
348.25	1.91E-03	1.94E-03	1.97E-03	2.05E-03	2.07E-03	2.09E-03
348.5	1.91E-03	1.94E-03	1.97E-03	2.05E-03	2.07E-03	2.09E-03
348.75	1.91E-03	1.94E-03	1.97E-03	2.05E-03	2.06E-03	2.08E-03
349	1.91E-03	1.94E-03	1.97E-03	2.04E-03	2.06E-03	2.08E-03
349.25	1.91E-03	1.94E-03	1.97E-03	2.04E-03	2.06E-03	2.08E-03
349.5	1.91E-03	1.93E-03	1.97E-03	2.04E-03	2.06E-03	2.08E-03
349.75	1.91E-03	1.93E-03	1.97E-03	2.04E-03	2.06E-03	2.07E-03
350	1.91E-03	1.93E-03	1.96E-03	2.04E-03	2.05E-03	2.07E-03
350.25	1.91E-03	1.93E-03	1.96E-03	2.04E-03	2.05E-03	2.07E-03
350.5	1.91E-03	1.94E-03	1.97E-03	2.04E-03	2.05E-03	2.06E-03
350.75	1.91E-03	1.94E-03	1.97E-03	2.04E-03	2.05E-03	2.06E-03
351	1.91E-03	1.94E-03	1.98E-03	2.04E-03	2.05E-03	2.06E-03
351.25	1.91E-03	1.94E-03	1.98E-03	2.05E-03	2.05E-03	2.06E-03
351.5	2.00E-03	2.05E-03	2.09E-03	2.08E-03	2.05E-03	2.05E-03
351.75	2.03E-03	2.09E-03	2.15E-03	2.16E-03	2.06E-03	2.05E-03
352	2.05E-03	2.12E-03	2.19E-03	2.24E-03	2.08E-03	2.05E-03
352.25	2.06E-03	2.13E-03	2.22E-03	2.31E-03	2.13E-03	2.05E-03
352.5	1.97E-03	2.05E-03	2.14E-03	2.31E-03	2.17E-03	2.05E-03
352.75	1.96E-03	2.02E-03	2.11E-03	2.28E-03	2.20E-03	2.06E-03
353	1.95E-03	2.01E-03	2.09E-03	2.26E-03	2.20E-03	2.07E-03
353.25	1.95E-03	2.01E-03	2.08E-03	2.24E-03	2.20E-03	2.09E-03
353.5	1.94E-03	2.00E-03	2.07E-03	2.23E-03	2.20E-03	2.10E-03
353.75	1.94E-03	1.99E-03	2.06E-03	2.21E-03	2.20E-03	2.12E-03
354	1.93E-03	1.99E-03	2.05E-03	2.20E-03	2.19E-03	2.14E-03
354.25	1.93E-03	1.98E-03	2.04E-03	2.19E-03	2.19E-03	2.15E-03
354.5	1.93E-03	1.98E-03	2.04E-03	2.18E-03	2.18E-03	2.16E-03
354.75	1.93E-03	1.98E-03	2.03E-03	2.17E-03	2.18E-03	2.16E-03
355	1.93E-03	1.97E-03	2.03E-03	2.16E-03	2.17E-03	2.17E-03
355.25	1.93E-03	1.97E-03	2.02E-03	2.15E-03	2.17E-03	2.17E-03
355.5	1.92E-03	1.97E-03	2.02E-03	2.15E-03	2.17E-03	2.17E-03
355.75	1.92E-03	1.97E-03	2.02E-03	2.14E-03	2.16E-03	2.18E-03
356	1.92E-03	1.97E-03	2.02E-03	2.14E-03	2.16E-03	2.18E-03
356.25	1.92E-03	1.96E-03	2.01E-03	2.13E-03	2.16E-03	2.18E-03
356.5	1.95E-03	2.00E-03	2.05E-03	2.14E-03	2.15E-03	2.18E-03
356.75	1.96E-03	2.02E-03	2.07E-03	2.16E-03	2.15E-03	2.17E-03
357	1.97E-03	2.03E-03	2.09E-03	2.18E-03	2.16E-03	2.17E-03
357.25	1.97E-03	2.03E-03	2.10E-03	2.20E-03	2.17E-03	2.17E-03
357.5	1.94E-03	2.00E-03	2.07E-03	2.21E-03	2.18E-03	2.17E-03
357.75	1.94E-03	1.99E-03	2.05E-03	2.20E-03	2.18E-03	2.17E-03
358	1.94E-03	1.98E-03	2.04E-03	2.19E-03	2.19E-03	2.17E-03
358.25	1.93E-03	1.98E-03	2.04E-03	2.18E-03	2.19E-03	2.17E-03
358.5	2.00E-03	2.06E-03	2.12E-03	2.19E-03	2.18E-03	2.18E-03
358.75	2.02E-03	2.09E-03	2.16E-03	2.24E-03	2.19E-03	2.18E-03
359	2.03E-03	2.11E-03	2.19E-03	2.29E-03	2.21E-03	2.18E-03
359.25	2.04E-03	2.12E-03	2.21E-03	2.34E-03	2.23E-03	2.18E-03
359.5	1.97E-03	2.05E-03	2.15E-03	2.34E-03	2.26E-03	2.19E-03
359.75	1.96E-03	2.03E-03	2.12E-03	2.32E-03	2.27E-03	2.20E-03
360	1.95E-03	2.02E-03	2.11E-03	2.30E-03	2.27E-03	2.21E-03
360.25	1.95E-03	2.02E-03	2.10E-03	2.29E-03	2.27E-03	2.22E-03
360.5	1.95E-03	2.01E-03	2.09E-03	2.27E-03	2.27E-03	2.23E-03
360.75	1.94E-03	2.01E-03	2.08E-03	2.26E-03	2.26E-03	2.24E-03
361	1.94E-03	2.00E-03	2.07E-03	2.25E-03	2.26E-03	2.25E-03
361.25	1.94E-03	2.00E-03	2.07E-03	2.24E-03	2.25E-03	2.25E-03
361.5	1.95E-03	2.01E-03	2.07E-03	2.23E-03	2.25E-03	2.25E-03
361.75	1.95E-03	2.01E-03	2.08E-03	2.23E-03	2.24E-03	2.25E-03
362	1.95E-03	2.01E-03	2.08E-03	2.23E-03	2.24E-03	2.25E-03
362.25	1.95E-03	2.01E-03	2.08E-03	2.23E-03	2.24E-03	2.25E-03
362.5	1.97E-03	2.04E-03	2.11E-03	2.24E-03	2.24E-03	2.25E-03
362.75	1.98E-03	2.05E-03	2.12E-03	2.26E-03	2.24E-03	2.25E-03
363	1.99E-03	2.06E-03	2.14E-03	2.28E-03	2.25E-03	2.25E-03
363.25	1.99E-03	2.06E-03	2.15E-03	2.29E-03	2.26E-03	2.25E-03
363.5	1.96E-03	2.03E-03	2.12E-03	2.30E-03	2.27E-03	2.25E-03
363.75	1.95E-03	2.02E-03	2.10E-03	2.28E-03	2.27E-03	2.25E-03
364	1.95E-03	2.01E-03	2.09E-03	2.27E-03	2.27E-03	2.25E-03
364.25	1.95E-03	2.01E-03	2.08E-03	2.26E-03	2.27E-03	2.25E-03
364.5	1.95E-03	2.01E-03	2.08E-03	2.25E-03	2.26E-03	2.26E-03
364.75	1.95E-03	2.00E-03	2.07E-03	2.25E-03	2.26E-03	2.26E-03
365	1.95E-03	2.00E-03	2.07E-03	2.24E-03	2.26E-03	2.26E-03
