  0.29984936133269E+04  0.36500000000000E+02  0.36500000000000E+02  0.00000000000000E+00   12       1

  0.70000000000000E-02  0.10000000000000E+01  0.00000000000000E+00  0.18815646398821E+00  0.11747940864512E-02  0.40835511622323E-01  0.78083194781315E-12  0.99999998064004E-02  0.50138893036703E-04  0.99999998178383E-04  0.52707829545519E-01  0.99846598022734E-01  0.11172841200459E-02  0.14299999371512E-01  0.11162088102037E-10  0.12208594093662E-10  0.12115766954342E-03  0.57359788327627E-02  0.84946022485042E-01  0.90919999867952E-01  0.66074508555715E-08  0.22459296596374E-01  0.27075794239949E-08  0.10000000000000E-09  0.13474881543013E-08  0.10000000000000E-09  0.28640123276744E+01  0.68708778073652E-01  0.28329318029177E+00  0.43805093293803E-01  0.30126776037547E-08  0.10000000000000E-09  0.34180243819073E-08  0.10000000000000E-09  0.55748612853255E+00  0.87190867586515E+01

  0.69999997750923E-02  0.10000000000000E+01  0.00000000000000E+00  0.18815714968108E+00  0.11747716152976E-02  0.40835354090110E-01  0.78086313800283E-12  0.99999998063386E-02  0.50138907648130E-04  0.99999998229563E-04  0.52707940246044E-01  0.99846598044588E-01  0.11172847019909E-02  0.14299999392943E-01  0.11160827461075E-10  0.12207215651131E-10  0.12115766958838E-03  0.57359985188202E-02  0.84946019367063E-01  0.90919999873647E-01  0.66075544773506E-08  0.22459375340607E-01  0.27075794239949E-08  0.10000000000000E-09  0.13474881543013E-08  0.10000000000000E-09  0.52007703720060E+01  0.12476851927252E+00  0.14123639836810E-07  0.21839119461412E-08  0.30126776037547E-08  0.10000000000000E-09  0.34180243819073E-08  0.10000000000000E-09  0.54523147844357E+00  0.77229736503357E+01

  0.69999994944285E-02  0.10000000000000E+01  0.00000000000000E+00  0.18815714966207E+00  0.11747716145351E-02  0.40835354135604E-01  0.78086313898533E-12  0.99999998064807E-02  0.50138907513471E-04  0.99999997939716E-04  0.52707940219589E-01  0.99846597931323E-01  0.11172846934862E-02  0.14299999276818E-01  0.11160827312511E-10  0.12207215488170E-10  0.12115766959017E-03  0.57359985398528E-02  0.84946019338147E-01  0.90919999839990E-01  0.66075545041287E-08  0.22459375424730E-01  0.27075794239949E-08  0.10000000000000E-09  0.13474881543013E-08  0.10000000000000E-09  0.64720423771615E+01  0.15526683285499E+00  0.21534171153036E-06  0.33297885088230E-07  0.30126776037547E-08  0.10000000000000E-09  0.34180243819073E-08  0.10000000000000E-09  0.51473313374712E+00  0.57069974349206E+01

  0.69999991420199E-02  0.10000000000000E+01  0.00000000000000E+00  0.18777767589609E+00  0.11665715498115E-02  0.40435305932828E-01  0.79112820483869E-12  0.10000000927865E-01  0.50137766140445E-04  0.10000018776974E-03  0.52639061326561E-01  0.99846558483986E-01  0.11531900692063E-02  0.14761340325975E-01  0.11161903362889E-10  0.12208015923389E-10  0.12115762717697E-03  0.56130119605554E-02  0.84948562026860E-01  0.90920022061298E-01  0.65131388701634E-08  0.21967429107541E-01  0.27075794239949E-08  0.10000000000000E-09  0.13474881543013E-08  0.10000000000000E-09  0.71758553782400E+01  0.17215158255707E+00  0.64671287969119E-09  0.10000000000000E-09  0.30126776037547E-08  0.10000000000000E-09  0.34180243819073E-08  0.10000000000000E-09  0.49784841724292E+00  0.48221898068800E+01

  0.69999948356027E-02  0.10000000000000E+01  0.00000000000000E+00  0.19500140030465E+00  0.17749933052424E-03  0.20356407631935E-01  0.34645763769757E-10  0.10000001751103E-01  0.51489104931636E-02  0.10313743425209E-01  0.54851896770132E-01  0.11006025723464E+00  0.27577484549512E-02  0.36011566362810E-01  0.11140520484054E-10  0.12208742929694E-10  0.12115475262577E-03  0.15403309879105E-03  0.84805668812713E-01  0.90920030059647E-01  0.15215615279319E-09  0.13151366048343E-03  0.27075794239949E-08  0.10000000000000E-09  0.33404081304811E+01  0.24789888651846E+00  0.63729769599717E+01  0.15289021467542E+00  0.64671287969119E-09  0.10000000000000E-09  0.98366193487384E+00  0.32650753391199E-01  0.34180243819073E-08  0.10000000000000E-09  0.23656014541492E+00  0.22381936511329E+00

  0.69999675526789E-02  0.10000000000000E+01  0.00000000000000E+00  0.19500286189118E+00  0.17635321468714E-03  0.20351471295759E-01  0.35096630392023E-10  0.10000002740825E-01  0.51492414782254E-02  0.10314401400594E-01  0.54852469695016E-01  0.11006082120126E+00  0.27579172982915E-02  0.36014563621925E-01  0.31703960765674E-08  0.34743952981102E-08  0.12115475163774E-03  0.15350584097497E-03  0.84805624089946E-01  0.90920033666510E-01  0.14997383829547E-09  0.12940462921618E-03  0.27075794239949E-08  0.10000000000000E-09  0.44130549184341E+01  0.32750231639122E+00  0.47849997719733E+01  0.11479401964794E+00  0.35935651240119E-08  0.55566623719136E-09  0.25346935097650E+01  0.84134243458578E-01  0.34180243819073E-08  0.10000000000000E-09  0.14356942004661E+00  0.39757959453607E-01

  0.69998705818546E-02  0.10000000000000E+01  0.00000000000000E+00  0.19500290340386E+00  0.17635311245177E-03  0.20351472638417E-01  0.35096677344695E-10  0.10000003566804E-01  0.51492400885679E-02  0.10314399969907E-01  0.54852492154901E-01  0.11006085174570E+00  0.27579166010129E-02  0.36014566036402E-01  0.31704011510477E-08  0.34744009533557E-08  0.12115475163833E-03  0.15350580034013E-03  0.84805624408878E-01  0.90920035966610E-01  0.14997364874818E-09  0.12940446667415E-03  0.27075794239949E-08  0.10000000000000E-09  0.48844662503992E+01  0.36248676730904E+00  0.35501094308224E+01  0.85168516441974E-01  0.60975479343628E-07  0.94285240418815E-08  0.36618885374893E+01  0.12154929996245E+00  0.34180243819073E-08  0.10000000000000E-09  0.10079540695801E+00  0.12480379028291E-01

  0.69996614713301E-02  0.10000000000000E+01  0.00000000000000E+00  0.19500297533193E+00  0.17635312069044E-03  0.20351474174393E-01  0.35096682614763E-10  0.10000004260607E-01  0.51492385173476E-02  0.10314398322889E-01  0.54852522333397E-01  0.11006091491491E+00  0.27579173008017E-02  0.36014587879063E-01  0.31703985459487E-08  0.34743982122151E-08  0.12115475163882E-03  0.15350581194391E-03  0.84805623786713E-01  0.90920037698471E-01  0.14997367357281E-09  0.12940451308737E-03  0.27075794239949E-08  0.10000000000000E-09  0.51820081912763E+01  0.38456799599572E+00  0.28795184491388E+01  0.69080776004032E-01  0.21012209510982E-07  0.32490785587903E-08  0.40049888310570E+01  0.13293784990686E+00  0.34180243819073E-08  0.10000000000000E-09  0.83413374944311E-01  0.68074212938555E-02

  0.69993561454258E-02  0.10000000000000E+01  0.00000000000000E+00  0.19500292568292E+00  0.17635306596704E-03  0.20351475198246E-01  0.35096702171693E-10  0.10000004860850E-01  0.51492386084572E-02  0.10314398466516E-01  0.54852511947980E-01  0.11006085918140E+00  0.27579145271155E-02  0.36014551335428E-01  0.31704017651182E-08  0.34744017200050E-08  0.12115475163912E-03  0.15350578726563E-03  0.84805625286490E-01  0.90920038825581E-01  0.14997357285789E-09  0.12940441437290E-03  0.27075794239949E-08  0.10000000000000E-09  0.53626088833102E+01  0.39797076257718E+00  0.21806395695923E+01  0.52314397811060E-01  0.30481818502197E-07  0.47133464415850E-08  0.42807178750428E+01  0.14209014166361E+00  0.34180243819073E-08  0.10000000000000E-09  0.77624693334804E-01  0.54176000086309E-02

  0.69989656014642E-02  0.10000000000000E+01  0.00000000000000E+00  0.19500291387814E+00  0.17635304745867E-03  0.20351476122454E-01  0.35096710288983E-10  0.10000005349079E-01  0.51492385382915E-02  0.10314398407350E-01  0.54852510609908E-01  0.11006084425020E+00  0.27579136090632E-02  0.36014540039247E-01  0.31704027127193E-08  0.34744027593399E-08  0.12115475163929E-03  0.15350577948537E-03  0.84805626054930E-01  0.90920039649923E-01  0.14997353968684E-09  0.12940438325110E-03  0.27075794239949E-08  0.10000000000000E-09  0.54812731540724E+01  0.40677709385241E+00  0.12894703599197E+01  0.30934899244731E-01  0.10570686331946E-07  0.16345254074719E-08  0.48442312770609E+01  0.16079487798573E+00  0.34180243819073E-08  0.10000000000000E-09  0.71493127382601E-01  0.41768148136237E-02

  0.69984960977755E-02  0.10000000000000E+01  0.00000000000000E+00  0.19500291521335E+00  0.17635303964974E-03  0.20351476883795E-01  0.35096714854078E-10  0.10000005734614E-01  0.51492383442144E-02  0.10314398210359E-01  0.54852512907375E-01  0.11006084337939E+00  0.27579132409358E-02  0.36014536856678E-01  0.31704028943907E-08  0.34744029701912E-08  0.12115475163952E-03  0.15350577700610E-03  0.84805626237721E-01  0.90920040084520E-01  0.14997352659351E-09  0.12940437333306E-03  0.27075794239949E-08  0.10000000000000E-09  0.55482438778821E+01  0.41174713559978E+00  0.18646668250915E+00  0.44734087848898E-02  0.64512213057928E-07  0.99754025447479E-08  0.55730770041871E+01  0.18498750072830E+00  0.34180243819073E-08  0.10000000000000E-09  0.68791945011623E-01  0.36994903484327E-02

  0.69980099479677E-02  0.10000000000000E+01  0.00000000000000E+00  0.19500291917665E+00  0.17635303361909E-03  0.20351477450120E-01  0.35096718577169E-10  0.10000006018387E-01  0.51492381145351E-02  0.10314397975794E-01  0.54852516079097E-01  0.11006084544405E+00  0.27579129729161E-02  0.36014535266718E-01  0.31704029259687E-08  0.34744030194638E-08  0.12115475163966E-03  0.15350577548407E-03  0.84805625884600E-01  0.90920040007027E-01  0.14997351691567E-09  0.12940436724437E-03  0.27075794239949E-08  0.10000000000000E-09  0.56072743115831E+01  0.41612791130549E+00  0.25514237760477E-01  0.61209656224717E-03  0.35059574906692E-07  0.54211963311189E-08  0.55252047844980E+01  0.18339847508449E+00  0.34180243819073E-08  0.10000000000000E-09  0.69861511726577E-01  0.38836607554481E-02

  0.69974983855252E-02  0.10000000000000E+01  0.00000000000000E+00  0.19500292780785E+00  0.17635303056748E-03  0.20351477779007E-01  0.35096721069997E-10  0.10000006176071E-01  0.51492378193367E-02  0.10314397670770E-01  0.54852520817782E-01  0.11006085247990E+00  0.27579128643936E-02  0.36014536273659E-01  0.31704027018028E-08  0.34744027936919E-08  0.12115475163989E-03  0.15350577559244E-03  0.84805624889045E-01  0.90920039352954E-01  0.14997351300432E-09  0.12940436767696E-03  0.27075794239949E-08  0.10000000000000E-09  0.57019184404802E+01  0.42315165608536E+00  0.14947714624320E-01  0.35860153146220E-03  0.21632386387837E-07  0.33449753464267E-08  0.54165203824288E+01  0.17979090678930E+00  0.34180243819073E-08  0.10000000000000E-09  0.66698832348898E-01  0.33568632931112E-02

  0.69968552572543E-02  0.10000000000000E+01  0.00000000000000E+00  0.19500282102215E+00  0.17635301200850E-03  0.20351477617735E-01  0.35096719697680E-10  0.10000006216550E-01  0.51492401330144E-02  0.10314400108181E-01  0.54852476760498E-01  0.11006075659608E+00  0.27579116110029E-02  0.36014501305395E-01  0.31704068446245E-08  0.34744071674169E-08  0.12115475164005E-03  0.15350575593211E-03  0.84805627052860E-01  0.90920038165954E-01  0.14997346571464E-09  0.12940428903486E-03  0.27075794239949E-08  0.10000000000000E-09  0.58033183622758E+01  0.43067676281613E+00  0.30811068850526E-01  0.73916961578925E-03  0.14749971191757E-06  0.22807603891854E-07  0.53590638946733E+01  0.17788374992380E+00  0.34180243819073E-08  0.10000000000000E-09  0.60700294936680E-01  0.24979665133654E-02

  0.69955223265335E-02  0.10000000000000E+01  0.00000000000000E+00  0.26056414664682E+00  0.23661873635053E-04  0.12929108843175E+00  0.14059120268623E-07  0.66723104464065E-01  0.47310213792808E-02  0.98723407059017E-02  0.72374660858602E-01  0.10961873419373E+00  0.73731118632073E-05  0.10724402942495E-03  0.31304380321364E-08  0.34744050080124E-08  0.10955476572464E-43  0.12837861294128E-05  0.83832057510768E-01  0.90920037076161E-01  0.29354839708928E-01  0.56243614723368E-01  0.27075794239949E-08  0.10000000000000E-09  0.58483033379876E+01  0.43401519481408E+00  0.16078922953161E-01  0.38573966256254E-03  0.64671287969119E-09  0.10000000000000E-09  0.39525099883224E+01  0.13119591633026E+00  0.20453380513715E+01  0.59839773589625E-01  0.44563375703476E-01  0.95532920580524E-03

  0.69923889509083E-02  0.10000000000000E+01  0.00000000000000E+00  0.26057209770444E+00  0.23621677162339E-04  0.12929684189733E+00  0.14107057865387E-07  0.66729652572203E-01  0.47310255256844E-02  0.98723941396140E-02  0.72375836295169E-01  0.10961880329022E+00  0.72421981391681E-05  0.10534283951652E-03  0.31304368479409E-08  0.34744040439389E-08  0.10803259707825E-43  0.12811326252016E-05  0.83831957660188E-01  0.90920036009011E-01  0.29356656831144E-01  0.56250152286462E-01  0.27075794239949E-08  0.10000000000000E-09  0.58797558444147E+01  0.43634935310161E+00  0.11557197105041E-02  0.27726168751813E-04  0.64671287969119E-09  0.10000000000000E-09  0.26690505556789E+01  0.88593965459578E-01  0.37863352119136E+01  0.11077554718322E+00  0.34253408186842E-01  0.42462697681806E-03

  0.69883540189016E-02  0.10000000000000E+01  0.00000000000000E+00  0.26057211057909E+00  0.23621676830523E-04  0.12929685633892E+00  0.14107060125852E-07  0.66729660184621E-01  0.47310254935792E-02  0.98723941027023E-02  0.72375839070732E-01  0.10961880924655E+00  0.72421915075563E-05  0.10534274376833E-03  0.31304364360105E-08  0.34744035918546E-08  0.10803253156882E-43  0.12811326081788E-05  0.83831956265662E-01  0.90920034627730E-01  0.29356660714962E-01  0.56250159956878E-01  0.27075794239949E-08  0.10000000000000E-09  0.59014754504484E+01  0.43796121187487E+00  0.10530364815358E-02  0.25262757849948E-04  0.64671287969119E-09  0.10000000000000E-09  0.21825473673604E+01  0.72445434076329E-01  0.42244403622152E+01  0.12359304353054E+00  0.35975047860409E-01  0.49368527216596E-03

  0.69846879870142E-02  0.10000000000000E+01  0.00000000000000E+00  0.26057211304597E+00  0.23621678172751E-04  0.12929686269815E+00  0.14107059286050E-07  0.66729663411815E-01  0.47310255422848E-02  0.98723941497872E-02  0.72375838729345E-01  0.10961881007416E+00  0.72421927604523E-05  0.10534276049973E-03  0.31304362814785E-08  0.34744034172888E-08  0.10803255343116E-43  0.12811326955197E-05  0.83831954809886E-01  0.90920032989635E-01  0.29356662617342E-01  0.56250163300021E-01  0.27075794239949E-08  0.10000000000000E-09  0.59286712708420E+01  0.43997947231796E+00  0.75206225194826E-03  0.18042268138085E-04  0.64671287969119E-09  0.10000000000000E-09  0.16851670222501E+01  0.55935856533400E-01  0.47056373740411E+01  0.13767126410653E+00  0.36395364873974E-01  0.51163830616227E-03

  0.69773718461655E-02  0.10000000000000E+01  0.00000000000000E+00  0.26057211285315E+00  0.23621678854103E-04  0.12929686568021E+00  0.14107058796513E-07  0.66729664923851E-01  0.47310255949131E-02  0.98723942031808E-02  0.72375837877362E-01  0.10961880963930E+00  0.72421933853311E-05  0.10534276809671E-03  0.31304362242487E-08  0.34744033499012E-08  0.10803256358181E-43  0.12811327390199E-05  0.83831953734675E-01  0.90920031743624E-01  0.29356663616742E-01  0.56250164932559E-01  0.27075794239949E-08  0.10000000000000E-09  0.59866328168649E+01  0.44428092356544E+00  0.45005237334240E-03  0.10796932800430E-04  0.64671287969119E-09  0.10000000000000E-09  0.15207316235697E+01  0.50477741849124E-01  0.51263256283837E+01  0.14997920013441E+00  0.25251337618220E-01  0.16698999442472E-03

  0.69272026932506E-02  0.10000000000000E+01  0.00000000000000E+00  0.26057211258771E+00  0.23621679180690E-04  0.12929686707151E+00  0.14107058553763E-07  0.66729665629135E-01  0.47310256237406E-02  0.98723942325473E-02  0.72375837386672E-01  0.10961880932701E+00  0.72421936836177E-05  0.10534277162474E-03  0.31304361998303E-08  0.34744033206517E-08  0.10803256830545E-43  0.12811327597728E-05  0.83831953173950E-01  0.90920031090936E-01  0.29356664102092E-01  0.56250165709950E-01  0.27075794239949E-08  0.10000000000000E-09  0.60614122223046E+01  0.44983046440564E+00  0.36423269794390E-03  0.87380851570971E-05  0.64671287969119E-09  0.10000000000000E-09  0.15121022606999E+01  0.50191306856578E-01  0.53760659378471E+01  0.15728576912161E+00  0.12683721631017E-01  0.20627666025487E-04

  0.34413680069259E-02  0.10000000000000E+01  0.00000000000000E+00  0.26057211251832E+00  0.23621679257013E-04  0.12929686739783E+00  0.14107058497020E-07  0.66729665794551E-01  0.47310256305946E-02  0.98723942395614E-02  0.72375837269585E-01  0.10961880925045E+00  0.72421937532161E-05  0.10534277244522E-03  0.31304361941539E-08  0.34744033138417E-08  0.10803256941601E-43  0.12811327646279E-05  0.83831953039371E-01  0.90920030934397E-01  0.29356664215133E-01  0.56250165890507E-01  0.80460492046501E-02  0.29716761522653E-03  0.61307996572506E+01  0.45497985549486E+00  0.34621014619892E-03  0.83057170781606E-05  0.64671287969119E-09  0.10000000000000E-09  0.15124722472285E+01  0.50203587843036E-01  0.55206187592855E+01  0.16151490283416E+00  0.30000000000000E-02  0.26766773735619E-06

  0.15547508944547E-06  0.10000000000000E+01  0.00000000000000E+00  0.14088145050745E+00  0.11223255690643E-05  0.12962272042111E+00  0.35975199686938E-05  0.81651408430422E-01  0.70109427557472E-02  0.13325723254591E-01  0.32633638128026E-01  0.42125138881634E-01  0.64625084235914E-09  0.26669619602472E-07  0.32586155182086E-08  0.34744003655127E-08  0.33781626193270E-44  0.55168676348066E-07  0.85841104365677E-01  0.90920025550945E-01  0.78720145360343E-04  0.22000523934084E-03  0.24016137019424E+01  0.88699658472028E-01  0.38849811285452E+01  0.28831282235349E+00  0.18750330899224E-03  0.44982778604463E-05  0.64671287969119E-09  0.10000000000000E-09  0.15095250938381E+01  0.50105762792433E-01  0.38129048875564E+01  0.11155288732694E+00  0.13132437097725E+00  0.29576262578140E-01

  0.12169311629380E-06  0.10000000000000E+01  0.00000000000000E+00  0.14086687489176E+00  0.11216004680427E-05  0.12962303679163E+00  0.36014402105669E-05  0.81659263985408E-01  0.70091395341242E-02  0.13321790214333E-01  0.32624792657569E-01  0.42112782484500E-01  0.64493264940975E-09  0.26644862826198E-07  0.32586513335527E-08  0.34743899670695E-08  0.34064031223961E-44  0.55135998730284E-07  0.85841594838966E-01  0.90920006620309E-01  0.78453463631053E-04  0.21929806839620E-03  0.48604805867159E+01  0.17951386923839E+00  0.15501959187592E+01  0.11504338007060E+00  0.27932429888048E-04  0.67010993901487E-06  0.64671287969119E-09  0.10000000000000E-09  0.15063535196956E+01  0.50000488529480E-01  0.20011617742268E+01  0.58547322974629E-01  0.26689426927695E+00  0.34858371792829E+00

  0.11679282222505E-06  0.10000000000000E+01  0.00000000000000E+00  0.14086683767435E+00  0.11216014949873E-05  0.12962319047261E+00  0.36014383394958E-05  0.81659349036052E-01  0.70091426087583E-02  0.13321793957953E-01  0.32624770090809E-01  0.42112756584590E-01  0.64493437194479E-09  0.26644888596153E-07  0.32586470151987E-08  0.34743852388882E-08  0.34064231502270E-44  0.55136044600030E-07  0.85841585145533E-01  0.90919994340581E-01  0.78453488332389E-04  0.21929816349421E-03  0.51033441402937E+01  0.18848363579170E+00  0.13146036011615E+01  0.97559566439611E-01  0.20166431547064E-04  0.48380059551973E-06  0.64671287969119E-09  0.10000000000000E-09  0.15063491642357E+01  0.50000343958422E-01  0.19014702629311E+01  0.55630681659155E-01  0.27832528855052E+00  0.40794123817446E+00

  0.11256955073073E-06  0.10000000000000E+01  0.00000000000000E+00  0.14086681941771E+00  0.11216011526876E-05  0.12962311050334E+00  0.36014378378733E-05  0.81659302240558E-01  0.70091430823381E-02  0.13321794109670E-01  0.32624765098564E-01  0.42112750955934E-01  0.64493375477433E-09  0.26644877728400E-07  0.32586498893021E-08  0.34743882826400E-08  0.34064136529196E-44  0.55136028944295E-07  0.85841580583252E-01  0.90919988754001E-01  0.78453493068346E-04  0.21929814003412E-03  0.52980566421345E+01  0.19567502231633E+00  0.11057906191338E+01  0.82063105015354E-01  0.14767795374827E-04  0.35428519816115E-06  0.64671287969119E-09  0.10000000000000E-09  0.15063467019280E+01  0.50000262226886E-01  0.18307183390588E+01  0.53560716206396E-01  0.28870054014983E+00  0.46866272323655E+00

  0.10886280880216E-06  0.10000000000000E+01  0.00000000000000E+00  0.14086683781896E+00  0.11215998156845E-05  0.12962290565036E+00  0.36014398278475E-05  0.81659188092338E-01  0.70091397200820E-02  0.13321789420881E-01  0.32624783402652E-01  0.42112771257840E-01  0.64493147031853E-09  0.26644842189009E-07  0.32586561312409E-08  0.34743950462893E-08  0.34063878786253E-44  0.55135968896130E-07  0.85841578545612E-01  0.90919988129895E-01  0.78453455997916E-04  0.21929799364427E-03  0.54495839053749E+01  0.20127143296628E+00  0.92389324777467E+00  0.68564109066599E-01  0.10941596298520E-04  0.26249318293157E-06  0.64671287969119E-09  0.10000000000000E-09  0.15063452269583E+01  0.50000213268122E-01  0.17841132869977E+01  0.52197207733262E-01  0.29796677467255E+00  0.52894530544162E+00

  0.10555255045818E-06  0.10000000000000E+01  0.00000000000000E+00  0.14086689228492E+00  0.11215981857880E-05  0.12962269734442E+00  0.36014437499438E-05  0.81659075335909E-01  0.70091335927584E-02  0.13321781651363E-01  0.32624819991886E-01  0.42112811829899E-01  0.64492873043519E-09  0.26644801488124E-07  0.32586618613507E-08  0.34744013606289E-08  0.34063608260911E-44  0.55135896089232E-07  0.85841578565435E-01  0.90919991742009E-01  0.78453389087720E-04  0.21929779374969E-03  0.55649283165613E+01  0.20553148939027E+00  0.76813284125024E+00  0.57004793607890E-01  0.82068180990495E-05  0.19688478223706E-06  0.64671287969119E-09  0.10000000000000E-09  0.15063443066344E+01  0.50000182719752E-01  0.17550235791981E+01  0.51346139848738E-01  0.30611719774857E+00  0.58710194614430E+00

  0.10254842541934E-06  0.10000000000000E+01  0.00000000000000E+00  0.14086696367488E+00  0.11215967324395E-05  0.12962254081820E+00  0.36014483044835E-05  0.81658993415715E-01  0.70091267000469E-02  0.13321773276510E-01  0.32624862709075E-01  0.42112859206897E-01  0.64492631936886E-09  0.26644767049565E-07  0.32586655764234E-08  0.34744055555858E-08  0.34063397841221E-44  0.55135831450071E-07  0.85841580689796E-01  0.90919998408398E-01  0.78453314131149E-04  0.21929760041524E-03  0.56516962292115E+01  0.20873611976533E+00  0.63654258788882E+00  0.47239197306255E-01  0.62380614094830E-05  0.14965353774926E-06  0.64671287969119E-09  0.10000000000000E-09  0.15063437126529E+01  0.50000163003688E-01  0.17375003175763E+01  0.50833467624558E-01  0.31319090284664E+00  0.64176779332345E+00

  0.99782051511881E-07  0.10000000000000E+01  0.00000000000000E+00  0.14086703138413E+00  0.11215956365723E-05  0.12962244023254E+00  0.36014523721937E-05  0.81658942766222E-01  0.70091206515816E-02  0.13321766099668E-01  0.32624900969385E-01  0.42112901661119E-01  0.64492452080849E-09  0.26644742191849E-07  0.32586674456407E-08  0.34744077555530E-08  0.34063257559361E-44  0.55135782880861E-07  0.85841583921010E-01  0.90920005886103E-01  0.78453248510999E-04  0.21929744565788E-03  0.57168162491697E+01  0.21114122077109E+00  0.52646984969947E+00  0.39070462179494E-01  0.48074336385912E-05  0.11533221689936E-06  0.64671287969119E-09  0.10000000000000E-09  0.15063433172814E+01  0.50000149880096E-01  0.17271280391414E+01  0.50530009331813E-01  0.31925804270529E+00  0.69196333394137E+00

  0.97201313268335E-07  0.10000000000000E+01  0.00000000000000E+00  0.14086708409411E+00  0.11215949025972E-05  0.12962238255824E+00  0.36014554450671E-05  0.81658915018000E-01  0.70091161244751E-02  0.13321760811082E-01  0.32624929916595E-01  0.42112933770420E-01  0.64492332649169E-09  0.26644726154561E-07  0.32586680908878E-08  0.34744085991476E-08  0.34063173828149E-44  0.55135750441571E-07  0.85841586493750E-01  0.90920011729577E-01  0.78453199458241E-04  0.21929733696918E-03  0.57659532615877E+01  0.21295601563851E+00  0.43503913581272E+00  0.32285191853006E-01  0.37549394670949E-05  0.90082469279772E-07  0.64671287969119E-09  0.10000000000000E-09  0.15063430462818E+01  0.50000140884787E-01  0.17209847793879E+01  0.50350278028959E-01  0.32440828371227E+00  0.73710567432315E+00

  0.94766233804847E-07  0.10000000000000E+01  0.00000000000000E+00  0.14086712040018E+00  0.11215944591834E-05  0.12962235486514E+00  0.36014575487761E-05  0.81658902790331E-01  0.70091130307954E-02  0.13321757253841E-01  0.32624949744444E-01  0.42112955700186E-01  0.64492261120828E-09  0.26644716902678E-07  0.32586680087104E-08  0.34744086180050E-08  0.34063130804671E-44  0.55135730900218E-07  0.85841586980381E-01  0.90920014423719E-01  0.78453165945631E-04  0.21929726746752E-03  0.58034278553013E+01  0.21434007822155E+00  0.35944519496432E+00  0.26675202584671E-01  0.29692914810334E-05  0.71234466218925E-07  0.64671287969119E-09  0.10000000000000E-09  0.15063428552659E+01  0.50000134544384E-01  0.17172797537894E+01  0.50241881330031E-01  0.32874263228490E+00  0.77698481991053E+00

  0.92445995436471E-07  0.10000000000000E+01  0.00000000000000E+00  0.14086714483704E+00  0.11215942169848E-05  0.12962234827934E+00  0.36014589861421E-05  0.81658901516171E-01  0.70091109067890E-02  0.13321754872914E-01  0.32624963289164E-01  0.42112970569946E-01  0.64492222695557E-09  0.26644712360207E-07  0.32586674757629E-08  0.34744081227575E-08  0.34063116351917E-44  0.55135720285468E-07  0.85841584937289E-01  0.90920013800388E-01  0.78453142921896E-04  0.21929722482478E-03  0.58323957903281E+01  0.21540996133449E+00  0.29711133134037E+00  0.22049272224914E-01  0.23736243571461E-05  0.56944178490249E-07  0.64671287969119E-09  0.10000000000000E-09  0.15063427170730E+01  0.50000129957340E-01  0.17149700378353E+01  0.50174306740268E-01  0.33236627299881E+00  0.81170250422425E+00

  0.90216739376510E-07  0.10000000000000E+01  0.00000000000000E+00  0.14086716401722E+00  0.11215940961007E-05  0.12962235758343E+00  0.36014601306624E-05  0.81658908852166E-01  0.70091092081807E-02  0.13321753040424E-01  0.32624974074973E-01  0.42112982291359E-01  0.64492204496404E-09  0.26644710849485E-07  0.32586666042742E-08  0.34744072518712E-08  0.34063122472872E-44  0.55135715076826E-07  0.85841580779863E-01  0.90920010683245E-01  0.78453124498231E-04  0.21929719666744E-03  0.58551067645057E+01  0.21624875387281E+00  0.24577917161200E+00  0.18239802021817E-01  0.19149921921990E-05  0.45941413127024E-07  0.64671287969119E-09  0.10000000000000E-09  0.15063426147077E+01  0.50000126559522E-01  0.17134666358888E+01  0.50130322210654E-01  0.33538094959378E+00  0.84157374712215E+00

  0.88059910890921E-07  0.10000000000000E+01  0.00000000000000E+00  0.14086718427580E+00  0.11215940343149E-05  0.12962237990247E+00  0.36014613187140E-05  0.81658923735494E-01  0.70091074550993E-02  0.13321751210494E-01  0.32624985285363E-01  0.42112994413121E-01  0.64492196662703E-09  0.26644711143314E-07  0.32586654171305E-08  0.34744060464947E-08  0.34063144187275E-44  0.55135712547287E-07  0.85841575284418E-01  0.90920006243200E-01  0.78453105498068E-04  0.21929717278005E-03  0.58731501017533E+01  0.21691515490569E+00  0.20351994741278E+00  0.15103653918079E-01  0.15567733795149E-05  0.37347603433995E-07  0.64671287969119E-09  0.10000000000000E-09  0.15063425372692E+01  0.50000123989102E-01  0.17124412188999E+01  0.50100321927616E-01  0.33788070811191E+00  0.86704229545167E+00

  0.85961015134536E-07  0.10000000000000E+01  0.00000000000000E+00  0.14086721046783E+00  0.11215939854015E-05  0.12962241317392E+00  0.36014628037568E-05  0.81658945425021E-01  0.70091052881147E-02  0.13321748974544E-01  0.32624999320964E-01  0.42113009616528E-01  0.64492191888596E-09  0.26644712335878E-07  0.32586639165319E-08  0.34744045215518E-08  0.34063177870461E-44  0.55135710672433E-07  0.85841569163237E-01  0.90920001496972E-01  0.78453082047397E-04  0.21929714554620E-03  0.58876516535357E+01  0.21745074590826E+00  0.16871654407507E+00  0.12520818349053E-01  0.12734270314554E-05  0.30550013507905E-07  0.64671287969119E-09  0.10000000000000E-09  0.15063424776052E+01  0.50000122008671E-01  0.17117101742754E+01  0.50078933998718E-01  0.33994934938528E+00  0.88860897694539E+00

  0.83908675005557E-07  0.10000000000000E+01  0.00000000000000E+00  0.14086724540437E+00  0.11215939159775E-05  0.12962245499963E+00  0.36014647360565E-05  0.81658972806568E-01  0.70091024921907E-02  0.13321746082596E-01  0.32625017602837E-01  0.42113029492000E-01  0.64492184799868E-09  0.26644713715532E-07  0.32586621299330E-08  0.34744027138056E-08  0.34063219946395E-44  0.55135707981651E-07  0.85841562887880E-01  0.90919997095699E-01  0.78453051825589E-04  0.21929710993667E-03  0.58994182123455E+01  0.21788532443643E+00  0.14002908810919E+00  0.10391860415411E-01  0.10468916596944E-05  0.25115341165975E-07  0.64671287969119E-09  0.10000000000000E-09  0.15063424309274E+01  0.50000120459291E-01  0.17111689283989E+01  0.50063098948525E-01  0.34165957082500E+00  0.90678076841540E+00

  0.81893916128955E-07  0.10000000000000E+01  0.00000000000000E+00  0.14086728972551E+00  0.11215938048303E-05  0.12962250233593E+00  0.36014671564648E-05  0.81659004204158E-01  0.70090990053203E-02  0.13321742451351E-01  0.32625040513242E-01  0.42113054474791E-01  0.64492171820150E-09  0.26644714734212E-07  0.32586601225793E-08  0.34744006949180E-08  0.34063266539454E-44  0.55135703526244E-07  0.85841556708689E-01  0.90919993337838E-01  0.78453014158202E-04  0.21929706354609E-03  0.59090380516436E+01  0.21824061740449E+00  0.11635605844249E+00  0.86350338643841E-02  0.86417009643544E-06  0.20731779259513E-07  0.64671287969119E-09  0.10000000000000E-09  0.15063423939543E+01  0.50000119232038E-01  0.17107560226174E+01  0.50051018701709E-01  0.34307319026559E+00  0.92203827847140E+00

  0.79909623139721E-07  0.10000000000000E+01  0.00000000000000E+00  0.14086734216979E+00  0.11215936435180E-05  0.12962255187554E+00  0.36014700065477E-05  0.81659037617016E-01  0.70090949062786E-02  0.13321738152312E-01  0.32625067493551E-01  0.42113083956605E-01  0.64492151312761E-09  0.26644715042563E-07  0.32586579842464E-08  0.34743985577746E-08  0.34063313894727E-44  0.55135696909793E-07  0.85841550748401E-01  0.90919990279779E-01  0.78452969888196E-04  0.21929700651570E-03  0.59169489218829E+01  0.21853279240661E+00  0.96795886514626E-01  0.71834313500748E-02  0.71572963034497E-06  0.17170634308003E-07  0.64671287969119E-09  0.10000000000000E-09  0.15063423643728E+01  0.50000118250139E-01  0.17104338149277E+01  0.50041591978734E-01  0.34424204904381E+00  0.93481829794054E+00

  0.77950126074433E-07  0.10000000000000E+01  0.00000000000000E+00  0.14086740016171E+00  0.11215934352849E-05  0.12962260058629E+00  0.36014731559492E-05  0.81659071076747E-01  0.70090903775999E-02  0.13321733373246E-01  0.32625097305265E-01  0.42113116576497E-01  0.64492123476019E-09  0.26644714506191E-07  0.32586558090409E-08  0.34743963962755E-08  0.34063358911788E-44  0.55135688246494E-07  0.85841545081420E-01  0.90919987850398E-01  0.78452920979572E-04  0.21929694105322E-03  0.59234834570191E+01  0.21877413473172E+00  0.80611771799072E-01  0.59823733174759E-02  0.59444190328064E-06  0.14260894206190E-07  0.64671287969119E-09  0.10000000000000E-09  0.15063423405093E+01  0.50000117458036E-01  0.17101781513035E+01  0.50034112113303E-01  0.34520924831857E+00  0.94550705374311E+00

  0.76010884337113E-07  0.10000000000000E+01  0.00000000000000E+00  0.14086746055644E+00  0.11215931909231E-05  0.12962264597917E+00  0.36014764410412E-05  0.81659102868699E-01  0.70090856509182E-02  0.13321728358864E-01  0.32625128396472E-01  0.42113150626500E-01  0.64492089732777E-09  0.26644713152645E-07  0.32586536829819E-08  0.34743942940101E-08  0.34063399298371E-44  0.55135677983790E-07  0.85841539767980E-01  0.90919985929445E-01  0.78452869928440E-04  0.21929687051142E-03  0.59288993288678E+01  0.21897416106523E+00  0.67202676247613E-01  0.49872554376893E-02  0.49488124576798E-06  0.11872395017201E-07  0.64671287969119E-09  0.10000000000000E-09  0.15063423211254E+01  0.50000116814626E-01  0.17099727932002E+01  0.50028104019726E-01  0.34601035099033E+00  0.95443883968790E+00

  0.74088243779188E-07  0.10000000000000E+01  0.00000000000000E+00  0.14086752035544E+00  0.11215929226472E-05  0.12962268602781E+00  0.36014797047034E-05  0.81659131555197E-01  0.70090809492888E-02  0.13321723346578E-01  0.32625159277675E-01  0.42113184466359E-01  0.64492051772507E-09  0.26644711062464E-07  0.32586516825454E-08  0.34743923247055E-08  0.34063433295049E-44  0.55135666635107E-07  0.85841534851187E-01  0.90919984387017E-01  0.78452819139381E-04  0.21929679826918E-03  0.59333994870597E+01  0.21914036701849E+00  0.56078326557598E-01  0.41616934723018E-02  0.41285215587538E-06  0.99044850055880E-08  0.64671287969119E-09  0.10000000000000E-09  0.15063423052889E+01  0.50000116288962E-01  0.17098063492407E+01  0.50023234424287E-01  0.34667457909148E+00  0.96189896444060E+00

  0.72179250366696E-07  0.10000000000000E+01  0.00000000000000E+00  0.14086757724654E+00  0.11215926383162E-05  0.12962271892325E+00  0.36014828276873E-05  0.81659155889450E-01  0.70090764410397E-02  0.13321718514249E-01  0.32625188817453E-01  0.42113216849311E-01  0.64492010628672E-09  0.26644708255607E-07  0.32586498788448E-08  0.34743905582715E-08  0.34063459236964E-44  0.55135654526074E-07  0.85841530338675E-01  0.90919983097275E-01  0.78452770425493E-04  0.21929672676309E-03  0.59371460656812E+01  0.21927874074775E+00  0.46837549115600E-01  0.34759154628625E-02  0.34506361625890E-06  0.82782113756040E-08  0.64671287969119E-09  0.10000000000000E-09  0.15063422922866E+01  0.50000115857376E-01  0.17096705313659E+01  0.50019260845996E-01  0.34722595900781E+00  0.96812935255660E+00

  0.70281506252569E-07  0.10000000000000E+01  0.00000000000000E+00  0.14086762989333E+00  0.11215923380187E-05  0.12962274289155E+00  0.36014857457917E-05  0.81659174740817E-01  0.70090722143116E-02  0.13321713951155E-01  0.32625216404194E-01  0.42113247100154E-01  0.64491966129088E-09  0.26644704621940E-07  0.32586483405426E-08  0.34743890647784E-08  0.34063475255378E-44  0.55135641644141E-07  0.85841526188207E-01  0.90919981941226E-01  0.78452724732295E-04  0.21929665693425E-03  0.59402699995605E+01  0.21939411811587E+00  0.39152170266318E-01  0.29055669351407E-02  0.28890521010828E-06  0.69309492050162E-08  0.64671287969119E-09  0.10000000000000E-09  0.15063422815659E+01  0.50000115501523E-01  0.17095591304162E+01  0.50016001625543E-01  0.34768419109098E+00  0.97333335189641E+00

  0.68393057422740E-07  0.10000000000000E+01  0.00000000000000E+00  0.14086767796683E+00  0.11215920138243E-05  0.12962275619426E+00  0.36014884515980E-05  0.81659187098079E-01  0.70090682745374E-02  0.13321709655201E-01  0.32625241962499E-01  0.42113275133374E-01  0.64491916857439E-09  0.26644699917043E-07  0.32586471319025E-08  0.34743879124680E-08  0.34063479270348E-44  0.55135627627783E-07  0.85841522307955E-01  0.90919980808897E-01  0.78452682110501E-04  0.21929658818106E-03  0.59428779213996E+01  0.21949043742662E+00  0.32753169330690E-01  0.24306832847575E-02  0.24228662970929E-06  0.58125511926223E-08  0.64671287969119E-09  0.10000000000000E-09  0.15063422726937E+01  0.50000115207030E-01  0.17094673868796E+01  0.50013317515474E-01  0.34806544095357E+00  0.97768125237195E+00

  0.66512305910660E-07  0.10000000000000E+01  0.00000000000000E+00  0.14086772196259E+00  0.11215916522768E-05  0.12962275729438E+00  0.36014909831414E-05  0.81659192145010E-01  0.70090645614282E-02  0.13321705552495E-01  0.32625265846690E-01  0.42113301336178E-01  0.64491860558277E-09  0.26644693815064E-07  0.32586463066189E-08  0.34743871605940E-08  0.34063469243209E-44  0.55135611876595E-07  0.85841518573407E-01  0.90919979605454E-01  0.78452641900515E-04  0.21929651874628E-03  0.59450572237850E+01  0.21957092638166E+00  0.27419645532248E-01  0.20348709890118E-02  0.20352114460848E-06  0.48825520138576E-08  0.64671287969119E-09  0.10000000000000E-09  0.15063422653275E+01  0.50000114962523E-01  0.17093915875700E+01  0.50011099880341E-01  0.34838298310391E+00  0.98131524619779E+00

  0.64637940698269E-07  0.10000000000000E+01  0.00000000000000E+00  0.14086776287459E+00  0.11215912384718E-05  0.12962274508967E+00  0.36014934040272E-05  0.81659189359640E-01  0.70090609786613E-02  0.13321701531301E-01  0.32625288653777E-01  0.42113326363085E-01  0.64491794795860E-09  0.26644685992808E-07  0.32586459005606E-08  0.34743868506719E-08  0.34063443549143E-44  0.55135593731079E-07  0.85841514856447E-01  0.90919978261120E-01  0.78452603054730E-04  0.21929644637045E-03  0.59468798681171E+01  0.21963824275716E+00  0.22969911579632E-01  0.17046466424442E-02  0.17123934974220E-06  0.41080991046108E-08  0.64671287969119E-09  0.10000000000000E-09  0.15063422591931E+01  0.50000114758902E-01  0.17093287963835E+01  0.50009262819526E-01  0.34864772911387E+00  0.98435383911065E+00

  0.62768883077806E-07  0.10000000000000E+01  0.00000000000000E+00  0.14086780180798E+00  0.11215907604182E-05  0.12962271910717E+00  0.36014957802239E-05  0.81659178585456E-01  0.70090574283549E-02  0.13321697481094E-01  0.32625311004969E-01  0.42113350896006E-01  0.64491717653331E-09  0.26644676216230E-07  0.32586459267243E-08  0.34743869999150E-08  0.34063401317568E-44  0.55135572664412E-07  0.85841511058642E-01  0.90919976741836E-01  0.78452564511501E-04  0.21929636901960E-03  0.59484053242807E+01  0.21969458297567E+00  0.19254205368002E-01  0.14288960764917E-02  0.14432365615044E-06  0.34623810677765E-08  0.64671287969119E-09  0.10000000000000E-09  0.15063422540708E+01  0.50000114588878E-01  0.17092766672485E+01  0.50007737694800E-01  0.34886866540179E+00  0.98689575449691E+00

  0.60904243207548E-07  0.10000000000000E+01  0.00000000000000E+00  0.14086783960933E+00  0.11215902126410E-05  0.12962267959438E+00  0.36014981584195E-05  0.81659160046019E-01  0.70090538429889E-02  0.13321693328317E-01  0.32625333341670E-01  0.42113375420216E-01  0.64491628303473E-09  0.26644664407575E-07  0.32586463742654E-08  0.34743875991052E-08  0.34063342640036E-44  0.55135548440296E-07  0.85841507140142E-01  0.90919975056664E-01  0.78452525541087E-04  0.21929628552306E-03  0.59496828698955E+01  0.21974176702513E+00  0.16148899267165E-01  0.11984446182786E-02  0.12185827737391E-06  0.29234278273236E-08  0.64671287969119E-09  0.10000000000000E-09  0.15063422497828E+01  0.50000114446544E-01  0.17092333102888E+01  0.50006469214684E-01  0.34905320197193E+00  0.98902317665884E+00

  0.59043284799169E-07  0.10000000000000E+01  0.00000000000000E+00  0.14086787657927E+00  0.11215895984175E-05  0.12962262749694E+00  0.36015005497730E-05  0.81659134303806E-01  0.70090502091032E-02  0.13321689062490E-01  0.32625355772057E-01  0.42113400055782E-01  0.64491527354752E-09  0.26644650682083E-07  0.32586472116427E-08  0.34743886151249E-08  0.34063268615958E-44  0.55135521210186E-07  0.85841503137159E-01  0.90919973258625E-01  0.78452486002076E-04  0.21929619601047E-03  0.59507533466954E+01  0.21978130332795E+00  0.13552479318496E-01  0.10057586981552E-02  0.10309211731273E-06  0.24732202934807E-08  0.64671287969119E-09  0.10000000000000E-09  0.15063422461845E+01  0.50000114327108E-01  0.17091971955949E+01  0.50005412619121E-01  0.34920740875445E+00  0.99080394497250E+00

  0.57185397786314E-07  0.10000000000000E+01  0.00000000000000E+00  0.14086791231122E+00  0.11215889304545E-05  0.12962256435312E+00  0.36015029214505E-05  0.81659102184838E-01  0.70090465793274E-02  0.13321684749038E-01  0.32625377990856E-01  0.42113424469199E-01  0.64491416945653E-09  0.26644635352875E-07  0.32586483924937E-08  0.34743899968011E-08  0.34063181262231E-44  0.55135491541803E-07  0.85841499164119E-01  0.90919971437534E-01  0.78452446471077E-04  0.21929610209547E-03  0.59516508183480E+01  0.21981444996973E+00  0.11379515171470E-01  0.84449834569196E-03  0.87402789999011E-07  0.20968271829809E-08  0.64671287969119E-09  0.10000000000000E-09  0.15063422431578E+01  0.50000114226643E-01  0.17091670734097E+01  0.50004531344390E-01  0.34933640421672E+00  0.99229567716060E+00

  0.55330076322256E-07  0.10000000000000E+01  0.00000000000000E+00  0.14086794567423E+00  0.11215882301356E-05  0.12962249215258E+00  0.36015051967355E-05  0.81659064697789E-01  0.70090430717040E-02  0.13321680527888E-01  0.32625399279878E-01  0.42113447873552E-01  0.64491300612355E-09  0.26644618909215E-07  0.32586498622625E-08  0.34743916819866E-08  0.34063083341042E-44  0.55135460385032E-07  0.85841495400353E-01  0.90919969705671E-01  0.78452408234621E-04  0.21929600680587E-03  0.59524036447977E+01  0.21984225437846E+00  0.95597654723823E-02  0.70945079864832E-03  0.74276599044519E-07  0.17819247181661E-08  0.64671287969119E-09  0.10000000000000E-09  0.15063422406059E+01  0.50000114141936E-01  0.17091419206442E+01  0.50003795458313E-01  0.34944438364072E+00  0.99354584948445E+00

  0.53476899813816E-07  0.10000000000000E+01  0.00000000000000E+00  0.14086797493242E+00  0.11215875256692E-05  0.12962241320288E+00  0.36015072629937E-05  0.81659022971188E-01  0.70090398574926E-02  0.13321676599355E-01  0.32625418582667E-01  0.42113469109951E-01  0.64491182985388E-09  0.26644601976453E-07  0.32586515637622E-08  0.34743936039034E-08  0.34062978161692E-44  0.55135428989903E-07  0.85841492064653E-01  0.90919968179158E-01  0.78452373156316E-04  0.21929591430012E-03  0.59530354534475E+01  0.21986558919346E+00  0.80349991933709E-02  0.59629460694866E-03  0.63288385664222E-07  0.15183131731747E-08  0.64671287969119E-09  0.10000000000000E-09  0.15063422384491E+01  0.50000114070344E-01  0.17091208971392E+01  0.50003180380635E-01  0.34953482043030E+00  0.99459395023635E+00

  0.51625517582382E-07  0.10000000000000E+01  0.00000000000000E+00  0.14086799797099E+00  0.11215868495513E-05  0.12962233002932E+00  0.36015089855498E-05  0.81658978220124E-01  0.70090371404072E-02  0.13321673200716E-01  0.32625434635027E-01  0.42113486790341E-01  0.64491069383060E-09  0.26644585266399E-07  0.32586534405301E-08  0.34743956954285E-08  0.34062869396512E-44  0.55135398795056E-07  0.85841489383429E-01  0.90919966959056E-01  0.78452343451399E-04  0.21929582943603E-03  0.59535658957330E+01  0.21988518020826E+00  0.67573044465083E-02  0.50147412613152E-03  0.54087002080566E-07  0.12975683752173E-08  0.64671287969119E-09  0.10000000000000E-09  0.15063422366220E+01  0.50000114009698E-01  0.17091033124652E+01  0.50002665911689E-01  0.34961056464665E+00  0.99547250060245E+00

  0.49775637076902E-07  0.10000000000000E+01  0.00000000000000E+00  0.14086801258382E+00  0.11215862357664E-05  0.12962224531330E+00  0.36015102247705E-05  0.81658931740632E-01  0.70090351313115E-02  0.13321670577925E-01  0.32625446125952E-01  0.42113499473843E-01  0.64490965368083E-09  0.26644569525646E-07  0.32586554377071E-08  0.34743978909012E-08  0.34062760929208E-44  0.55135371305126E-07  0.85841487559089E-01  0.90919966116279E-01  0.78452321412320E-04  0.21929575726967E-03  0.59540114373793E+01  0.21990163555735E+00  0.56859287639020E-02  0.42196502772599E-03  0.46378959196166E-07  0.11126494058368E-08  0.64671287969119E-09  0.10000000000000E-09  0.15063422350704E+01  0.50000113958197E-01  0.17090885946905E+01  0.50002235318663E-01  0.34967404922541E+00  0.99620936305608E+00

  0.47927014539196E-07  0.10000000000000E+01  0.00000000000000E+00  0.14086801677165E+00  0.11215857170851E-05  0.12962216185625E+00  0.36015108534226E-05  0.81658884919253E-01  0.70090340226662E-02  0.13321668957177E-01  0.32625451861292E-01  0.42113505846354E-01  0.64490876322518E-09  0.26644555487222E-07  0.32586575009573E-08  0.34744001258496E-08  0.34062656733116E-44  0.55135347972631E-07  0.85841486744536E-01  0.90919965683317E-01  0.78452309131897E-04  0.21929570255977E-03  0.59543858650303E+01  0.21991546442781E+00  0.47869741114482E-02  0.35525166556512E-03  0.39919891063693E-07  0.95769383019620E-09  0.64671287969119E-09  0.10000000000000E-09  0.15063422337491E+01  0.50000113914340E-01  0.17090762693273E+01  0.50001874719618E-01  0.34972729451498E+00  0.99682773776937E+00

  0.46079446174770E-07  0.10000000000000E+01  0.00000000000000E+00  0.14086800900364E+00  0.11215853227251E-05  0.12962208254672E+00  0.36015107716832E-05  0.81658839240330E-01  0.70090339665325E-02  0.13321668520407E-01  0.32625450905367E-01  0.42113504876223E-01  0.64490807080378E-09  0.26644543828693E-07  0.32586595744638E-08  0.34744023356135E-08  0.34062560763993E-44  0.55135330095798E-07  0.85841487027746E-01  0.90919965654057E-01  0.78452308265143E-04  0.21929566934035E-03  0.59547006526236E+01  0.21992709059067E+00  0.40328044553022E-02  0.29928311001689E-03  0.34508199059938E-07  0.82786521832326E-09  0.64671287969119E-09  0.10000000000000E-09  0.15063422326211E+01  0.50000113876896E-01  0.17090659439775E+01  0.50001572634302E-01  0.34977193916026E+00  0.99734647988699E+00

  0.44232761875955E-07  0.10000000000000E+01  0.00000000000000E+00  0.14086798840629E+00  0.11215850765319E-05  0.12962201030720E+00  0.36015099178895E-05  0.81658796274232E-01  0.70090350588607E-02  0.13321669387644E-01  0.32625442682410E-01  0.42113495926096E-01  0.64490761639696E-09  0.26644535137929E-07  0.32586615991917E-08  0.34744044540348E-08  0.34062476847348E-44  0.55135318738860E-07  0.85841488427787E-01  0.90919965991009E-01  0.78452319859201E-04  0.21929566060329E-03  0.59549655005752E+01  0.21993687231486E+00  0.33991168682925E-02  0.25225578847889E-03  0.29973188951404E-07  0.71906854866574E-09  0.64671287969119E-09  0.10000000000000E-09  0.15063422316549E+01  0.50000113844826E-01  0.17090572895430E+01  0.50001319434397E-01  0.34980943809837E+00  0.99778237165060E+00

  0.42386819358347E-07  0.10000000000000E+01  0.00000000000000E+00  0.14086795486027E+00  0.11215849957350E-05  0.12962194800470E+00  0.36015082740552E-05  0.81658757635658E-01  0.70090373314175E-02  0.13321671607645E-01  0.32625427028584E-01  0.42113478810674E-01  0.64490742961196E-09  0.26644529886471E-07  0.32586635124157E-08  0.34744064132315E-08  0.34062408545337E-44  0.55135314677182E-07  0.85841490901144E-01  0.90919966637633E-01  0.78452344265970E-04  0.21929567810997E-03  0.59551884204240E+01  0.21994510549343E+00  0.28671282923881E-02  0.21277576973392E-03  0.26173465555937E-07  0.62791169539465E-09  0.64671287969119E-09  0.10000000000000E-09  0.15063422308249E+01  0.50000113817274E-01  0.17090500346273E+01  0.50001107179747E-01  0.34984089731191E+00  0.99814818252158E+00

  0.40541499191880E-07  0.10000000000000E+01  0.00000000000000E+00  0.14086790900238E+00  0.11215850902598E-05  0.12962189832120E+00  0.36015058661297E-05  0.81658724909684E-01  0.70090407513310E-02  0.13321675156765E-01  0.32625404194306E-01  0.42113453799974E-01  0.64490752849694E-09  0.26644528409873E-07  0.32586652490713E-08  0.34744081450530E-08  0.34062358998382E-44  0.55135318366260E-07  0.85841494355351E-01  0.90919967532588E-01  0.78452381137065E-04  0.21929572232996E-03  0.59553761723905E+01  0.21995203980401E+00  0.24200680865686E-02  0.17959846836823E-03  0.22990127089074E-07  0.55154215810617E-09  0.64671287969119E-09  0.10000000000000E-09  0.15063422301095E+01  0.50000113793529E-01  0.17090439515883E+01  0.50000929210300E-01  0.34986731837225E+00  0.99845549775869E+00

  0.38696701611192E-07  0.10000000000000E+01  0.00000000000000E+00  0.14086785214531E+00  0.11215853625328E-05  0.12962186359351E+00  0.36015027597636E-05  0.81658699552497E-01  0.70090452271111E-02  0.13321679944845E-01  0.32625374804060E-01  0.42113421575840E-01  0.64490791909090E-09  0.26644530894537E-07  0.32586667449313E-08  0.34744095842564E-08  0.34062330749958E-44  0.55135329931906E-07  0.85841498666010E-01  0.90919968622609E-01  0.78452429488744E-04  0.21929579248928E-03  0.59555344148588E+01  0.21995788422973E+00  0.20442094988836E-02  0.15170519253607E-03  0.20330965352756E-07  0.48774782599483E-09  0.64671287969119E-09  0.10000000000000E-09  0.15063422294905E+01  0.50000113772981E-01  0.17090388501788E+01  0.50000779960066E-01  0.34988951655694E+00  0.99871375731221E+00

  0.36852343009251E-07  0.10000000000000E+01  0.00000000000000E+00  0.14086778613769E+00  0.11215858076966E-05  0.12962184564316E+00  0.36014990528470E-05  0.81658682780669E-01  0.70090506193019E-02  0.13321685826195E-01  0.32625339785684E-01  0.42113383154752E-01  0.64490859559927E-09  0.26644537370867E-07  0.32586679411020E-08  0.34744106729270E-08  0.34062325573447E-44  0.55135349178217E-07  0.85841503693432E-01  0.90919969871488E-01  0.78452487816837E-04  0.21929588670183E-03  0.59556678800469E+01  0.21996281354729E+00  0.17281028397182E-02  0.12824623609506E-03  0.18108233707069E-07  0.43442362278347E-09  0.64671287969119E-09  0.10000000000000E-09  0.15063422289529E+01  0.50000113755138E-01  0.17090345714075E+01  0.50000654777479E-01  0.34990817144957E+00  0.99893083739905E+00

  0.35008353353761E-07  0.10000000000000E+01  0.00000000000000E+00  0.14086771319125E+00  0.11215864141596E-05  0.12962184562223E+00  0.36014948662777E-05  0.81658675466562E-01  0.70090567536785E-02  0.13321692613461E-01  0.32625300282903E-01  0.42113339791995E-01  0.64490954109966E-09  0.26644547713051E-07  0.32586687889724E-08  0.34744113652948E-08  0.34062344326366E-44  0.55135375610162E-07  0.85841509296013E-01  0.90919971263749E-01  0.78452554239157E-04  0.21929600215521E-03  0.59557805400617E+01  0.21996697445994E+00  0.14620383009161E-02  0.10850101325560E-03  0.16245504866213E-07  0.38973602793583E-09  0.64671287969119E-09  0.10000000000000E-09  0.15063422284844E+01  0.50000113739585E-01  0.17090309818617E+01  0.50000549759333E-01  0.34992386083815E+00  0.99911344021904E+00

  0.33164673444972E-07  0.10000000000000E+01  0.00000000000000E+00  0.14086763570119E+00  0.11215871644107E-05  0.12962186390074E+00  0.36014903343183E-05  0.81658678056846E-01  0.70090634350535E-02  0.13321700092376E-01  0.32625257564031E-01  0.42113292881362E-01  0.64491072869859E-09  0.26644561645923E-07  0.32586692546053E-08  0.34744116319350E-08  0.34062386856746E-44  0.55135408468112E-07  0.85841515338809E-01  0.90919972802959E-01  0.78452626644513E-04  0.21929613532500E-03  0.59558756343755E+01  0.21997048661227E+00  0.12387015053856E-02  0.91926708329981E-04  0.14691527336915E-07  0.35245549804414E-09  0.64671287969119E-09  0.10000000000000E-09  0.15063422280745E+01  0.50000113725980E-01  0.17090279720681E+01  0.50000461702807E-01  0.34993701109816E+00  0.99926651305604E+00

  0.31321253450552E-07  0.10000000000000E+01  0.00000000000000E+00  0.14086755608058E+00  0.11215880360468E-05  0.12962190001469E+00  0.36014855956126E-05  0.81658690526983E-01  0.70090704601934E-02  0.13321708035818E-01  0.32625212936965E-01  0.42113243861534E-01  0.64491212307353E-09  0.26644578759154E-07  0.32586693216066E-08  0.34744114623769E-08  0.34062451980169E-44  0.55135446772087E-07  0.85841521697205E-01  0.90919974505764E-01  0.78452702832203E-04  0.21929628219694E-03  0.59559559541958E+01  0.21997345309295E+00  0.10507733311504E-02  0.77980153502369E-04  0.13393061210565E-07  0.32130478683756E-09  0.64671287969119E-09  0.10000000000000E-09  0.15063422277143E+01  0.50000113714025E-01  0.17090254481418E+01  0.50000387861137E-01  0.34994806505708E+00  0.99939519984044E+00

  0.29478052580310E-07  0.10000000000000E+01  0.00000000000000E+00  0.14086747662262E+00  0.11215890029616E-05  0.12962195268395E+00  0.36014807855407E-05  0.81658712378162E-01  0.70090776288960E-02  0.13321716216154E-01  0.32625167676955E-01  0.42113194136336E-01  0.64491368233346E-09  0.26644598528538E-07  0.32586689916681E-08  0.34744108652992E-08  0.34062537535629E-44  0.55135489373639E-07  0.85841528256627E-01  0.90919976393403E-01  0.78452780631771E-04  0.21929643848276E-03  0.59560239265443E+01  0.21997596354002E+00  0.89172687148565E-03  0.66176972958104E-04  0.12303883271496E-07  0.29517498125848E-09  0.64671287969119E-09  0.10000000000000E-09  0.15063422273960E+01  0.50000113703460E-01  0.17090233284109E+01  0.50000325844874E-01  0.34995741984351E+00  0.99950411644333E+00

  0.27635035821969E-07  0.10000000000000E+01  0.00000000000000E+00  0.14086739939675E+00  0.11215900366447E-05  0.12962201989809E+00  0.36014760302109E-05  0.81658742676081E-01  0.70090847528194E-02  0.13321724415436E-01  0.32625122969984E-01  0.42113145012053E-01  0.64491536011832E-09  0.26644620343374E-07  0.32586682821360E-08  0.34744098656333E-08  0.34062640516513E-44  0.55135535013147E-07  0.85841534909971E-01  0.90919978482795E-01  0.78452857998645E-04  0.21929659982137E-03  0.59560813298089E+01  0.21997808363534E+00  0.75882129248327E-03  0.56313763505900E-04  0.11396372041506E-07  0.27340343122071E-09  0.64671287969119E-09  0.10000000000000E-09  0.15063422271143E+01  0.50000113694108E-01  0.17090215509043E+01  0.50000273840958E-01  0.34996521499269E+00  0.99959488213165E+00

  0.25792174120228E-07  0.10000000000000E+01  0.00000000000000E+00  0.14086732617857E+00  0.11215911075380E-05  0.12962209905867E+00  0.36014714420687E-05  0.81658780124980E-01  0.70090916620979E-02  0.13321732433394E-01  0.32625079871541E-01  0.42113097651681E-01  0.64491710784453E-09  0.26644643538371E-07  0.32586672199532E-08  0.34744084978793E-08  0.34062757262982E-44  0.55135582380110E-07  0.85841541554539E-01  0.90919980779012E-01  0.78452933086035E-04  0.21929676196118E-03  0.59561299625114E+01  0.21997987980435E+00  0.64560229421040E-03  0.47911537637608E-04  0.10633955674921E-07  0.25511276381499E-09  0.64671287969119E-09  0.10000000000000E-09  0.15063422268630E+01  0.50000113685767E-01  0.17090200552423E+01  0.50000230082872E-01  0.34997186483426E+00  0.99967231757553E+00

  0.23949443094845E-07  0.10000000000000E+01  0.00000000000000E+00  0.14086725840922E+00  0.11215921863848E-05  0.12962218715957E+00  0.36014671169236E-05  0.81658823166005E-01  0.70090982100081E-02  0.13321740093464E-01  0.32625039278928E-01  0.42113053044094E-01  0.64491887697853E-09  0.26644667427799E-07  0.32586658310125E-08  0.34744067945994E-08  0.34062883694275E-44  0.55135630173448E-07  0.85841548089968E-01  0.90919983270443E-01  0.78453004295912E-04  0.21929692092115E-03  0.59561710037760E+01  0.21998139559607E+00  0.55122429947873E-03  0.40907543247721E-04  0.99948301942690E-08  0.23977989307731E-09  0.64671287969119E-09  0.10000000000000E-09  0.15063422266387E+01  0.50000113678323E-01  0.17090187989317E+01  0.50000193327411E-01  0.34997738981518E+00  0.99973665824675E+00

  0.22106823222540E-07  0.10000000000000E+01  0.00000000000000E+00  0.14086719717770E+00  0.11215932455092E-05  0.12962228098494E+00  0.36014631320987E-05  0.81658870087603E-01  0.70091042760858E-02  0.13321747247166E-01  0.32625001914218E-01  0.42113011985065E-01  0.64492062122313E-09  0.26644691339604E-07  0.32586641231828E-08  0.34744047682190E-08  0.34063015557334E-44  0.55135677158973E-07  0.85841554418104E-01  0.90919985927268E-01  0.78453070313356E-04  0.21929707312975E-03  0.59562058910954E+01  0.21998268410192E+00  0.46917542325474E-03  0.34818519313664E-04  0.94373116960216E-08  0.22640480582720E-09  0.64671287969119E-09  0.10000000000000E-09  0.15063422264362E+01  0.50000113671600E-01  0.17090177339862E+01  0.50000162170656E-01  0.34998222151011E+00  0.99979292821793E+00

  0.20264297159613E-07  0.10000000000000E+01  0.00000000000000E+00  0.14086714322012E+00  0.11215942599569E-05  0.12962237730414E+00  0.36014595454548E-05  0.81658919135775E-01  0.70091097680064E-02  0.13321753777114E-01  0.32624968315527E-01  0.42112975067528E-01  0.64492229848875E-09  0.26644714647009E-07  0.32586620598720E-08  0.34744023827822E-08  0.34063148668039E-44  0.55135722220834E-07  0.85841560445040E-01  0.90919988703141E-01  0.78453130127580E-04  0.21929721553944E-03  0.59562351659236E+01  0.21998376531963E+00  0.40227938947352E-03  0.29854020474273E-04  0.89554690957357E-08  0.21484521302462E-09  0.64671287969119E-09  0.10000000000000E-09  0.15063422262546E+01  0.50000113665572E-01  0.17090168372658E+01  0.50000135935608E-01  0.34998613104387E+00  0.99983846067078E+00

  0.18421849829718E-07  0.10000000000000E+01  0.00000000000000E+00  0.14086709693069E+00  0.11215952084479E-05  0.12962247304814E+00  0.36014563950812E-05  0.81658968614803E-01  0.70091146224897E-02  0.13321759598839E-01  0.32624938834549E-01  0.42112942678860E-01  0.64492387255396E-09  0.26644736795760E-07  0.32586595187638E-08  0.34743995099331E-08  0.34063279126888E-44  0.55135764404567E-07  0.85841566084974E-01  0.90919991539449E-01  0.78453183042394E-04  0.21929734571511E-03  0.59562598726518E+01  0.21998467782207E+00  0.34410241046181E-03  0.25536581480394E-04  0.85393111590476E-08  0.20486142104189E-09  0.64671287969119E-09  0.10000000000000E-09  0.15063422260897E+01  0.50000113660098E-01  0.17090160742932E+01  0.50000113613571E-01  0.34998955831793E+00  0.99987837793492E+00

  0.16579472711463E-07  0.10000000000000E+01  0.00000000000000E+00  0.14086705838144E+00  0.11215960740870E-05  0.12962256545527E+00  0.36014536995805E-05  0.81659016971445E-01  0.70091188052928E-02  0.13321764661466E-01  0.32624913639663E-01  0.42112915004382E-01  0.64492531432204E-09  0.26644757325375E-07  0.32586562271677E-08  0.34743958599931E-08  0.34063403494885E-44  0.55135802949394E-07  0.85841571265043E-01  0.90919994371157E-01  0.78453228676733E-04  0.21929746189307E-03  0.59562809377775E+01  0.21998545582789E+00  0.29189525624139E-03  0.21662176050278E-04  0.81754195832571E-08  0.19613151953892E-09  0.64671287969119E-09  0.10000000000000E-09  0.15063422259385E+01  0.50000113655079E-01  0.17090154127832E+01  0.50000094259993E-01  0.34999267408485E+00  0.99991466827500E+00

  0.14737155368405E-07  0.10000000000000E+01  0.00000000000000E+00  0.14086702734948E+00  0.11215968448059E-05  0.12962265218043E+00  0.36014514589220E-05  0.81659062859130E-01  0.70091223103010E-02  0.13321768947217E-01  0.32624892724320E-01  0.42112892036713E-01  0.64492660262314E-09  0.26644775883541E-07  0.32586516609667E-08  0.34743908742542E-08  0.34063518922475E-44  0.55135837308486E-07  0.85841575930142E-01  0.90919997133126E-01  0.78453266955314E-04  0.21929756300806E-03  0.59562983749000E+01  0.21998609983938E+00  0.25036113654826E-03  0.18579839514661E-04  0.78702774930762E-08  0.18881104121815E-09  0.64671287969119E-09  0.10000000000000E-09  0.15063422258023E+01  0.50000113650560E-01  0.17090148460413E+01  0.50000077679015E-01  0.34999512900272E+00  0.99994326228605E+00

  0.12894887816951E-07  0.10000000000000E+01  0.00000000000000E+00  0.14086700335110E+00  0.11215975135276E-05  0.12962273136654E+00  0.36014496558771E-05  0.81659105181502E-01  0.70091251576764E-02  0.13321772469695E-01  0.32624875920825E-01  0.42112873591081E-01  0.64492772454600E-09  0.26644792233417E-07  0.32586448882373E-08  0.34743835583158E-08  0.34063623230035E-44  0.55135867156779E-07  0.85841580046769E-01  0.90919999765921E-01  0.78453298088965E-04  0.21929764868735E-03  0.59563128186063E+01  0.21998663329395E+00  0.21391754983792E-03  0.15875282402674E-04  0.76059454525010E-08  0.18246961197983E-09  0.64671287969119E-09  0.10000000000000E-09  0.15063422256786E+01  0.50000113646454E-01  0.17090143535759E+01  0.50000063271120E-01  0.34999731452360E+00  0.99996871904452E+00

  0.11052666028969E-07  0.10000000000000E+01  0.00000000000000E+00  0.14086698568302E+00  0.11215980780528E-05  0.12962280167939E+00  0.36014482580632E-05  0.81659143115975E-01  0.70091273910181E-02  0.13321775270900E-01  0.32624862919782E-01  0.42112859326832E-01  0.64492867530090E-09  0.26644806253930E-07  0.32586343311844E-08  0.34743722283568E-08  0.34063714941084E-44  0.55135892386398E-07  0.85841583605113E-01  0.90920002220322E-01  0.78453322544103E-04  0.21929771921130E-03  0.59563249261841E+01  0.21998708046746E+00  0.18004281064252E-03  0.13361365001081E-04  0.73534532897842E-08  0.17641222605107E-09  0.64671287969119E-09  0.10000000000000E-09  0.15063422255658E+01  0.50000113642711E-01  0.17090139132422E+01  0.50000050388424E-01  0.34999939416000E+00  0.99999294298381E+00

  0.92104846659690E-08  0.10000000000000E+01  0.00000000000000E+00  0.14086697347014E+00  0.11215985406966E-05  0.12962286230983E+00  0.36014472205608E-05  0.81659176119569E-01  0.70091290735883E-02  0.13321777417057E-01  0.32624853294826E-01  0.42112848774731E-01  0.64492945765750E-09  0.26644817933732E-07  0.32586174109728E-08  0.34743541325862E-08  0.34063793273306E-44  0.55135913090828E-07  0.85841586619036E-01  0.90920004460121E-01  0.78453341001956E-04  0.21929777544321E-03  0.59563346390773E+01  0.21998743919722E+00  0.15261677636099E-03  0.11326019889215E-04  0.71319981233662E-08  0.17109942982612E-09  0.64671287969119E-09  0.10000000000000E-09  0.15063422254656E+01  0.50000113639385E-01  0.17090135219935E+01  0.50000038941791E-01  0.35000108223061E+00  0.10000126062706E+01

  0.73683369965994E-08  0.10000000000000E+01  0.00000000000000E+00  0.14086696571858E+00  0.11215989077125E-05  0.12962291294856E+00  0.36014464890066E-05  0.81659203919853E-01  0.70091302837546E-02  0.13321778993458E-01  0.32624846531783E-01  0.42112841369070E-01  0.64493008102542E-09  0.26644827359849E-07  0.32585900296007E-08  0.34743248989694E-08  0.34063858094139E-44  0.55135929539644E-07  0.85841589123904E-01  0.90920006463098E-01  0.78453354309180E-04  0.21929781873326E-03  0.59563421722879E+01  0.21998771742398E+00  0.12943562425357E-03  0.96056966319445E-05  0.69420513505053E-08  0.16654253230993E-09  0.64671287969119E-09  0.10000000000000E-09  0.15063422253777E+01  0.50000113636466E-01  0.17090131723937E+01  0.50000028713664E-01  0.35000253456271E+00  0.10000295238500E+01

  0.55262200174568E-08  0.10000000000000E+01  0.00000000000000E+00  0.14086696137161E+00  0.11215991885546E-05  0.12962295373854E+00  0.36014460030098E-05  0.81659226493551E-01  0.70091311098860E-02  0.13321780098584E-01  0.32624842060798E-01  0.42112836483006E-01  0.64493056025664E-09  0.26644834702125E-07  0.32585458319180E-08  0.34742777485641E-08  0.34063909847588E-44  0.55135942145912E-07  0.85841591172588E-01  0.90920008220344E-01  0.78453363422447E-04  0.21929785080312E-03  0.59563479726652E+01  0.21998793165139E+00  0.10770050416273E-03  0.79926865270716E-05  0.67455097190305E-08  0.16182742155124E-09  0.64671287969119E-09  0.10000000000000E-09  0.15063422253014E+01  0.50000113633934E-01  0.17090128508058E+01  0.50000019305075E-01  0.35000394276125E+00  0.10000459275705E+01

  0.36841293850833E-08  0.10000000000000E+01  0.00000000000000E+00  0.14086695989305E+00  0.11215993905793E-05  0.12962298521034E+00  0.36014457303296E-05  0.81659244089032E-01  0.70091315999027E-02  0.13321780787980E-01  0.32624839578352E-01  0.42112833781634E-01  0.64493090730841E-09  0.26644840118671E-07  0.32584751780554E-08  0.34742024016518E-08  0.34063949323258E-44  0.55135951234618E-07  0.85841592778573E-01  0.90920009712951E-01  0.78453368860966E-04  0.21929787276834E-03  0.59563518090730E+01  0.21998807334281E+00  0.91793657391561E-04  0.68122051461859E-05  0.65593361553633E-08  0.15736104480224E-09  0.64671287969119E-09  0.10000000000000E-09  0.15063422252395E+01  0.50000113631879E-01  0.17090125521440E+01  0.50000010567225E-01  0.35000499029557E+00  0.10000581301611E+01

  0.18420610900692E-08  0.10000000000000E+01  0.00000000000000E+00  0.14086695899665E+00  0.11215995376871E-05  0.12962300820582E+00  0.36014455358243E-05  0.81659256953931E-01  0.70091319538137E-02  0.13321781286970E-01  0.32624837811744E-01  0.42112831867053E-01  0.64493116027530E-09  0.26644844069645E-07  0.32583637639172E-08  0.34740836002705E-08  0.34063978146830E-44  0.55135957854819E-07  0.85841594120611E-01  0.90920010986194E-01  0.78453372795293E-04  0.21929788874082E-03  0.59563540991413E+01  0.21998815792273E+00  0.76817931286982E-04  0.57008242366933E-05  0.64296371411137E-08  0.15424951462469E-09  0.64671287969119E-09  0.10000000000000E-09  0.15063422251921E+01  0.50000113630304E-01  0.17090122883690E+01  0.50000002850048E-01  0.35000602481844E+00  0.10000701813078E+01

  0.00000000000000E+00  0.10000000000000E+01  0.00000000000000E+00  0.14086695896862E+00  0.11215995959532E-05  0.12962301770664E+00  0.36014454732021E-05  0.81659262300198E-01  0.70091320749365E-02  0.13321781465282E-01  0.32624837249869E-01  0.42112831262894E-01  0.64493126092877E-09  0.26644845659731E-07  0.32582957356225E-08  0.34740110644689E-08  0.34063989977941E-44  0.55135960480939E-07  0.85841594709557E-01  0.90920011567639E-01  0.78453374149776E-04  0.21929789486500E-03  0.59563765663700E+01  0.21998898771293E+00  0.70254558395453E-04  0.52137421892128E-05  0.70312298750003E-08  0.16868196005934E-09  0.64671287969119E-09  0.10000000000000E-09  0.15063422206139E+01  0.50000113478341E-01  0.17090129849241E+01  0.50000023228930E-01  0.35000566186894E+00  0.10000659532986E+01

