variables = "time", "actual top solute flux [mol/m2/d]", "actual bottom solute flux [mol/m2/d]", "actual top gas flux [mol/m2/d]", "actual bottom gas flux [mol/m2/d]", "actual top total flux [mol/m2/d]", "actual bottom total flux [mol/m2/d]"  
zone t = "mass balance for component - reactive transport", f=point
0.25	6.36E-03	6.11E-03	0.00E+00	2.42E-02	6.36E-03	3.03E-02
0.5	6.36E-03	6.11E-03	0.00E+00	3.42E-02	6.36E-03	4.03E-02
0.75	6.36E-03	6.11E-03	0.00E+00	4.14E-02	6.36E-03	4.75E-02
1	6.36E-03	6.12E-03	0.00E+00	4.69E-02	6.36E-03	5.30E-02
1.25	1.39E-17	6.12E-03	0.00E+00	4.94E-02	1.39E-17	5.55E-02
1.5	1.52E-16	6.12E-03	0.00E+00	5.55E-02	1.52E-16	6.16E-02
1.75	2.75E-17	6.11E-03	0.00E+00	6.05E-02	2.75E-17	6.66E-02
2	2.75E-17	6.09E-03	0.00E+00	6.47E-02	2.75E-17	7.08E-02
2.25	2.47E-04	6.03E-03	0.00E+00	7.31E-02	2.47E-04	7.91E-02
2.5	2.47E-04	5.95E-03	0.00E+00	7.60E-02	2.47E-04	8.20E-02
2.75	2.47E-04	5.84E-03	0.00E+00	7.86E-02	2.47E-04	8.44E-02
3	2.47E-04	5.77E-03	0.00E+00	8.09E-02	2.47E-04	8.67E-02
3.25	2.89E-03	5.70E-03	0.00E+00	8.06E-02	2.89E-03	8.63E-02
3.5	2.89E-03	5.62E-03	0.00E+00	8.11E-02	2.89E-03	8.67E-02
3.75	2.89E-03	5.54E-03	0.00E+00	8.18E-02	2.89E-03	8.73E-02
4	2.89E-03	5.46E-03	0.00E+00	8.25E-02	2.89E-03	8.80E-02
4.25	6.26E-03	5.39E-03	0.00E+00	8.01E-02	6.26E-03	8.55E-02
4.5	6.26E-03	5.33E-03	0.00E+00	7.93E-02	6.26E-03	8.46E-02
4.75	6.26E-03	5.27E-03	0.00E+00	7.89E-02	6.26E-03	8.42E-02
5	6.26E-03	5.23E-03	0.00E+00	7.88E-02	6.26E-03	8.40E-02
5.25	4.45E-03	5.19E-03	0.00E+00	8.05E-02	4.45E-03	8.57E-02
5.5	4.45E-03	5.17E-03	0.00E+00	8.14E-02	4.45E-03	8.66E-02
5.75	4.45E-03	5.17E-03	0.00E+00	8.21E-02	4.45E-03	8.73E-02
6	4.45E-03	5.17E-03	0.00E+00	8.26E-02	4.45E-03	8.78E-02
6.25	0.00E+00	5.18E-03	0.00E+00	8.79E-02	0.00E+00	9.31E-02
6.5	0.00E+00	5.19E-03	0.00E+00	9.08E-02	0.00E+00	9.60E-02
6.75	0.00E+00	5.20E-03	0.00E+00	9.27E-02	0.00E+00	9.79E-02
7	0.00E+00	5.22E-03	0.00E+00	9.41E-02	0.00E+00	9.93E-02
7.25	6.77E-03	5.22E-03	0.00E+00	8.80E-02	6.77E-03	9.32E-02
7.5	6.77E-03	5.22E-03	0.00E+00	8.56E-02	6.77E-03	9.08E-02
7.75	6.77E-03	5.21E-03	0.00E+00	8.41E-02	6.77E-03	8.93E-02
8	6.77E-03	5.20E-03	0.00E+00	8.31E-02	6.77E-03	8.83E-02
8.25	1.00E-02	5.19E-03	0.00E+00	7.88E-02	1.00E-02	8.40E-02
8.5	1.00E-02	5.19E-03	0.00E+00	7.68E-02	1.00E-02	8.20E-02
8.75	1.00E-02	5.21E-03	0.00E+00	7.55E-02	1.00E-02	8.07E-02
9	1.00E-02	5.24E-03	0.00E+00	7.44E-02	1.00E-02	7.96E-02
9.25	3.00E-03	5.29E-03	0.00E+00	7.95E-02	3.00E-03	8.48E-02
9.5	3.00E-03	5.36E-03	0.00E+00	8.21E-02	3.00E-03	8.75E-02
9.75	3.00E-03	5.44E-03	0.00E+00	8.39E-02	3.00E-03	8.93E-02
10	3.00E-03	5.53E-03	0.00E+00	8.51E-02	3.00E-03	9.06E-02
10.25	1.89E-02	5.62E-03	0.00E+00	7.13E-02	1.89E-02	7.69E-02
10.5	1.89E-02	5.70E-03	0.00E+00	6.61E-02	1.89E-02	7.18E-02
10.75	1.89E-02	5.77E-03	0.00E+00	6.29E-02	1.89E-02	6.87E-02
11	1.89E-02	5.87E-03	0.00E+00	6.07E-02	1.89E-02	6.66E-02
11.25	4.62E-02	6.01E-03	0.00E+00	4.43E-02	4.62E-02	5.03E-02
11.5	4.62E-02	6.21E-03	0.00E+00	3.93E-02	4.62E-02	4.55E-02
11.75	4.62E-02	6.54E-03	0.00E+00	3.63E-02	4.62E-02	4.28E-02
12	4.62E-02	7.13E-03	0.00E+00	3.43E-02	4.62E-02	4.14E-02
12.25	0.00E+00	8.37E-03	0.00E+00	4.38E-02	0.00E+00	5.22E-02
12.5	0.00E+00	1.04E-02	0.00E+00	5.18E-02	0.00E+00	6.22E-02
12.75	0.00E+00	1.20E-02	0.00E+00	5.97E-02	0.00E+00	7.17E-02
13	0.00E+00	1.30E-02	0.00E+00	6.65E-02	0.00E+00	7.95E-02
13.25	1.66E-02	1.38E-02	0.00E+00	6.09E-02	1.66E-02	7.47E-02
13.5	1.66E-02	1.42E-02	0.00E+00	5.89E-02	1.66E-02	7.31E-02
13.75	1.66E-02	1.44E-02	0.00E+00	5.78E-02	1.66E-02	7.22E-02
14	1.66E-02	1.45E-02	0.00E+00	5.71E-02	1.66E-02	7.16E-02
14.25	1.05E-02	1.48E-02	0.00E+00	5.92E-02	1.05E-02	7.40E-02
14.5	1.05E-02	1.51E-02	0.00E+00	6.06E-02	1.05E-02	7.57E-02
14.75	1.05E-02	1.54E-02	0.00E+00	6.18E-02	1.05E-02	7.72E-02
15	1.05E-02	1.57E-02	0.00E+00	6.26E-02	1.05E-02	7.83E-02
15.25	2.76E-03	1.58E-02	0.00E+00	6.92E-02	2.76E-03	8.50E-02
15.5	2.76E-03	1.59E-02	0.00E+00	7.40E-02	2.76E-03	8.99E-02
15.75	2.76E-03	1.59E-02	0.00E+00	7.78E-02	2.76E-03	9.37E-02
16	2.76E-03	1.57E-02	0.00E+00	8.08E-02	2.76E-03	9.65E-02
16.25	6.87E-04	1.54E-02	0.00E+00	8.00E-02	6.87E-04	9.54E-02
16.5	6.87E-04	1.49E-02	0.00E+00	8.32E-02	6.87E-04	9.81E-02
16.75	6.87E-04	1.45E-02	0.00E+00	8.56E-02	6.87E-04	1.00E-01
17	6.87E-04	1.39E-02	0.00E+00	8.75E-02	6.87E-04	1.01E-01
17.25	1.74E-03	1.36E-02	0.00E+00	8.67E-02	1.74E-03	1.00E-01
17.5	1.74E-03	1.33E-02	0.00E+00	8.71E-02	1.74E-03	1.00E-01
17.75	1.74E-03	1.30E-02	0.00E+00	8.75E-02	1.74E-03	1.01E-01
18	1.74E-03	1.27E-02	0.00E+00	8.79E-02	1.74E-03	1.01E-01
18.25	3.48E-02	1.24E-02	0.00E+00	4.93E-02	3.48E-02	6.17E-02
18.5	3.48E-02	1.21E-02	0.00E+00	4.01E-02	3.48E-02	5.22E-02
18.75	3.48E-02	1.19E-02	0.00E+00	3.49E-02	3.48E-02	4.68E-02
19	3.48E-02	1.21E-02	0.00E+00	3.18E-02	3.48E-02	4.39E-02
19.25	0.00E+00	1.26E-02	0.00E+00	4.84E-02	0.00E+00	6.10E-02
19.5	0.00E+00	1.35E-02	0.00E+00	5.72E-02	0.00E+00	7.07E-02
19.75	0.00E+00	1.44E-02	0.00E+00	6.44E-02	0.00E+00	7.88E-02
20	0.00E+00	1.49E-02	0.00E+00	7.04E-02	0.00E+00	8.53E-02
20.25	3.99E-17	1.53E-02	0.00E+00	7.49E-02	3.99E-17	9.02E-02
20.5	8.24E-18	1.53E-02	0.00E+00	7.87E-02	8.24E-18	9.40E-02
20.75	2.78E-17	1.51E-02	0.00E+00	8.18E-02	2.78E-17	9.69E-02
21	5.36E-17	1.49E-02	0.00E+00	8.42E-02	5.36E-17	9.91E-02
21.25	6.70E-03	1.47E-02	0.00E+00	7.68E-02	6.70E-03	9.15E-02
21.5	6.70E-03	1.44E-02	0.00E+00	7.48E-02	6.70E-03	8.92E-02
21.75	6.70E-03	1.41E-02	0.00E+00	7.36E-02	6.70E-03	8.77E-02
22	6.70E-03	1.38E-02	0.00E+00	7.29E-02	6.70E-03	8.67E-02
22.25	0.00E+00	1.36E-02	0.00E+00	8.14E-02	0.00E+00	9.50E-02
22.5	0.00E+00	1.34E-02	0.00E+00	8.46E-02	0.00E+00	9.80E-02
22.75	0.00E+00	1.32E-02	0.00E+00	8.70E-02	0.00E+00	1.00E-01
23	0.00E+00	1.30E-02	0.00E+00	8.87E-02	0.00E+00	1.02E-01
23.25	4.48E-03	1.27E-02	0.00E+00	8.32E-02	4.48E-03	9.59E-02
23.5	4.48E-03	1.25E-02	0.00E+00	8.17E-02	4.48E-03	9.42E-02
23.75	4.48E-03	1.22E-02	0.00E+00	8.07E-02	4.48E-03	9.29E-02
24	4.48E-03	1.20E-02	0.00E+00	8.00E-02	4.48E-03	9.20E-02
24.25	3.08E-17	1.17E-02	0.00E+00	8.57E-02	3.08E-17	9.74E-02
24.5	5.43E-17	1.15E-02	0.00E+00	8.78E-02	5.43E-17	9.93E-02
24.75	8.29E-18	1.13E-02	0.00E+00	8.93E-02	8.29E-18	1.01E-01
25	0.00E+00	1.11E-02	0.00E+00	9.03E-02	0.00E+00	1.01E-01
25.25	0.00E+00	1.09E-02	0.00E+00	9.14E-02	0.00E+00	1.02E-01
25.5	0.00E+00	1.07E-02	0.00E+00	9.22E-02	0.00E+00	1.03E-01
25.75	0.00E+00	1.04E-02	0.00E+00	9.27E-02	0.00E+00	1.03E-01
26	0.00E+00	1.02E-02	0.00E+00	9.30E-02	0.00E+00	1.03E-01
26.25	3.11E-03	9.90E-03	0.00E+00	8.81E-02	3.11E-03	9.80E-02
26.5	3.11E-03	9.77E-03	0.00E+00	8.62E-02	3.11E-03	9.60E-02
26.75	3.11E-03	9.63E-03	0.00E+00	8.49E-02	3.11E-03	9.45E-02
27	3.11E-03	9.50E-03	0.00E+00	8.40E-02	3.11E-03	9.35E-02
27.25	4.24E-03	9.37E-03	0.00E+00	8.15E-02	4.24E-03	9.09E-02
27.5	4.24E-03	9.26E-03	0.00E+00	8.01E-02	4.24E-03	8.94E-02
27.75	4.24E-03	9.15E-03	0.00E+00	7.92E-02	4.24E-03	8.84E-02
28	4.24E-03	9.05E-03	0.00E+00	7.84E-02	4.24E-03	8.75E-02
28.25	0.00E+00	8.97E-03	0.00E+00	8.39E-02	0.00E+00	9.29E-02
28.5	0.00E+00	8.89E-03	0.00E+00	8.59E-02	0.00E+00	9.48E-02
28.75	0.00E+00	8.83E-03	0.00E+00	8.70E-02	0.00E+00	9.58E-02
29	0.00E+00	8.76E-03	0.00E+00	8.78E-02	0.00E+00	9.66E-02
29.25	0.00E+00	8.69E-03	0.00E+00	8.86E-02	0.00E+00	9.73E-02
29.5	0.00E+00	8.61E-03	0.00E+00	8.91E-02	0.00E+00	9.77E-02
29.75	0.00E+00	8.52E-03	0.00E+00	8.94E-02	0.00E+00	9.79E-02
30	0.00E+00	8.42E-03	0.00E+00	8.95E-02	0.00E+00	9.79E-02
30.25	6.15E-03	8.31E-03	0.00E+00	8.24E-02	6.15E-03	9.07E-02
30.5	6.15E-03	8.19E-03	0.00E+00	7.95E-02	6.15E-03	8.77E-02
30.75	6.15E-03	8.07E-03	0.00E+00	7.75E-02	6.15E-03	8.56E-02
31	6.15E-03	7.94E-03	0.00E+00	7.61E-02	6.15E-03	8.40E-02
31.25	1.04E-02	7.83E-03	0.00E+00	6.98E-02	1.04E-02	7.76E-02
31.5	1.04E-02	7.73E-03	0.00E+00	6.68E-02	1.04E-02	7.45E-02
31.75	1.04E-02	7.64E-03	0.00E+00	6.48E-02	1.04E-02	7.24E-02
32	1.04E-02	7.58E-03	0.00E+00	6.32E-02	1.04E-02	7.08E-02
32.25	2.90E-02	7.54E-03	0.00E+00	5.50E-02	2.90E-02	6.25E-02
32.5	2.90E-02	7.54E-03	0.00E+00	4.88E-02	2.90E-02	5.63E-02
32.75	2.90E-02	7.60E-03	0.00E+00	4.52E-02	2.90E-02	5.28E-02
33	2.90E-02	7.75E-03	0.00E+00	4.27E-02	2.90E-02	5.05E-02
33.25	0.00E+00	8.05E-03	0.00E+00	5.20E-02	0.00E+00	6.01E-02
33.5	0.00E+00	8.54E-03	0.00E+00	6.02E-02	0.00E+00	6.87E-02
33.75	0.00E+00	9.13E-03	0.00E+00	6.66E-02	0.00E+00	7.57E-02
34	0.00E+00	9.67E-03	0.00E+00	7.13E-02	0.00E+00	8.10E-02
34.25	0.00E+00	1.01E-02	0.00E+00	7.87E-02	0.00E+00	8.88E-02
34.5	0.00E+00	1.04E-02	0.00E+00	8.27E-02	0.00E+00	9.31E-02
34.75	0.00E+00	1.06E-02	0.00E+00	8.57E-02	0.00E+00	9.63E-02
35	0.00E+00	1.07E-02	0.00E+00	8.80E-02	0.00E+00	9.87E-02
35.25	0.00E+00	1.07E-02	0.00E+00	8.71E-02	0.00E+00	9.78E-02
35.5	0.00E+00	1.06E-02	0.00E+00	8.79E-02	0.00E+00	9.85E-02
35.75	0.00E+00	1.05E-02	0.00E+00	8.86E-02	0.00E+00	9.91E-02
36	0.00E+00	1.04E-02	0.00E+00	8.92E-02	0.00E+00	9.96E-02
36.25	1.62E-03	1.02E-02	0.00E+00	8.71E-02	1.62E-03	9.73E-02
36.5	1.62E-03	1.01E-02	0.00E+00	8.66E-02	1.62E-03	9.67E-02
36.75	1.62E-03	9.91E-03	0.00E+00	8.63E-02	1.62E-03	9.62E-02
37	1.62E-03	9.73E-03	0.00E+00	8.61E-02	1.62E-03	9.58E-02
37.25	1.34E-02	9.55E-03	0.00E+00	7.43E-02	1.34E-02	8.39E-02
37.5	1.34E-02	9.37E-03	0.00E+00	6.90E-02	1.34E-02	7.84E-02
37.75	1.34E-02	9.20E-03	0.00E+00	6.55E-02	1.34E-02	7.47E-02
38	1.34E-02	9.06E-03	0.00E+00	6.28E-02	1.34E-02	7.19E-02
38.25	9.30E-03	8.95E-03	0.00E+00	6.31E-02	9.30E-03	7.21E-02
38.5	9.30E-03	8.91E-03	0.00E+00	6.29E-02	9.30E-03	7.18E-02
38.75	9.30E-03	8.91E-03	0.00E+00	6.25E-02	9.30E-03	7.14E-02
39	9.30E-03	8.97E-03	0.00E+00	6.22E-02	9.30E-03	7.12E-02
39.25	8.53E-04	9.05E-03	0.00E+00	6.82E-02	8.53E-04	7.73E-02
39.5	8.53E-04	9.16E-03	0.00E+00	7.19E-02	8.53E-04	8.11E-02
39.75	8.53E-04	9.28E-03	0.00E+00	7.45E-02	8.53E-04	8.38E-02
40	8.53E-04	9.38E-03	0.00E+00	7.64E-02	8.53E-04	8.58E-02
40.25	1.27E-02	9.44E-03	0.00E+00	6.74E-02	1.27E-02	7.68E-02
40.5	1.27E-02	9.47E-03	0.00E+00	6.32E-02	1.27E-02	7.27E-02
40.75	1.27E-02	9.47E-03	0.00E+00	6.06E-02	1.27E-02	7.01E-02
41	1.27E-02	9.48E-03	0.00E+00	5.88E-02	1.27E-02	6.83E-02
41.25	0.00E+00	9.52E-03	0.00E+00	6.58E-02	0.00E+00	7.53E-02
41.5	0.00E+00	9.59E-03	0.00E+00	7.04E-02	0.00E+00	8.00E-02
41.75	0.00E+00	9.68E-03	0.00E+00	7.37E-02	0.00E+00	8.34E-02
42	0.00E+00	9.77E-03	0.00E+00	7.61E-02	0.00E+00	8.59E-02
42.25	0.00E+00	9.82E-03	0.00E+00	7.79E-02	0.00E+00	8.77E-02
42.5	0.00E+00	9.84E-03	0.00E+00	7.93E-02	0.00E+00	8.91E-02
42.75	0.00E+00	9.82E-03	0.00E+00	8.04E-02	0.00E+00	9.02E-02
43	0.00E+00	9.76E-03	0.00E+00	8.11E-02	0.00E+00	9.09E-02
43.25	0.00E+00	9.68E-03	0.00E+00	8.19E-02	0.00E+00	9.16E-02
43.5	0.00E+00	9.58E-03	0.00E+00	8.24E-02	0.00E+00	9.20E-02
43.75	0.00E+00	9.46E-03	0.00E+00	8.28E-02	0.00E+00	9.23E-02
44	0.00E+00	9.33E-03	0.00E+00	8.31E-02	0.00E+00	9.24E-02
44.25	0.00E+00	9.18E-03	0.00E+00	8.34E-02	0.00E+00	9.26E-02
44.5	0.00E+00	9.03E-03	0.00E+00	8.35E-02	0.00E+00	9.25E-02
44.75	0.00E+00	8.87E-03	0.00E+00	8.37E-02	0.00E+00	9.26E-02
45	0.00E+00	8.71E-03	0.00E+00	8.38E-02	0.00E+00	9.25E-02
45.25	0.00E+00	8.54E-03	0.00E+00	8.37E-02	0.00E+00	9.22E-02
45.5	0.00E+00	8.37E-03	0.00E+00	8.36E-02	0.00E+00	9.20E-02
45.75	0.00E+00	8.20E-03	0.00E+00	8.36E-02	0.00E+00	9.18E-02
46	0.00E+00	8.03E-03	0.00E+00	8.36E-02	0.00E+00	9.16E-02
46.25	0.00E+00	7.85E-03	0.00E+00	8.34E-02	0.00E+00	9.13E-02
46.5	0.00E+00	7.68E-03	0.00E+00	8.34E-02	0.00E+00	9.11E-02
46.75	0.00E+00	7.51E-03	0.00E+00	8.33E-02	0.00E+00	9.08E-02
47	0.00E+00	7.34E-03	0.00E+00	8.32E-02	0.00E+00	9.05E-02
47.25	0.00E+00	7.17E-03	0.00E+00	8.35E-02	0.00E+00	9.07E-02
47.5	0.00E+00	7.00E-03	0.00E+00	8.35E-02	0.00E+00	9.05E-02
47.75	0.00E+00	6.83E-03	0.00E+00	8.35E-02	0.00E+00	9.03E-02
48	0.00E+00	6.67E-03	0.00E+00	8.34E-02	0.00E+00	9.01E-02
48.25	0.00E+00	6.50E-03	0.00E+00	8.26E-02	0.00E+00	8.91E-02
48.5	0.00E+00	6.34E-03	0.00E+00	8.23E-02	0.00E+00	8.86E-02
48.75	0.00E+00	6.17E-03	0.00E+00	8.22E-02	0.00E+00	8.84E-02
49	0.00E+00	6.06E-03	0.00E+00	8.20E-02	0.00E+00	8.81E-02
49.25	0.00E+00	5.97E-03	0.00E+00	8.34E-02	0.00E+00	8.94E-02
49.5	0.00E+00	5.88E-03	0.00E+00	8.37E-02	0.00E+00	8.96E-02
49.75	0.00E+00	5.79E-03	0.00E+00	8.37E-02	0.00E+00	8.95E-02
50	0.00E+00	5.70E-03	0.00E+00	8.37E-02	0.00E+00	8.94E-02
50.25	0.00E+00	5.61E-03	0.00E+00	8.40E-02	0.00E+00	8.96E-02
50.5	0.00E+00	5.53E-03	0.00E+00	8.40E-02	0.00E+00	8.95E-02
50.75	0.00E+00	5.44E-03	0.00E+00	8.40E-02	0.00E+00	8.94E-02
51	0.00E+00	5.35E-03	0.00E+00	8.39E-02	0.00E+00	8.93E-02
51.25	0.00E+00	5.27E-03	0.00E+00	8.35E-02	0.00E+00	8.88E-02
51.5	0.00E+00	5.18E-03	0.00E+00	8.34E-02	0.00E+00	8.86E-02
51.75	0.00E+00	5.10E-03	0.00E+00	8.32E-02	0.00E+00	8.83E-02
52	0.00E+00	5.01E-03	0.00E+00	8.31E-02	0.00E+00	8.81E-02
52.25	0.00E+00	4.93E-03	0.00E+00	8.29E-02	0.00E+00	8.78E-02
52.5	0.00E+00	4.85E-03	0.00E+00	8.28E-02	0.00E+00	8.77E-02
52.75	0.00E+00	4.76E-03	0.00E+00	8.26E-02	0.00E+00	8.74E-02
53	0.00E+00	4.68E-03	0.00E+00	8.25E-02	0.00E+00	8.72E-02
53.25	0.00E+00	4.60E-03	0.00E+00	8.22E-02	0.00E+00	8.68E-02
53.5	0.00E+00	4.52E-03	0.00E+00	8.21E-02	0.00E+00	8.66E-02
53.75	0.00E+00	4.44E-03	0.00E+00	8.19E-02	0.00E+00	8.63E-02
54	0.00E+00	4.36E-03	0.00E+00	8.17E-02	0.00E+00	8.61E-02
54.25	6.37E-03	4.28E-03	0.00E+00	7.67E-02	6.37E-03	8.10E-02
54.5	6.37E-03	4.20E-03	0.00E+00	7.36E-02	6.37E-03	7.78E-02
54.75	6.37E-03	4.12E-03	0.00E+00	7.14E-02	6.37E-03	7.55E-02
55	6.37E-03	4.05E-03	0.00E+00	6.98E-02	6.37E-03	7.39E-02
55.25	1.05E-03	3.97E-03	0.00E+00	7.18E-02	1.05E-03	7.58E-02
55.5	1.05E-03	3.91E-03	0.00E+00	7.29E-02	1.05E-03	7.68E-02
55.75	1.05E-03	3.85E-03	0.00E+00	7.35E-02	1.05E-03	7.74E-02
56	1.05E-03	3.79E-03	0.00E+00	7.38E-02	1.05E-03	7.76E-02
56.25	7.01E-03	3.75E-03	0.00E+00	7.01E-02	7.01E-03	7.39E-02
56.5	7.01E-03	3.70E-03	0.00E+00	6.78E-02	7.01E-03	7.15E-02
56.75	7.01E-03	3.67E-03	0.00E+00	6.62E-02	7.01E-03	6.99E-02
57	7.01E-03	3.64E-03	0.00E+00	6.50E-02	7.01E-03	6.86E-02
57.25	1.49E-02	3.61E-03	0.00E+00	5.89E-02	1.49E-02	6.25E-02
57.5	1.49E-02	3.58E-03	0.00E+00	5.54E-02	1.49E-02	5.90E-02
57.75	1.49E-02	3.57E-03	0.00E+00	5.31E-02	1.49E-02	5.67E-02
58	1.49E-02	3.56E-03	0.00E+00	5.13E-02	1.49E-02	5.49E-02
58.25	0.00E+00	3.57E-03	0.00E+00	5.80E-02	0.00E+00	6.16E-02
58.5	0.00E+00	3.60E-03	0.00E+00	6.21E-02	0.00E+00	6.57E-02
58.75	0.00E+00	3.65E-03	0.00E+00	6.49E-02	0.00E+00	6.86E-02
59	0.00E+00	3.72E-03	0.00E+00	6.70E-02	0.00E+00	7.07E-02
59.25	0.00E+00	3.80E-03	0.00E+00	6.85E-02	0.00E+00	7.23E-02
59.5	0.00E+00	3.89E-03	0.00E+00	6.97E-02	0.00E+00	7.36E-02
59.75	0.00E+00	3.97E-03	0.00E+00	7.06E-02	0.00E+00	7.46E-02
60	0.00E+00	4.04E-03	0.00E+00	7.12E-02	0.00E+00	7.52E-02
60.25	0.00E+00	4.09E-03	0.00E+00	7.23E-02	0.00E+00	7.64E-02
60.5	0.00E+00	4.13E-03	0.00E+00	7.29E-02	0.00E+00	7.70E-02
60.75	0.00E+00	4.16E-03	0.00E+00	7.33E-02	0.00E+00	7.75E-02
61	0.00E+00	4.18E-03	0.00E+00	7.36E-02	0.00E+00	7.78E-02
61.25	0.00E+00	4.19E-03	0.00E+00	7.39E-02	0.00E+00	7.81E-02
61.5	0.00E+00	4.19E-03	0.00E+00	7.41E-02	0.00E+00	7.83E-02
61.75	0.00E+00	4.18E-03	0.00E+00	7.43E-02	0.00E+00	7.85E-02
62	0.00E+00	4.16E-03	0.00E+00	7.43E-02	0.00E+00	7.85E-02
62.25	0.00E+00	4.14E-03	0.00E+00	7.47E-02	0.00E+00	7.88E-02
62.5	0.00E+00	4.11E-03	0.00E+00	7.47E-02	0.00E+00	7.88E-02
62.75	0.00E+00	4.08E-03	0.00E+00	7.48E-02	0.00E+00	7.89E-02
63	0.00E+00	4.04E-03	0.00E+00	7.48E-02	0.00E+00	7.88E-02
63.25	0.00E+00	4.00E-03	0.00E+00	7.55E-02	0.00E+00	7.95E-02
63.5	0.00E+00	3.96E-03	0.00E+00	7.56E-02	0.00E+00	7.96E-02
63.75	0.00E+00	3.91E-03	0.00E+00	7.57E-02	0.00E+00	7.96E-02
64	0.00E+00	3.86E-03	0.00E+00	7.57E-02	0.00E+00	7.96E-02
64.25	0.00E+00	3.81E-03	0.00E+00	7.01E-02	0.00E+00	7.39E-02
64.5	0.00E+00	3.76E-03	0.00E+00	6.96E-02	0.00E+00	7.34E-02
64.75	0.00E+00	3.71E-03	0.00E+00	6.93E-02	0.00E+00	7.30E-02
65	0.00E+00	3.65E-03	0.00E+00	6.91E-02	0.00E+00	7.28E-02
65.25	9.94E-03	3.60E-03	0.00E+00	6.22E-02	9.94E-03	6.58E-02
65.5	9.94E-03	3.54E-03	0.00E+00	5.80E-02	9.94E-03	6.15E-02
65.75	9.94E-03	3.48E-03	0.00E+00	5.54E-02	9.94E-03	5.89E-02
66	9.94E-03	3.42E-03	0.00E+00	5.34E-02	9.94E-03	5.68E-02
66.25	4.14E-03	3.37E-03	0.00E+00	5.60E-02	4.14E-03	5.94E-02
66.5	4.14E-03	3.32E-03	0.00E+00	5.69E-02	4.14E-03	6.02E-02
66.75	4.14E-03	3.28E-03	0.00E+00	5.73E-02	4.14E-03	6.06E-02
67	4.14E-03	3.25E-03	0.00E+00	5.75E-02	4.14E-03	6.08E-02
67.25	0.00E+00	3.23E-03	0.00E+00	6.07E-02	0.00E+00	6.39E-02
67.5	0.00E+00	3.22E-03	0.00E+00	6.25E-02	0.00E+00	6.57E-02
67.75	0.00E+00	3.22E-03	0.00E+00	6.37E-02	0.00E+00	6.69E-02
68	0.00E+00	3.23E-03	0.00E+00	6.45E-02	0.00E+00	6.77E-02
68.25	4.89E-03	3.24E-03	0.00E+00	6.15E-02	4.89E-03	6.47E-02
68.5	4.89E-03	3.25E-03	0.00E+00	5.99E-02	4.89E-03	6.32E-02
68.75	4.89E-03	3.25E-03	0.00E+00	5.89E-02	4.89E-03	6.22E-02
69	4.89E-03	3.26E-03	0.00E+00	5.82E-02	4.89E-03	6.15E-02
69.25	1.33E-03	3.26E-03	0.00E+00	5.98E-02	1.33E-03	6.31E-02
69.5	1.33E-03	3.26E-03	0.00E+00	6.05E-02	1.33E-03	6.38E-02
69.75	1.33E-03	3.26E-03	0.00E+00	6.10E-02	1.33E-03	6.43E-02
70	1.33E-03	3.26E-03	0.00E+00	6.12E-02	1.33E-03	6.45E-02
70.25	0.00E+00	3.26E-03	0.00E+00	6.25E-02	0.00E+00	6.58E-02
70.5	0.00E+00	3.27E-03	0.00E+00	6.33E-02	0.00E+00	6.66E-02
70.75	0.00E+00	3.27E-03	0.00E+00	6.38E-02	0.00E+00	6.71E-02
71	0.00E+00	3.27E-03	0.00E+00	6.42E-02	0.00E+00	6.75E-02
71.25	8.83E-03	3.26E-03	0.00E+00	5.87E-02	8.83E-03	6.20E-02
71.5	8.83E-03	3.26E-03	0.00E+00	5.56E-02	8.83E-03	5.89E-02
71.75	8.83E-03	3.25E-03	0.00E+00	5.36E-02	8.83E-03	5.69E-02
72	8.83E-03	3.24E-03	0.00E+00	5.21E-02	8.83E-03	5.53E-02
72.25	3.08E-03	3.22E-03	0.00E+00	5.53E-02	3.08E-03	5.85E-02
72.5	3.08E-03	3.21E-03	0.00E+00	5.66E-02	3.08E-03	5.98E-02
72.75	3.08E-03	3.21E-03	0.00E+00	5.74E-02	3.08E-03	6.06E-02
73	3.08E-03	3.20E-03	0.00E+00	5.79E-02	3.08E-03	6.11E-02
73.25	0.00E+00	3.21E-03	0.00E+00	6.08E-02	0.00E+00	6.40E-02
73.5	0.00E+00	3.22E-03	0.00E+00	6.26E-02	0.00E+00	6.58E-02
73.75	0.00E+00	3.23E-03	0.00E+00	6.37E-02	0.00E+00	6.69E-02
74	0.00E+00	3.25E-03	0.00E+00	6.44E-02	0.00E+00	6.77E-02
74.25	0.00E+00	3.26E-03	0.00E+00	6.48E-02	0.00E+00	6.81E-02
74.5	0.00E+00	3.27E-03	0.00E+00	6.52E-02	0.00E+00	6.85E-02
74.75	0.00E+00	3.27E-03	0.00E+00	6.54E-02	0.00E+00	6.87E-02
75	0.00E+00	3.27E-03	0.00E+00	6.56E-02	0.00E+00	6.89E-02
75.25	0.00E+00	3.27E-03	0.00E+00	6.55E-02	0.00E+00	6.88E-02
75.5	0.00E+00	3.25E-03	0.00E+00	6.54E-02	0.00E+00	6.87E-02
75.75	0.00E+00	3.23E-03	0.00E+00	6.54E-02	0.00E+00	6.86E-02
76	0.00E+00	3.21E-03	0.00E+00	6.54E-02	0.00E+00	6.86E-02
76.25	0.00E+00	3.18E-03	0.00E+00	6.59E-02	0.00E+00	6.91E-02
76.5	0.00E+00	3.15E-03	0.00E+00	6.62E-02	0.00E+00	6.94E-02
76.75	0.00E+00	3.11E-03	0.00E+00	6.64E-02	0.00E+00	6.95E-02
77	0.00E+00	3.07E-03	0.00E+00	6.65E-02	0.00E+00	6.96E-02
77.25	0.00E+00	3.03E-03	0.00E+00	6.59E-02	0.00E+00	6.89E-02
77.5	0.00E+00	2.98E-03	0.00E+00	6.54E-02	0.00E+00	6.84E-02
77.75	0.00E+00	2.93E-03	0.00E+00	6.51E-02	0.00E+00	6.80E-02
78	0.00E+00	2.88E-03	0.00E+00	6.49E-02	0.00E+00	6.78E-02
78.25	3.86E-03	2.83E-03	0.00E+00	6.34E-02	3.86E-03	6.62E-02
78.5	3.86E-03	2.78E-03	0.00E+00	6.21E-02	3.86E-03	6.49E-02
78.75	3.86E-03	2.72E-03	0.00E+00	6.12E-02	3.86E-03	6.39E-02
79	3.86E-03	2.68E-03	0.00E+00	6.05E-02	3.86E-03	6.32E-02
79.25	1.52E-03	2.64E-03	0.00E+00	6.06E-02	1.52E-03	6.32E-02
79.5	1.52E-03	2.61E-03	0.00E+00	6.06E-02	1.52E-03	6.32E-02
79.75	1.52E-03	2.58E-03	0.00E+00	6.05E-02	1.52E-03	6.31E-02
80	1.52E-03	2.55E-03	0.00E+00	6.05E-02	1.52E-03	6.31E-02
80.25	1.21E-02	2.53E-03	0.00E+00	5.61E-02	1.21E-02	5.86E-02
80.5	1.21E-02	2.50E-03	0.00E+00	5.28E-02	1.21E-02	5.53E-02
80.75	1.21E-02	2.48E-03	0.00E+00	5.07E-02	1.21E-02	5.32E-02
81	1.21E-02	2.46E-03	0.00E+00	4.90E-02	1.21E-02	5.15E-02
81.25	1.92E-03	2.44E-03	0.00E+00	5.26E-02	1.92E-03	5.50E-02
81.5	1.92E-03	2.42E-03	0.00E+00	5.44E-02	1.92E-03	5.68E-02
81.75	1.92E-03	2.41E-03	0.00E+00	5.55E-02	1.92E-03	5.79E-02
82	1.92E-03	2.40E-03	0.00E+00	5.63E-02	1.92E-03	5.87E-02
82.25	0.00E+00	2.40E-03	0.00E+00	5.74E-02	0.00E+00	5.98E-02
82.5	0.00E+00	2.41E-03	0.00E+00	5.84E-02	0.00E+00	6.08E-02
82.75	0.00E+00	2.42E-03	0.00E+00	5.91E-02	0.00E+00	6.15E-02
83	0.00E+00	2.42E-03	0.00E+00	5.95E-02	0.00E+00	6.19E-02
83.25	3.14E-17	2.43E-03	0.00E+00	5.90E-02	3.14E-17	6.14E-02
83.5	2.51E-17	2.43E-03	0.00E+00	5.86E-02	2.51E-17	6.10E-02
83.75	6.72E-17	2.44E-03	0.00E+00	5.84E-02	6.72E-17	6.08E-02
84	4.60E-17	2.44E-03	0.00E+00	5.84E-02	4.60E-17	6.08E-02
84.25	0.00E+00	2.44E-03	0.00E+00	5.93E-02	0.00E+00	6.17E-02
84.5	0.00E+00	2.43E-03	0.00E+00	6.01E-02	0.00E+00	6.25E-02
84.75	0.00E+00	2.43E-03	0.00E+00	6.05E-02	0.00E+00	6.29E-02
85	0.00E+00	2.42E-03	0.00E+00	6.07E-02	0.00E+00	6.31E-02
85.25	0.00E+00	2.41E-03	0.00E+00	6.07E-02	0.00E+00	6.31E-02
85.5	0.00E+00	2.40E-03	0.00E+00	6.07E-02	0.00E+00	6.31E-02
85.75	0.00E+00	2.39E-03	0.00E+00	6.07E-02	0.00E+00	6.31E-02
86	0.00E+00	2.38E-03	0.00E+00	6.07E-02	0.00E+00	6.31E-02
86.25	0.00E+00	2.37E-03	0.00E+00	6.08E-02	0.00E+00	6.32E-02
86.5	0.00E+00	2.35E-03	0.00E+00	6.10E-02	0.00E+00	6.34E-02
86.75	0.00E+00	2.33E-03	0.00E+00	6.10E-02	0.00E+00	6.33E-02
87	0.00E+00	2.32E-03	0.00E+00	6.10E-02	0.00E+00	6.33E-02
87.25	0.00E+00	2.30E-03	0.00E+00	6.13E-02	0.00E+00	6.36E-02
87.5	0.00E+00	2.28E-03	0.00E+00	6.14E-02	0.00E+00	6.37E-02
87.75	0.00E+00	2.26E-03	0.00E+00	6.15E-02	0.00E+00	6.38E-02
88	0.00E+00	2.23E-03	0.00E+00	6.15E-02	0.00E+00	6.37E-02
88.25	0.00E+00	2.21E-03	0.00E+00	6.15E-02	0.00E+00	6.37E-02
88.5	0.00E+00	2.19E-03	0.00E+00	6.14E-02	0.00E+00	6.36E-02
88.75	0.00E+00	2.17E-03	0.00E+00	6.14E-02	0.00E+00	6.36E-02
89	0.00E+00	2.14E-03	0.00E+00	6.13E-02	0.00E+00	6.34E-02
89.25	0.00E+00	2.12E-03	0.00E+00	6.18E-02	0.00E+00	6.39E-02
89.5	0.00E+00	2.09E-03	0.00E+00	6.23E-02	0.00E+00	6.44E-02
89.75	0.00E+00	2.07E-03	0.00E+00	6.25E-02	0.00E+00	6.46E-02
90	0.00E+00	2.04E-03	0.00E+00	6.26E-02	0.00E+00	6.46E-02
90.25	0.00E+00	2.02E-03	0.00E+00	6.26E-02	0.00E+00	6.46E-02
90.5	0.00E+00	1.99E-03	0.00E+00	6.26E-02	0.00E+00	6.46E-02
90.75	0.00E+00	1.97E-03	0.00E+00	6.25E-02	0.00E+00	6.45E-02
91	0.00E+00	1.94E-03	0.00E+00	6.25E-02	0.00E+00	6.44E-02
91.25	0.00E+00	1.91E-03	0.00E+00	6.25E-02	0.00E+00	6.44E-02
91.5	0.00E+00	1.88E-03	0.00E+00	6.25E-02	0.00E+00	6.44E-02
91.75	0.00E+00	1.86E-03	0.00E+00	6.25E-02	0.00E+00	6.44E-02
92	0.00E+00	1.83E-03	0.00E+00	6.24E-02	0.00E+00	6.42E-02
92.25	0.00E+00	1.80E-03	0.00E+00	6.20E-02	0.00E+00	6.38E-02
92.5	0.00E+00	1.77E-03	0.00E+00	6.14E-02	0.00E+00	6.32E-02
92.75	0.00E+00	1.74E-03	0.00E+00	6.10E-02	0.00E+00	6.27E-02
93	0.00E+00	1.71E-03	0.00E+00	6.08E-02	0.00E+00	6.25E-02
93.25	2.51E-03	1.68E-03	0.00E+00	6.03E-02	2.51E-03	6.20E-02
93.5	2.51E-03	1.65E-03	0.00E+00	5.92E-02	2.51E-03	6.09E-02
93.75	2.51E-03	1.63E-03	0.00E+00	5.85E-02	2.51E-03	6.01E-02
94	2.51E-03	1.60E-03	0.00E+00	5.79E-02	2.51E-03	5.95E-02
94.25	0.00E+00	1.57E-03	0.00E+00	5.72E-02	0.00E+00	5.88E-02
94.5	0.00E+00	1.54E-03	0.00E+00	5.71E-02	0.00E+00	5.86E-02
94.75	0.00E+00	1.51E-03	0.00E+00	5.70E-02	0.00E+00	5.85E-02
95	0.00E+00	1.48E-03	0.00E+00	5.69E-02	0.00E+00	5.84E-02
95.25	2.53E-02	1.45E-03	0.00E+00	5.04E-02	2.53E-02	5.19E-02
95.5	2.53E-02	1.43E-03	0.00E+00	4.29E-02	2.53E-02	4.43E-02
95.75	2.53E-02	1.40E-03	0.00E+00	3.82E-02	2.53E-02	3.96E-02
96	2.53E-02	1.38E-03	0.00E+00	3.49E-02	2.53E-02	3.63E-02
96.25	0.00E+00	1.35E-03	0.00E+00	4.13E-02	0.00E+00	4.27E-02
96.5	0.00E+00	1.33E-03	0.00E+00	4.51E-02	0.00E+00	4.64E-02
96.75	0.00E+00	1.32E-03	0.00E+00	4.74E-02	0.00E+00	4.87E-02
97	0.00E+00	1.31E-03	0.00E+00	4.90E-02	0.00E+00	5.03E-02
97.25	9.87E-03	1.30E-03	0.00E+00	4.68E-02	9.87E-03	4.81E-02
97.5	9.87E-03	1.31E-03	0.00E+00	4.50E-02	9.87E-03	4.63E-02
97.75	9.87E-03	1.32E-03	0.00E+00	4.39E-02	9.87E-03	4.52E-02
98	9.87E-03	1.33E-03	0.00E+00	4.31E-02	9.87E-03	4.44E-02
98.25	2.88E-03	1.35E-03	0.00E+00	4.55E-02	2.88E-03	4.69E-02
98.5	2.88E-03	1.38E-03	0.00E+00	4.69E-02	2.88E-03	4.83E-02
98.75	2.88E-03	1.41E-03	0.00E+00	4.78E-02	2.88E-03	4.92E-02
99	2.88E-03	1.44E-03	0.00E+00	4.84E-02	2.88E-03	4.98E-02
99.25	0.00E+00	1.47E-03	0.00E+00	4.99E-02	0.00E+00	5.14E-02
99.5	0.00E+00	1.51E-03	0.00E+00	5.11E-02	0.00E+00	5.26E-02
99.75	0.00E+00	1.55E-03	0.00E+00	5.20E-02	0.00E+00	5.36E-02
100	0.00E+00	1.58E-03	0.00E+00	5.26E-02	0.00E+00	5.42E-02
100.25	0.00E+00	1.62E-03	0.00E+00	5.28E-02	0.00E+00	5.44E-02
100.5	0.00E+00	1.66E-03	0.00E+00	5.30E-02	0.00E+00	5.47E-02
100.75	0.00E+00	1.69E-03	0.00E+00	5.32E-02	0.00E+00	5.49E-02
101	0.00E+00	1.72E-03	0.00E+00	5.34E-02	0.00E+00	5.51E-02
101.25	0.00E+00	1.74E-03	0.00E+00	5.39E-02	0.00E+00	5.56E-02
101.5	0.00E+00	1.77E-03	0.00E+00	5.44E-02	0.00E+00	5.62E-02
101.75	0.00E+00	1.78E-03	0.00E+00	5.47E-02	0.00E+00	5.65E-02
102	0.00E+00	1.80E-03	0.00E+00	5.49E-02	0.00E+00	5.67E-02
102.25	0.00E+00	1.81E-03	0.00E+00	5.56E-02	0.00E+00	5.74E-02
102.5	0.00E+00	1.82E-03	0.00E+00	5.62E-02	0.00E+00	5.80E-02
102.75	0.00E+00	1.82E-03	0.00E+00	5.65E-02	0.00E+00	5.83E-02
103	0.00E+00	1.83E-03	0.00E+00	5.68E-02	0.00E+00	5.86E-02
103.25	0.00E+00	1.83E-03	0.00E+00	5.64E-02	0.00E+00	5.82E-02
103.5	0.00E+00	1.83E-03	0.00E+00	5.60E-02	0.00E+00	5.78E-02
103.75	0.00E+00	1.82E-03	0.00E+00	5.58E-02	0.00E+00	5.76E-02
104	0.00E+00	1.82E-03	0.00E+00	5.57E-02	0.00E+00	5.75E-02
104.25	0.00E+00	1.81E-03	0.00E+00	5.62E-02	0.00E+00	5.80E-02
104.5	0.00E+00	1.80E-03	0.00E+00	5.66E-02	0.00E+00	5.84E-02
104.75	0.00E+00	1.79E-03	0.00E+00	5.69E-02	0.00E+00	5.87E-02
105	0.00E+00	1.78E-03	0.00E+00	5.70E-02	0.00E+00	5.88E-02
105.25	0.00E+00	1.76E-03	0.00E+00	5.74E-02	0.00E+00	5.92E-02
105.5	0.00E+00	1.75E-03	0.00E+00	5.78E-02	0.00E+00	5.96E-02
105.75	0.00E+00	1.73E-03	0.00E+00	5.79E-02	0.00E+00	5.96E-02
106	0.00E+00	1.72E-03	0.00E+00	5.81E-02	0.00E+00	5.98E-02
106.25	0.00E+00	1.70E-03	0.00E+00	5.83E-02	0.00E+00	6.00E-02
106.5	0.00E+00	1.68E-03	0.00E+00	5.86E-02	0.00E+00	6.03E-02
106.75	0.00E+00	1.66E-03	0.00E+00	5.87E-02	0.00E+00	6.04E-02
107	0.00E+00	1.64E-03	0.00E+00	5.88E-02	0.00E+00	6.04E-02
107.25	0.00E+00	1.62E-03	0.00E+00	5.86E-02	0.00E+00	6.02E-02
107.5	0.00E+00	1.60E-03	0.00E+00	5.84E-02	0.00E+00	6.00E-02
107.75	0.00E+00	1.58E-03	0.00E+00	5.83E-02	0.00E+00	5.99E-02
108	0.00E+00	1.56E-03	0.00E+00	5.82E-02	0.00E+00	5.98E-02
108.25	0.00E+00	1.53E-03	0.00E+00	5.78E-02	0.00E+00	5.93E-02
108.5	0.00E+00	1.51E-03	0.00E+00	5.73E-02	0.00E+00	5.88E-02
108.75	0.00E+00	1.49E-03	0.00E+00	5.70E-02	0.00E+00	5.85E-02
109	0.00E+00	1.46E-03	0.00E+00	5.68E-02	0.00E+00	5.83E-02
109.25	0.00E+00	1.44E-03	0.00E+00	5.66E-02	0.00E+00	5.80E-02
109.5	0.00E+00	1.41E-03	0.00E+00	5.65E-02	0.00E+00	5.79E-02
109.75	0.00E+00	1.39E-03	0.00E+00	5.64E-02	0.00E+00	5.78E-02
110	0.00E+00	1.36E-03	0.00E+00	5.62E-02	0.00E+00	5.76E-02
110.25	0.00E+00	1.34E-03	0.00E+00	5.62E-02	0.00E+00	5.75E-02
110.5	0.00E+00	1.31E-03	0.00E+00	5.62E-02	0.00E+00	5.75E-02
110.75	0.00E+00	1.28E-03	0.00E+00	5.62E-02	0.00E+00	5.75E-02
111	0.00E+00	1.26E-03	0.00E+00	5.61E-02	0.00E+00	5.74E-02
111.25	0.00E+00	1.23E-03	0.00E+00	5.59E-02	0.00E+00	5.71E-02
111.5	0.00E+00	1.21E-03	0.00E+00	5.56E-02	0.00E+00	5.68E-02
111.75	0.00E+00	1.20E-03	0.00E+00	5.54E-02	0.00E+00	5.66E-02
112	0.00E+00	1.18E-03	0.00E+00	5.52E-02	0.00E+00	5.64E-02
112.25	5.80E-03	1.17E-03	0.00E+00	5.57E-02	5.80E-03	5.69E-02
112.5	5.80E-03	1.15E-03	0.00E+00	5.38E-02	5.80E-03	5.50E-02
112.75	5.80E-03	1.14E-03	0.00E+00	5.26E-02	5.80E-03	5.37E-02
113	5.80E-03	1.13E-03	0.00E+00	5.16E-02	5.80E-03	5.27E-02
113.25	0.00E+00	1.11E-03	0.00E+00	5.12E-02	0.00E+00	5.23E-02
113.5	0.00E+00	1.10E-03	0.00E+00	5.26E-02	0.00E+00	5.37E-02
113.75	0.00E+00	1.09E-03	0.00E+00	5.34E-02	0.00E+00	5.45E-02
114	0.00E+00	1.08E-03	0.00E+00	5.38E-02	0.00E+00	5.49E-02
114.25	0.00E+00	1.06E-03	0.00E+00	5.39E-02	0.00E+00	5.50E-02
114.5	0.00E+00	1.05E-03	0.00E+00	5.36E-02	0.00E+00	5.47E-02
114.75	0.00E+00	1.04E-03	0.00E+00	5.34E-02	0.00E+00	5.44E-02
115	0.00E+00	1.03E-03	0.00E+00	5.33E-02	0.00E+00	5.43E-02
115.25	0.00E+00	1.02E-03	0.00E+00	5.34E-02	0.00E+00	5.44E-02
115.5	0.00E+00	1.01E-03	0.00E+00	5.38E-02	0.00E+00	5.48E-02
115.75	0.00E+00	1.00E-03	0.00E+00	5.40E-02	0.00E+00	5.50E-02
116	0.00E+00	9.92E-04	0.00E+00	5.41E-02	0.00E+00	5.51E-02
116.25	0.00E+00	9.83E-04	0.00E+00	5.42E-02	0.00E+00	5.52E-02
116.5	0.00E+00	9.73E-04	0.00E+00	5.43E-02	0.00E+00	5.53E-02
116.75	0.00E+00	9.64E-04	0.00E+00	5.43E-02	0.00E+00	5.53E-02
117	0.00E+00	9.54E-04	0.00E+00	5.43E-02	0.00E+00	5.53E-02
117.25	0.00E+00	9.44E-04	0.00E+00	5.43E-02	0.00E+00	5.52E-02
117.5	0.00E+00	9.35E-04	0.00E+00	5.43E-02	0.00E+00	5.52E-02
117.75	0.00E+00	9.25E-04	0.00E+00	5.42E-02	0.00E+00	5.51E-02
118	0.00E+00	9.15E-04	0.00E+00	5.42E-02	0.00E+00	5.51E-02
118.25	0.00E+00	9.05E-04	0.00E+00	5.41E-02	0.00E+00	5.50E-02
118.5	0.00E+00	8.95E-04	0.00E+00	5.37E-02	0.00E+00	5.46E-02
118.75	0.00E+00	8.85E-04	0.00E+00	5.35E-02	0.00E+00	5.44E-02
119	0.00E+00	8.74E-04	0.00E+00	5.33E-02	0.00E+00	5.42E-02
119.25	0.00E+00	8.64E-04	0.00E+00	5.32E-02	0.00E+00	5.41E-02
119.5	0.00E+00	8.53E-04	0.00E+00	5.30E-02	0.00E+00	5.39E-02
119.75	0.00E+00	8.43E-04	0.00E+00	5.28E-02	0.00E+00	5.36E-02
120	0.00E+00	8.32E-04	0.00E+00	5.27E-02	0.00E+00	5.35E-02
120.25	0.00E+00	8.22E-04	0.00E+00	5.26E-02	0.00E+00	5.34E-02
120.5	0.00E+00	8.11E-04	0.00E+00	5.22E-02	0.00E+00	5.30E-02
120.75	0.00E+00	8.01E-04	0.00E+00	5.20E-02	0.00E+00	5.28E-02
121	0.00E+00	7.90E-04	0.00E+00	5.18E-02	0.00E+00	5.26E-02
121.25	0.00E+00	7.79E-04	0.00E+00	5.16E-02	0.00E+00	5.24E-02
121.5	0.00E+00	7.69E-04	0.00E+00	5.17E-02	0.00E+00	5.25E-02
121.75	0.00E+00	7.58E-04	0.00E+00	5.17E-02	0.00E+00	5.25E-02
122	0.00E+00	7.47E-04	0.00E+00	5.16E-02	0.00E+00	5.23E-02
122.25	0.00E+00	7.37E-04	0.00E+00	5.15E-02	0.00E+00	5.22E-02
122.5	0.00E+00	7.26E-04	0.00E+00	5.15E-02	0.00E+00	5.22E-02
122.75	0.00E+00	7.16E-04	0.00E+00	5.14E-02	0.00E+00	5.21E-02
123	0.00E+00	7.05E-04	0.00E+00	5.14E-02	0.00E+00	5.21E-02
123.25	0.00E+00	6.95E-04	0.00E+00	5.13E-02	0.00E+00	5.20E-02
123.5	0.00E+00	6.84E-04	0.00E+00	5.13E-02	0.00E+00	5.20E-02
123.75	0.00E+00	6.73E-04	0.00E+00	5.13E-02	0.00E+00	5.20E-02
124	0.00E+00	6.63E-04	0.00E+00	5.12E-02	0.00E+00	5.19E-02
124.25	0.00E+00	6.52E-04	0.00E+00	5.13E-02	0.00E+00	5.20E-02
124.5	0.00E+00	6.41E-04	0.00E+00	5.10E-02	0.00E+00	5.16E-02
124.75	0.00E+00	6.31E-04	0.00E+00	5.08E-02	0.00E+00	5.14E-02
125	0.00E+00	6.20E-04	0.00E+00	5.06E-02	0.00E+00	5.12E-02
125.25	0.00E+00	6.08E-04	0.00E+00	5.04E-02	0.00E+00	5.10E-02
125.5	0.00E+00	5.95E-04	0.00E+00	5.04E-02	0.00E+00	5.10E-02
125.75	0.00E+00	5.91E-04	0.00E+00	5.04E-02	0.00E+00	5.10E-02
126	0.00E+00	5.85E-04	0.00E+00	5.04E-02	0.00E+00	5.10E-02
126.25	0.00E+00	5.80E-04	0.00E+00	5.03E-02	0.00E+00	5.09E-02
126.5	0.00E+00	5.74E-04	0.00E+00	5.02E-02	0.00E+00	5.08E-02
126.75	0.00E+00	5.69E-04	0.00E+00	5.01E-02	0.00E+00	5.07E-02
127	0.00E+00	5.64E-04	0.00E+00	5.01E-02	0.00E+00	5.07E-02
127.25	3.32E-02	5.58E-04	0.00E+00	5.42E-02	3.32E-02	5.48E-02
127.5	3.32E-02	5.53E-04	0.00E+00	4.36E-02	3.32E-02	4.42E-02
127.75	3.32E-02	5.48E-04	0.00E+00	3.72E-02	3.32E-02	3.77E-02
128	3.32E-02	5.43E-04	0.00E+00	3.27E-02	3.32E-02	3.32E-02
128.25	0.00E+00	5.39E-04	0.00E+00	4.11E-02	0.00E+00	4.16E-02
128.5	0.00E+00	5.36E-04	0.00E+00	4.50E-02	0.00E+00	4.55E-02
128.75	0.00E+00	5.34E-04	0.00E+00	4.73E-02	0.00E+00	4.78E-02
129	0.00E+00	5.33E-04	0.00E+00	4.88E-02	0.00E+00	4.93E-02
129.25	0.00E+00	5.31E-04	0.00E+00	5.12E-02	0.00E+00	5.17E-02
129.5	0.00E+00	5.30E-04	0.00E+00	5.23E-02	0.00E+00	5.28E-02
129.75	0.00E+00	5.29E-04	0.00E+00	5.31E-02	0.00E+00	5.36E-02
130	0.00E+00	5.29E-04	0.00E+00	5.37E-02	0.00E+00	5.42E-02
130.25	0.00E+00	5.29E-04	0.00E+00	5.59E-02	0.00E+00	5.64E-02
130.5	0.00E+00	5.29E-04	0.00E+00	5.67E-02	0.00E+00	5.72E-02
130.75	0.00E+00	5.30E-04	0.00E+00	5.73E-02	0.00E+00	5.78E-02
131	0.00E+00	5.31E-04	0.00E+00	5.78E-02	0.00E+00	5.83E-02
131.25	0.00E+00	5.33E-04	0.00E+00	5.52E-02	0.00E+00	5.57E-02
131.5	0.00E+00	5.35E-04	0.00E+00	5.49E-02	0.00E+00	5.54E-02
131.75	0.00E+00	5.37E-04	0.00E+00	5.49E-02	0.00E+00	5.54E-02
132	0.00E+00	5.39E-04	0.00E+00	5.50E-02	0.00E+00	5.55E-02
132.25	0.00E+00	5.40E-04	0.00E+00	5.85E-02	0.00E+00	5.90E-02
132.5	0.00E+00	5.42E-04	0.00E+00	5.94E-02	0.00E+00	5.99E-02
132.75	0.00E+00	5.44E-04	0.00E+00	5.99E-02	0.00E+00	6.04E-02
133	0.00E+00	5.45E-04	0.00E+00	6.04E-02	0.00E+00	6.09E-02
133.25	0.00E+00	5.46E-04	0.00E+00	5.78E-02	0.00E+00	5.83E-02
133.5	0.00E+00	5.47E-04	0.00E+00	5.75E-02	0.00E+00	5.80E-02
133.75	0.00E+00	5.48E-04	0.00E+00	5.73E-02	0.00E+00	5.78E-02
134	0.00E+00	5.48E-04	0.00E+00	5.73E-02	0.00E+00	5.78E-02
134.25	0.00E+00	5.49E-04	0.00E+00	5.91E-02	0.00E+00	5.96E-02
134.5	0.00E+00	5.48E-04	0.00E+00	5.95E-02	0.00E+00	6.00E-02
134.75	0.00E+00	5.48E-04	0.00E+00	5.98E-02	0.00E+00	6.03E-02
135	0.00E+00	5.48E-04	0.00E+00	6.00E-02	0.00E+00	6.05E-02
135.25	0.00E+00	5.47E-04	0.00E+00	6.21E-02	0.00E+00	6.26E-02
135.5	0.00E+00	5.46E-04	0.00E+00	6.26E-02	0.00E+00	6.31E-02
135.75	0.00E+00	5.45E-04	0.00E+00	6.30E-02	0.00E+00	6.35E-02
136	0.00E+00	5.44E-04	0.00E+00	6.33E-02	0.00E+00	6.38E-02
136.25	0.00E+00	5.42E-04	0.00E+00	6.31E-02	0.00E+00	6.36E-02
136.5	0.00E+00	5.41E-04	0.00E+00	6.32E-02	0.00E+00	6.37E-02
136.75	0.00E+00	5.39E-04	0.00E+00	6.33E-02	0.00E+00	6.38E-02
137	0.00E+00	5.37E-04	0.00E+00	6.35E-02	0.00E+00	6.40E-02
137.25	0.00E+00	5.35E-04	0.00E+00	6.52E-02	0.00E+00	6.57E-02
137.5	0.00E+00	5.33E-04	0.00E+00	6.56E-02	0.00E+00	6.61E-02
137.75	0.00E+00	5.30E-04	0.00E+00	6.59E-02	0.00E+00	6.64E-02
138	0.00E+00	5.28E-04	0.00E+00	6.62E-02	0.00E+00	6.67E-02
138.25	0.00E+00	5.25E-04	0.00E+00	6.58E-02	0.00E+00	6.63E-02
138.5	0.00E+00	5.22E-04	0.00E+00	6.58E-02	0.00E+00	6.63E-02
138.75	0.00E+00	5.19E-04	0.00E+00	6.59E-02	0.00E+00	6.64E-02
139	0.00E+00	5.16E-04	0.00E+00	6.60E-02	0.00E+00	6.65E-02
139.25	0.00E+00	5.13E-04	0.00E+00	6.71E-02	0.00E+00	6.76E-02
139.5	0.00E+00	5.10E-04	0.00E+00	6.74E-02	0.00E+00	6.79E-02
139.75	0.00E+00	5.06E-04	0.00E+00	6.76E-02	0.00E+00	6.81E-02
140	0.00E+00	5.03E-04	0.00E+00	6.78E-02	0.00E+00	6.83E-02
140.25	0.00E+00	4.99E-04	0.00E+00	6.53E-02	0.00E+00	6.58E-02
140.5	0.00E+00	4.96E-04	0.00E+00	6.51E-02	0.00E+00	6.56E-02
140.75	0.00E+00	4.92E-04	0.00E+00	6.49E-02	0.00E+00	6.54E-02
141	0.00E+00	4.88E-04	0.00E+00	6.48E-02	0.00E+00	6.53E-02
141.25	0.00E+00	4.84E-04	0.00E+00	6.34E-02	0.00E+00	6.39E-02
141.5	0.00E+00	4.80E-04	0.00E+00	6.32E-02	0.00E+00	6.37E-02
141.75	0.00E+00	4.76E-04	0.00E+00	6.30E-02	0.00E+00	6.35E-02
142	0.00E+00	4.72E-04	0.00E+00	6.28E-02	0.00E+00	6.33E-02
142.25	1.91E-18	4.68E-04	0.00E+00	5.59E-02	1.91E-18	5.64E-02
142.5	9.62E-18	4.64E-04	0.00E+00	5.48E-02	9.62E-18	5.53E-02
142.75	1.80E-17	4.60E-04	0.00E+00	5.41E-02	1.80E-17	5.46E-02
143	2.04E-17	4.56E-04	0.00E+00	5.36E-02	2.04E-17	5.41E-02
143.25	0.00E+00	4.52E-04	0.00E+00	6.26E-02	0.00E+00	6.31E-02
143.5	0.00E+00	4.48E-04	0.00E+00	6.39E-02	0.00E+00	6.43E-02
143.75	0.00E+00	4.44E-04	0.00E+00	6.47E-02	0.00E+00	6.51E-02
144	0.00E+00	4.40E-04	0.00E+00	6.51E-02	0.00E+00	6.55E-02
144.25	0.00E+00	4.35E-04	0.00E+00	6.41E-02	0.00E+00	6.45E-02
144.5	0.00E+00	4.31E-04	0.00E+00	6.42E-02	0.00E+00	6.46E-02
144.75	0.00E+00	4.27E-04	0.00E+00	6.42E-02	0.00E+00	6.46E-02
145	0.00E+00	4.23E-04	0.00E+00	6.43E-02	0.00E+00	6.47E-02
145.25	0.00E+00	4.19E-04	0.00E+00	6.26E-02	0.00E+00	6.30E-02
145.5	0.00E+00	4.15E-04	0.00E+00	6.25E-02	0.00E+00	6.29E-02
145.75	0.00E+00	4.10E-04	0.00E+00	6.24E-02	0.00E+00	6.28E-02
146	0.00E+00	4.06E-04	0.00E+00	6.24E-02	0.00E+00	6.28E-02
146.25	0.00E+00	4.02E-04	0.00E+00	6.41E-02	0.00E+00	6.45E-02
146.5	0.00E+00	3.98E-04	0.00E+00	6.42E-02	0.00E+00	6.46E-02
146.75	0.00E+00	3.94E-04	0.00E+00	6.41E-02	0.00E+00	6.45E-02
147	0.00E+00	3.89E-04	0.00E+00	6.41E-02	0.00E+00	6.45E-02
147.25	2.89E-03	3.85E-04	0.00E+00	6.37E-02	2.89E-03	6.41E-02
147.5	2.89E-03	3.81E-04	0.00E+00	6.35E-02	2.89E-03	6.39E-02
147.75	2.89E-03	3.77E-04	0.00E+00	6.26E-02	2.89E-03	6.30E-02
148	2.89E-03	3.72E-04	0.00E+00	6.18E-02	2.89E-03	6.22E-02
148.25	0.00E+00	3.68E-04	0.00E+00	6.33E-02	0.00E+00	6.37E-02
148.5	0.00E+00	3.64E-04	0.00E+00	6.37E-02	0.00E+00	6.41E-02
148.75	0.00E+00	3.60E-04	0.00E+00	6.41E-02	0.00E+00	6.45E-02
149	0.00E+00	3.56E-04	0.00E+00	6.41E-02	0.00E+00	6.45E-02
149.25	0.00E+00	3.52E-04	0.00E+00	5.48E-02	0.00E+00	5.52E-02
149.5	0.00E+00	3.47E-04	0.00E+00	5.42E-02	0.00E+00	5.45E-02
149.75	0.00E+00	3.43E-04	0.00E+00	5.38E-02	0.00E+00	5.41E-02
150	0.00E+00	3.39E-04	0.00E+00	5.34E-02	0.00E+00	5.37E-02
150.25	1.79E-02	3.34E-04	0.00E+00	6.44E-02	1.79E-02	6.47E-02
150.5	1.79E-02	3.30E-04	0.00E+00	5.93E-02	1.79E-02	5.96E-02
150.75	1.79E-02	3.26E-04	0.00E+00	5.57E-02	1.79E-02	5.60E-02
151	1.79E-02	3.22E-04	0.00E+00	5.29E-02	1.79E-02	5.32E-02
151.25	0.00E+00	3.18E-04	0.00E+00	4.99E-02	0.00E+00	5.02E-02
151.5	0.00E+00	3.14E-04	0.00E+00	5.19E-02	0.00E+00	5.22E-02
151.75	0.00E+00	3.10E-04	0.00E+00	5.28E-02	0.00E+00	5.31E-02
152	0.00E+00	3.05E-04	0.00E+00	5.35E-02	0.00E+00	5.38E-02
152.25	0.00E+00	3.02E-04	0.00E+00	5.65E-02	0.00E+00	5.68E-02
152.5	0.00E+00	3.01E-04	0.00E+00	5.75E-02	0.00E+00	5.78E-02
152.75	0.00E+00	2.99E-04	0.00E+00	5.83E-02	0.00E+00	5.86E-02
153	0.00E+00	2.98E-04	0.00E+00	5.90E-02	0.00E+00	5.93E-02
153.25	5.79E-03	2.96E-04	0.00E+00	5.67E-02	5.79E-03	5.70E-02
153.5	5.79E-03	2.94E-04	0.00E+00	5.48E-02	5.79E-03	5.51E-02
153.75	5.79E-03	2.92E-04	0.00E+00	5.36E-02	5.79E-03	5.39E-02
154	5.79E-03	2.91E-04	0.00E+00	5.28E-02	5.79E-03	5.31E-02
154.25	8.65E-03	2.89E-04	0.00E+00	5.54E-02	8.65E-03	5.57E-02
154.5	8.65E-03	2.87E-04	0.00E+00	5.49E-02	8.65E-03	5.52E-02
154.75	8.65E-03	2.86E-04	0.00E+00	5.44E-02	8.65E-03	5.47E-02
155	8.65E-03	2.85E-04	0.00E+00	5.39E-02	8.65E-03	5.42E-02
155.25	0.00E+00	2.83E-04	0.00E+00	4.74E-02	0.00E+00	4.77E-02
155.5	0.00E+00	2.82E-04	0.00E+00	4.77E-02	0.00E+00	4.80E-02
155.75	0.00E+00	2.81E-04	0.00E+00	4.80E-02	0.00E+00	4.83E-02
156	0.00E+00	2.80E-04	0.00E+00	4.83E-02	0.00E+00	4.86E-02
156.25	0.00E+00	2.79E-04	0.00E+00	5.33E-02	0.00E+00	5.36E-02
156.5	0.00E+00	2.78E-04	0.00E+00	5.46E-02	0.00E+00	5.49E-02
156.75	0.00E+00	2.77E-04	0.00E+00	5.54E-02	0.00E+00	5.57E-02
157	0.00E+00	2.76E-04	0.00E+00	5.61E-02	0.00E+00	5.64E-02
157.25	4.66E-18	2.75E-04	0.00E+00	5.14E-02	4.66E-18	5.17E-02
157.5	3.24E-17	2.74E-04	0.00E+00	5.07E-02	3.24E-17	5.10E-02
157.75	3.35E-17	2.73E-04	0.00E+00	5.04E-02	3.35E-17	5.07E-02
158	2.96E-17	2.72E-04	0.00E+00	5.02E-02	2.96E-17	5.05E-02
158.25	0.00E+00	2.71E-04	0.00E+00	5.98E-02	0.00E+00	6.01E-02
158.5	0.00E+00	2.70E-04	0.00E+00	6.20E-02	0.00E+00	6.23E-02
158.75	0.00E+00	2.69E-04	0.00E+00	6.34E-02	0.00E+00	6.37E-02
159	0.00E+00	2.68E-04	0.00E+00	6.43E-02	0.00E+00	6.46E-02
159.25	0.00E+00	2.67E-04	0.00E+00	6.69E-02	0.00E+00	6.72E-02
159.5	0.00E+00	2.66E-04	0.00E+00	6.81E-02	0.00E+00	6.84E-02
159.75	0.00E+00	2.66E-04	0.00E+00	6.90E-02	0.00E+00	6.93E-02
160	0.00E+00	2.65E-04	0.00E+00	6.96E-02	0.00E+00	6.99E-02
160.25	0.00E+00	2.64E-04	0.00E+00	6.82E-02	0.00E+00	6.85E-02
160.5	0.00E+00	2.63E-04	0.00E+00	6.84E-02	0.00E+00	6.87E-02
160.75	0.00E+00	2.63E-04	0.00E+00	6.86E-02	0.00E+00	6.89E-02
161	0.00E+00	2.62E-04	0.00E+00	6.87E-02	0.00E+00	6.90E-02
161.25	6.95E-03	2.61E-04	0.00E+00	6.42E-02	6.95E-03	6.45E-02
161.5	6.95E-03	2.60E-04	0.00E+00	6.13E-02	6.95E-03	6.16E-02
161.75	6.95E-03	2.59E-04	0.00E+00	5.90E-02	6.95E-03	5.93E-02
162	6.95E-03	2.58E-04	0.00E+00	5.73E-02	6.95E-03	5.76E-02
162.25	7.53E-03	2.57E-04	0.00E+00	5.77E-02	7.53E-03	5.80E-02
162.5	7.53E-03	2.57E-04	0.00E+00	5.68E-02	7.53E-03	5.71E-02
162.75	7.53E-03	2.56E-04	0.00E+00	5.59E-02	7.53E-03	5.62E-02
163	7.53E-03	2.55E-04	0.00E+00	5.52E-02	7.53E-03	5.55E-02
163.25	0.00E+00	2.55E-04	0.00E+00	5.43E-02	0.00E+00	5.46E-02
163.5	0.00E+00	2.54E-04	0.00E+00	5.56E-02	0.00E+00	5.59E-02
163.75	0.00E+00	2.54E-04	0.00E+00	5.64E-02	0.00E+00	5.67E-02
164	0.00E+00	2.53E-04	0.00E+00	5.70E-02	0.00E+00	5.73E-02
164.25	0.00E+00	2.52E-04	0.00E+00	5.76E-02	0.00E+00	5.79E-02
164.5	0.00E+00	2.52E-04	0.00E+00	5.80E-02	0.00E+00	5.83E-02
164.75	0.00E+00	2.51E-04	0.00E+00	5.84E-02	0.00E+00	5.87E-02
165	0.00E+00	2.50E-04	0.00E+00	5.87E-02	0.00E+00	5.90E-02
165.25	0.00E+00	2.49E-04	0.00E+00	6.11E-02	0.00E+00	6.13E-02
165.5	0.00E+00	2.49E-04	0.00E+00	6.19E-02	0.00E+00	6.21E-02
165.75	0.00E+00	2.48E-04	0.00E+00	6.24E-02	0.00E+00	6.26E-02
166	0.00E+00	2.47E-04	0.00E+00	6.29E-02	0.00E+00	6.31E-02
166.25	0.00E+00	2.46E-04	0.00E+00	6.38E-02	0.00E+00	6.40E-02
166.5	0.00E+00	2.45E-04	0.00E+00	6.43E-02	0.00E+00	6.45E-02
166.75	0.00E+00	2.44E-04	0.00E+00	6.47E-02	0.00E+00	6.49E-02
167	0.00E+00	2.43E-04	0.00E+00	6.51E-02	0.00E+00	6.53E-02
167.25	0.00E+00	2.42E-04	0.00E+00	6.49E-02	0.00E+00	6.51E-02
167.5	0.00E+00	2.41E-04	0.00E+00	6.50E-02	0.00E+00	6.52E-02
167.75	0.00E+00	2.40E-04	0.00E+00	6.53E-02	0.00E+00	6.55E-02
168	0.00E+00	2.39E-04	0.00E+00	6.54E-02	0.00E+00	6.56E-02
168.25	0.00E+00	2.38E-04	0.00E+00	6.49E-02	0.00E+00	6.51E-02
168.5	0.00E+00	2.37E-04	0.00E+00	6.49E-02	0.00E+00	6.51E-02
168.75	0.00E+00	2.36E-04	0.00E+00	6.48E-02	0.00E+00	6.50E-02
169	0.00E+00	2.35E-04	0.00E+00	6.47E-02	0.00E+00	6.49E-02
169.25	1.74E-03	2.34E-04	0.00E+00	6.12E-02	1.74E-03	6.14E-02
169.5	1.74E-03	2.32E-04	0.00E+00	6.10E-02	1.74E-03	6.12E-02
169.75	1.74E-03	2.31E-04	0.00E+00	6.03E-02	1.74E-03	6.05E-02
170	1.74E-03	2.30E-04	0.00E+00	5.97E-02	1.74E-03	5.99E-02
170.25	0.00E+00	2.29E-04	0.00E+00	6.23E-02	0.00E+00	6.25E-02
170.5	0.00E+00	2.28E-04	0.00E+00	6.27E-02	0.00E+00	6.29E-02
170.75	0.00E+00	2.27E-04	0.00E+00	6.29E-02	0.00E+00	6.31E-02
171	0.00E+00	2.26E-04	0.00E+00	6.30E-02	0.00E+00	6.32E-02
171.25	7.14E-03	2.25E-04	0.00E+00	6.46E-02	7.14E-03	6.48E-02
171.5	7.14E-03	2.24E-04	0.00E+00	6.23E-02	7.14E-03	6.25E-02
171.75	7.14E-03	2.23E-04	0.00E+00	6.05E-02	7.14E-03	6.07E-02
172	7.14E-03	2.22E-04	0.00E+00	5.91E-02	7.14E-03	5.93E-02
172.25	0.00E+00	2.20E-04	0.00E+00	5.29E-02	0.00E+00	5.31E-02
172.5	0.00E+00	2.19E-04	0.00E+00	5.29E-02	0.00E+00	5.31E-02
172.75	0.00E+00	2.18E-04	0.00E+00	5.30E-02	0.00E+00	5.32E-02
173	0.00E+00	2.17E-04	0.00E+00	5.30E-02	0.00E+00	5.32E-02
173.25	0.00E+00	2.16E-04	0.00E+00	5.70E-02	0.00E+00	5.72E-02
173.5	0.00E+00	2.15E-04	0.00E+00	5.78E-02	0.00E+00	5.80E-02
173.75	0.00E+00	2.14E-04	0.00E+00	5.84E-02	0.00E+00	5.86E-02
174	0.00E+00	2.13E-04	0.00E+00	5.86E-02	0.00E+00	5.88E-02
174.25	1.05E-02	2.12E-04	0.00E+00	6.43E-02	1.05E-02	6.45E-02
174.5	1.05E-02	2.11E-04	0.00E+00	6.16E-02	1.05E-02	6.18E-02
174.75	1.05E-02	2.10E-04	0.00E+00	5.98E-02	1.05E-02	6.00E-02
175	1.05E-02	2.09E-04	0.00E+00	5.84E-02	1.05E-02	5.86E-02
175.25	0.00E+00	2.07E-04	0.00E+00	5.45E-02	0.00E+00	5.47E-02
175.5	0.00E+00	2.06E-04	0.00E+00	5.57E-02	0.00E+00	5.59E-02
175.75	0.00E+00	2.05E-04	0.00E+00	5.65E-02	0.00E+00	5.67E-02
176	0.00E+00	2.04E-04	0.00E+00	5.71E-02	0.00E+00	5.73E-02
176.25	0.00E+00	2.03E-04	0.00E+00	5.72E-02	0.00E+00	5.74E-02
176.5	0.00E+00	2.02E-04	0.00E+00	5.75E-02	0.00E+00	5.77E-02
176.75	0.00E+00	2.01E-04	0.00E+00	5.79E-02	0.00E+00	5.81E-02
177	0.00E+00	2.00E-04	0.00E+00	5.82E-02	0.00E+00	5.84E-02
177.25	3.86E-03	1.99E-04	0.00E+00	6.23E-02	3.86E-03	6.25E-02
177.5	3.86E-03	1.97E-04	0.00E+00	6.18E-02	3.86E-03	6.20E-02
177.75	3.86E-03	1.96E-04	0.00E+00	6.14E-02	3.86E-03	6.16E-02
178	3.86E-03	1.95E-04	0.00E+00	6.11E-02	3.86E-03	6.13E-02
178.25	0.00E+00	1.94E-04	0.00E+00	5.89E-02	0.00E+00	5.91E-02
178.5	0.00E+00	1.93E-04	0.00E+00	5.95E-02	0.00E+00	5.97E-02
178.75	0.00E+00	1.91E-04	0.00E+00	6.02E-02	0.00E+00	6.04E-02
179	0.00E+00	1.90E-04	0.00E+00	6.06E-02	0.00E+00	6.08E-02
179.25	5.50E-03	1.89E-04	0.00E+00	6.61E-02	5.50E-03	6.63E-02
179.5	5.50E-03	1.88E-04	0.00E+00	6.51E-02	5.50E-03	6.53E-02
179.75	5.50E-03	1.86E-04	0.00E+00	6.44E-02	5.50E-03	6.46E-02
180	5.50E-03	1.85E-04	0.00E+00	6.39E-02	5.50E-03	6.41E-02
180.25	0.00E+00	1.84E-04	0.00E+00	5.64E-02	0.00E+00	5.66E-02
180.5	0.00E+00	1.83E-04	0.00E+00	5.64E-02	0.00E+00	5.66E-02
180.75	0.00E+00	1.82E-04	0.00E+00	5.65E-02	0.00E+00	5.67E-02
181	0.00E+00	1.80E-04	0.00E+00	5.66E-02	0.00E+00	5.68E-02
181.25	0.00E+00	1.79E-04	0.00E+00	6.18E-02	0.00E+00	6.20E-02
181.5	0.00E+00	1.78E-04	0.00E+00	6.29E-02	0.00E+00	6.31E-02
181.75	0.00E+00	1.77E-04	0.00E+00	6.36E-02	0.00E+00	6.38E-02
182	0.00E+00	1.76E-04	0.00E+00	6.41E-02	0.00E+00	6.43E-02
182.25	0.00E+00	1.74E-04	0.00E+00	6.11E-02	0.00E+00	6.13E-02
182.5	0.00E+00	1.73E-04	0.00E+00	6.11E-02	0.00E+00	6.13E-02
182.75	0.00E+00	1.72E-04	0.00E+00	6.11E-02	0.00E+00	6.13E-02
183	0.00E+00	1.71E-04	0.00E+00	6.11E-02	0.00E+00	6.13E-02
183.25	5.40E-03	1.69E-04	0.00E+00	6.41E-02	5.40E-03	6.43E-02
183.5	5.40E-03	1.68E-04	0.00E+00	6.21E-02	5.40E-03	6.23E-02
183.75	5.40E-03	1.67E-04	0.00E+00	6.10E-02	5.40E-03	6.12E-02
184	5.40E-03	1.66E-04	0.00E+00	6.00E-02	5.40E-03	6.02E-02
184.25	0.00E+00	1.64E-04	0.00E+00	5.33E-02	0.00E+00	5.35E-02
184.5	0.00E+00	1.63E-04	0.00E+00	5.31E-02	0.00E+00	5.33E-02
184.75	0.00E+00	1.62E-04	0.00E+00	5.31E-02	0.00E+00	5.33E-02
185	0.00E+00	1.61E-04	0.00E+00	5.31E-02	0.00E+00	5.33E-02
185.25	1.39E-02	1.59E-04	0.00E+00	6.02E-02	1.39E-02	6.04E-02
185.5	1.39E-02	1.58E-04	0.00E+00	5.70E-02	1.39E-02	5.72E-02
185.75	1.39E-02	1.56E-04	0.00E+00	5.47E-02	1.39E-02	5.49E-02
186	1.39E-02	1.56E-04	0.00E+00	5.28E-02	1.39E-02	5.30E-02
186.25	1.27E-17	1.56E-04	0.00E+00	4.62E-02	1.27E-17	4.64E-02
186.5	2.10E-17	1.56E-04	0.00E+00	4.67E-02	2.10E-17	4.69E-02
186.75	2.93E-17	1.56E-04	0.00E+00	4.71E-02	2.93E-17	4.73E-02
187	4.10E-17	1.56E-04	0.00E+00	4.73E-02	4.10E-17	4.75E-02
187.25	0.00E+00	1.55E-04	0.00E+00	5.60E-02	0.00E+00	5.62E-02
187.5	0.00E+00	1.55E-04	0.00E+00	5.82E-02	0.00E+00	5.84E-02
187.75	0.00E+00	1.55E-04	0.00E+00	5.98E-02	0.00E+00	6.00E-02
188	0.00E+00	1.54E-04	0.00E+00	6.08E-02	0.00E+00	6.10E-02
188.25	3.26E-02	1.54E-04	0.00E+00	5.96E-02	3.26E-02	5.98E-02
188.5	3.26E-02	1.53E-04	0.00E+00	4.97E-02	3.26E-02	4.99E-02
188.75	3.26E-02	1.53E-04	0.00E+00	4.39E-02	3.26E-02	4.41E-02
189	3.26E-02	1.53E-04	0.00E+00	4.01E-02	3.26E-02	4.03E-02
189.25	3.22E-02	1.53E-04	0.00E+00	3.73E-02	3.22E-02	3.75E-02
189.5	3.22E-02	1.53E-04	0.00E+00	3.53E-02	3.22E-02	3.55E-02
189.75	3.22E-02	1.54E-04	0.00E+00	3.36E-02	3.22E-02	3.38E-02
190	3.22E-02	1.55E-04	0.00E+00	3.23E-02	3.22E-02	3.25E-02
190.25	8.74E-03	1.56E-04	0.00E+00	3.43E-02	8.74E-03	3.45E-02
190.5	8.74E-03	1.58E-04	0.00E+00	3.69E-02	8.74E-03	3.71E-02
190.75	8.74E-03	1.59E-04	0.00E+00	3.88E-02	8.74E-03	3.90E-02
191	8.74E-03	1.60E-04	0.00E+00	4.00E-02	8.74E-03	4.02E-02
191.25	6.25E-03	1.62E-04	0.00E+00	4.31E-02	6.25E-03	4.33E-02
191.5	6.25E-03	1.63E-04	0.00E+00	4.47E-02	6.25E-03	4.49E-02
191.75	6.25E-03	1.65E-04	0.00E+00	4.58E-02	6.25E-03	4.60E-02
192	6.25E-03	1.67E-04	0.00E+00	4.68E-02	6.25E-03	4.70E-02
192.25	0.00E+00	1.70E-04	0.00E+00	4.83E-02	0.00E+00	4.85E-02
192.5	0.00E+00	1.73E-04	0.00E+00	5.04E-02	0.00E+00	5.06E-02
192.75	0.00E+00	1.78E-04	0.00E+00	5.20E-02	0.00E+00	5.22E-02
193	0.00E+00	1.83E-04	0.00E+00	5.32E-02	0.00E+00	5.34E-02
193.25	5.92E-03	1.89E-04	0.00E+00	5.18E-02	5.92E-03	5.20E-02
193.5	5.92E-03	1.96E-04	0.00E+00	5.08E-02	5.92E-03	5.10E-02
193.75	5.92E-03	2.02E-04	0.00E+00	5.03E-02	5.92E-03	5.05E-02
194	5.92E-03	2.09E-04	0.00E+00	5.01E-02	5.92E-03	5.03E-02
194.25	0.00E+00	2.15E-04	0.00E+00	5.23E-02	0.00E+00	5.25E-02
194.5	0.00E+00	2.26E-04	0.00E+00	5.42E-02	0.00E+00	5.44E-02
194.75	0.00E+00	2.41E-04	0.00E+00	5.54E-02	0.00E+00	5.56E-02
195	0.00E+00	2.56E-04	0.00E+00	5.64E-02	0.00E+00	5.67E-02
195.25	0.00E+00	2.69E-04	0.00E+00	5.60E-02	0.00E+00	5.63E-02
195.5	0.00E+00	2.82E-04	0.00E+00	5.63E-02	0.00E+00	5.66E-02
195.75	0.00E+00	2.95E-04	0.00E+00	5.67E-02	0.00E+00	5.70E-02
196	0.00E+00	3.07E-04	0.00E+00	5.71E-02	0.00E+00	5.74E-02
196.25	0.00E+00	3.18E-04	0.00E+00	5.68E-02	0.00E+00	5.71E-02
196.5	0.00E+00	3.28E-04	0.00E+00	5.69E-02	0.00E+00	5.72E-02
196.75	0.00E+00	3.38E-04	0.00E+00	5.71E-02	0.00E+00	5.74E-02
197	0.00E+00	3.46E-04	0.00E+00	5.73E-02	0.00E+00	5.76E-02
197.25	0.00E+00	3.55E-04	0.00E+00	6.19E-02	0.00E+00	6.23E-02
197.5	0.00E+00	3.62E-04	0.00E+00	6.31E-02	0.00E+00	6.35E-02
197.75	0.00E+00	3.69E-04	0.00E+00	6.39E-02	0.00E+00	6.43E-02
198	0.00E+00	3.74E-04	0.00E+00	6.44E-02	0.00E+00	6.48E-02
198.25	4.34E-02	3.80E-04	0.00E+00	5.23E-02	4.34E-02	5.27E-02
198.5	4.34E-02	3.84E-04	0.00E+00	4.16E-02	4.34E-02	4.20E-02
198.75	4.34E-02	3.87E-04	0.00E+00	3.57E-02	4.34E-02	3.61E-02
199	4.34E-02	3.96E-04	0.00E+00	3.20E-02	4.34E-02	3.24E-02
199.25	0.00E+00	4.09E-04	0.00E+00	3.75E-02	0.00E+00	3.79E-02
199.5	0.00E+00	4.21E-04	0.00E+00	4.32E-02	0.00E+00	4.36E-02
199.75	0.00E+00	4.34E-04	0.00E+00	4.72E-02	0.00E+00	4.76E-02
200	0.00E+00	4.48E-04	0.00E+00	4.98E-02	0.00E+00	5.02E-02
200.25	0.00E+00	4.64E-04	0.00E+00	5.56E-02	0.00E+00	5.61E-02
200.5	0.00E+00	4.84E-04	0.00E+00	5.79E-02	0.00E+00	5.84E-02
200.75	0.00E+00	5.06E-04	0.00E+00	5.96E-02	0.00E+00	6.01E-02
201	0.00E+00	5.32E-04	0.00E+00	6.09E-02	0.00E+00	6.14E-02
201.25	1.16E-02	5.59E-04	0.00E+00	5.31E-02	1.16E-02	5.37E-02
201.5	1.16E-02	5.87E-04	0.00E+00	4.94E-02	1.16E-02	5.00E-02
201.75	1.16E-02	6.13E-04	0.00E+00	4.73E-02	1.16E-02	4.79E-02
202	1.16E-02	6.38E-04	0.00E+00	4.59E-02	1.16E-02	4.65E-02
202.25	2.16E-02	6.62E-04	0.00E+00	4.37E-02	2.16E-02	4.44E-02
202.5	2.16E-02	6.84E-04	0.00E+00	4.12E-02	2.16E-02	4.19E-02
202.75	2.16E-02	7.05E-04	0.00E+00	3.95E-02	2.16E-02	4.02E-02
203	2.16E-02	7.25E-04	0.00E+00	3.82E-02	2.16E-02	3.89E-02
203.25	1.47E-02	7.45E-04	0.00E+00	4.13E-02	1.47E-02	4.20E-02
203.5	1.47E-02	7.66E-04	0.00E+00	4.23E-02	1.47E-02	4.31E-02
203.75	1.47E-02	7.98E-04	0.00E+00	4.28E-02	1.47E-02	4.36E-02
204	1.47E-02	8.53E-04	0.00E+00	4.31E-02	1.47E-02	4.40E-02
204.25	0.00E+00	9.14E-04	0.00E+00	4.74E-02	0.00E+00	4.83E-02
204.5	0.00E+00	9.82E-04	0.00E+00	5.13E-02	0.00E+00	5.23E-02
204.75	0.00E+00	1.06E-03	0.00E+00	5.41E-02	0.00E+00	5.52E-02
205	0.00E+00	1.13E-03	0.00E+00	5.62E-02	0.00E+00	5.73E-02
205.25	0.00E+00	1.21E-03	0.00E+00	5.96E-02	0.00E+00	6.08E-02
205.5	0.00E+00	1.29E-03	0.00E+00	6.12E-02	0.00E+00	6.25E-02
205.75	0.00E+00	1.35E-03	0.00E+00	6.23E-02	0.00E+00	6.37E-02
206	0.00E+00	1.41E-03	0.00E+00	6.33E-02	0.00E+00	6.47E-02
206.25	0.00E+00	1.47E-03	0.00E+00	5.95E-02	0.00E+00	6.10E-02
206.5	0.00E+00	1.50E-03	0.00E+00	5.91E-02	0.00E+00	6.06E-02
206.75	0.00E+00	1.59E-03	0.00E+00	5.92E-02	0.00E+00	6.08E-02
207	0.00E+00	1.66E-03	0.00E+00	5.94E-02	0.00E+00	6.11E-02
207.25	0.00E+00	1.72E-03	0.00E+00	6.20E-02	0.00E+00	6.37E-02
207.5	0.00E+00	1.77E-03	0.00E+00	6.28E-02	0.00E+00	6.46E-02
207.75	0.00E+00	1.81E-03	0.00E+00	6.33E-02	0.00E+00	6.51E-02
208	0.00E+00	1.84E-03	0.00E+00	6.38E-02	0.00E+00	6.56E-02
208.25	0.00E+00	1.86E-03	0.00E+00	6.61E-02	0.00E+00	6.80E-02
208.5	0.00E+00	1.88E-03	0.00E+00	6.68E-02	0.00E+00	6.87E-02
208.75	0.00E+00	1.89E-03	0.00E+00	6.74E-02	0.00E+00	6.93E-02
209	0.00E+00	1.89E-03	0.00E+00	6.78E-02	0.00E+00	6.97E-02
209.25	0.00E+00	1.90E-03	0.00E+00	6.87E-02	0.00E+00	7.06E-02
209.5	0.00E+00	1.89E-03	0.00E+00	6.91E-02	0.00E+00	7.10E-02
209.75	0.00E+00	1.89E-03	0.00E+00	6.94E-02	0.00E+00	7.13E-02
210	0.00E+00	1.88E-03	0.00E+00	6.97E-02	0.00E+00	7.16E-02
210.25	0.00E+00	1.87E-03	0.00E+00	7.13E-02	0.00E+00	7.32E-02
210.5	0.00E+00	1.85E-03	0.00E+00	7.19E-02	0.00E+00	7.38E-02
210.75	0.00E+00	1.83E-03	0.00E+00	7.22E-02	0.00E+00	7.40E-02
211	0.00E+00	1.81E-03	0.00E+00	7.24E-02	0.00E+00	7.42E-02
211.25	0.00E+00	1.79E-03	0.00E+00	7.10E-02	0.00E+00	7.28E-02
211.5	0.00E+00	1.77E-03	0.00E+00	7.08E-02	0.00E+00	7.26E-02
211.75	0.00E+00	1.74E-03	0.00E+00	7.07E-02	0.00E+00	7.24E-02
212	0.00E+00	1.72E-03	0.00E+00	7.06E-02	0.00E+00	7.23E-02
212.25	0.00E+00	1.69E-03	0.00E+00	7.01E-02	0.00E+00	7.18E-02
212.5	0.00E+00	1.66E-03	0.00E+00	6.99E-02	0.00E+00	7.16E-02
212.75	0.00E+00	1.63E-03	0.00E+00	6.98E-02	0.00E+00	7.14E-02
213	0.00E+00	1.60E-03	0.00E+00	6.97E-02	0.00E+00	7.13E-02
213.25	0.00E+00	1.57E-03	0.00E+00	6.81E-02	0.00E+00	6.97E-02
213.5	0.00E+00	1.54E-03	0.00E+00	6.77E-02	0.00E+00	6.92E-02
213.75	0.00E+00	1.51E-03	0.00E+00	6.74E-02	0.00E+00	6.89E-02
214	0.00E+00	1.47E-03	0.00E+00	6.71E-02	0.00E+00	6.86E-02
214.25	0.00E+00	1.44E-03	0.00E+00	6.89E-02	0.00E+00	7.03E-02
214.5	0.00E+00	1.41E-03	0.00E+00	6.92E-02	0.00E+00	7.06E-02
214.75	0.00E+00	1.38E-03	0.00E+00	6.93E-02	0.00E+00	7.07E-02
215	0.00E+00	1.34E-03	0.00E+00	6.93E-02	0.00E+00	7.06E-02
215.25	0.00E+00	1.31E-03	0.00E+00	6.95E-02	0.00E+00	7.08E-02
215.5	0.00E+00	1.27E-03	0.00E+00	6.95E-02	0.00E+00	7.08E-02
215.75	0.00E+00	1.24E-03	0.00E+00	6.95E-02	0.00E+00	7.07E-02
216	0.00E+00	1.22E-03	0.00E+00	6.94E-02	0.00E+00	7.06E-02
216.25	0.00E+00	1.20E-03	0.00E+00	6.71E-02	0.00E+00	6.83E-02
216.5	0.00E+00	1.18E-03	0.00E+00	6.65E-02	0.00E+00	6.77E-02
216.75	0.00E+00	1.16E-03	0.00E+00	6.62E-02	0.00E+00	6.74E-02
217	0.00E+00	1.14E-03	0.00E+00	6.58E-02	0.00E+00	6.69E-02
217.25	0.00E+00	1.13E-03	0.00E+00	6.79E-02	0.00E+00	6.90E-02
217.5	0.00E+00	1.11E-03	0.00E+00	6.82E-02	0.00E+00	6.93E-02
217.75	0.00E+00	1.09E-03	0.00E+00	6.82E-02	0.00E+00	6.93E-02
218	0.00E+00	1.07E-03	0.00E+00	6.82E-02	0.00E+00	6.93E-02
218.25	1.10E-02	1.05E-03	0.00E+00	6.12E-02	1.10E-02	6.23E-02
218.5	1.10E-02	1.04E-03	0.00E+00	5.60E-02	1.10E-02	5.70E-02
218.75	1.10E-02	1.02E-03	0.00E+00	5.25E-02	1.10E-02	5.35E-02
219	1.10E-02	1.00E-03	0.00E+00	4.99E-02	1.10E-02	5.09E-02
219.25	1.39E-02	9.86E-04	0.00E+00	5.23E-02	1.39E-02	5.33E-02
219.5	1.39E-02	9.70E-04	0.00E+00	5.10E-02	1.39E-02	5.20E-02
219.75	1.39E-02	9.55E-04	0.00E+00	4.97E-02	1.39E-02	5.07E-02
220	1.39E-02	9.41E-04	0.00E+00	4.86E-02	1.39E-02	4.95E-02
220.25	0.00E+00	9.28E-04	0.00E+00	5.25E-02	0.00E+00	5.34E-02
220.5	0.00E+00	9.15E-04	0.00E+00	5.58E-02	0.00E+00	5.67E-02
220.75	0.00E+00	9.04E-04	0.00E+00	5.77E-02	0.00E+00	5.86E-02
221	0.00E+00	8.95E-04	0.00E+00	5.89E-02	0.00E+00	5.98E-02
221.25	0.00E+00	8.86E-04	0.00E+00	6.13E-02	0.00E+00	6.22E-02
221.5	0.00E+00	8.78E-04	0.00E+00	6.24E-02	0.00E+00	6.33E-02
221.75	0.00E+00	8.71E-04	0.00E+00	6.31E-02	0.00E+00	6.40E-02
222	0.00E+00	8.65E-04	0.00E+00	6.37E-02	0.00E+00	6.46E-02
222.25	1.04E-02	8.59E-04	0.00E+00	5.85E-02	1.04E-02	5.94E-02
222.5	1.04E-02	8.54E-04	0.00E+00	5.46E-02	1.04E-02	5.55E-02
222.75	1.04E-02	8.49E-04	0.00E+00	5.23E-02	1.04E-02	5.31E-02
223	1.04E-02	8.44E-04	0.00E+00	5.06E-02	1.04E-02	5.14E-02
223.25	0.00E+00	8.40E-04	0.00E+00	5.20E-02	0.00E+00	5.28E-02
223.5	0.00E+00	8.35E-04	0.00E+00	5.40E-02	0.00E+00	5.48E-02
223.75	0.00E+00	8.31E-04	0.00E+00	5.52E-02	0.00E+00	5.60E-02
224	0.00E+00	8.28E-04	0.00E+00	5.60E-02	0.00E+00	5.68E-02
224.25	4.24E-03	8.24E-04	0.00E+00	5.33E-02	4.24E-03	5.41E-02
224.5	4.24E-03	8.21E-04	0.00E+00	5.20E-02	4.24E-03	5.28E-02
224.75	4.24E-03	8.18E-04	0.00E+00	5.12E-02	4.24E-03	5.20E-02
225	4.24E-03	8.15E-04	0.00E+00	5.07E-02	4.24E-03	5.15E-02
225.25	4.91E-02	8.12E-04	0.00E+00	3.97E-02	4.91E-02	4.05E-02
225.5	4.91E-02	8.09E-04	0.00E+00	3.12E-02	4.91E-02	3.20E-02
225.75	4.91E-02	8.07E-04	0.00E+00	2.66E-02	4.91E-02	2.74E-02
226	4.91E-02	8.06E-04	0.00E+00	2.39E-02	4.91E-02	2.47E-02
226.25	0.00E+00	8.06E-04	0.00E+00	3.17E-02	0.00E+00	3.25E-02
226.5	0.00E+00	8.09E-04	0.00E+00	3.86E-02	0.00E+00	3.94E-02
226.75	0.00E+00	8.18E-04	0.00E+00	4.33E-02	0.00E+00	4.41E-02
227	0.00E+00	8.38E-04	0.00E+00	4.65E-02	0.00E+00	4.73E-02
227.25	0.00E+00	8.70E-04	0.00E+00	4.48E-02	0.00E+00	4.57E-02
227.5	0.00E+00	9.15E-04	0.00E+00	4.56E-02	0.00E+00	4.65E-02
227.75	0.00E+00	9.69E-04	0.00E+00	4.65E-02	0.00E+00	4.75E-02
228	0.00E+00	1.03E-03	0.00E+00	4.72E-02	0.00E+00	4.82E-02
228.25	0.00E+00	1.08E-03	0.00E+00	5.00E-02	0.00E+00	5.11E-02
228.5	0.00E+00	1.13E-03	0.00E+00	5.09E-02	0.00E+00	5.20E-02
228.75	0.00E+00	1.18E-03	0.00E+00	5.16E-02	0.00E+00	5.28E-02
229	0.00E+00	1.23E-03	0.00E+00	5.22E-02	0.00E+00	5.34E-02
229.25	0.00E+00	1.27E-03	0.00E+00	5.40E-02	0.00E+00	5.53E-02
229.5	0.00E+00	1.30E-03	0.00E+00	5.48E-02	0.00E+00	5.61E-02
229.75	0.00E+00	1.33E-03	0.00E+00	5.53E-02	0.00E+00	5.66E-02
230	0.00E+00	1.36E-03	0.00E+00	5.58E-02	0.00E+00	5.72E-02
230.25	4.94E-02	1.41E-03	0.00E+00	3.99E-02	4.94E-02	4.13E-02
230.5	4.94E-02	1.45E-03	0.00E+00	3.12E-02	4.94E-02	3.27E-02
230.75	4.94E-02	1.49E-03	0.00E+00	2.68E-02	4.94E-02	2.83E-02
231	4.94E-02	1.52E-03	0.00E+00	2.40E-02	4.94E-02	2.55E-02
231.25	1.36E-02	1.55E-03	0.00E+00	2.77E-02	1.36E-02	2.93E-02
231.5	1.36E-02	1.59E-03	0.00E+00	3.02E-02	1.36E-02	3.18E-02
231.75	1.36E-02	1.68E-03	0.00E+00	3.19E-02	1.36E-02	3.36E-02
232	1.36E-02	1.82E-03	0.00E+00	3.32E-02	1.36E-02	3.50E-02
232.25	3.57E-03	2.00E-03	0.00E+00	3.70E-02	3.57E-03	3.90E-02
232.5	3.57E-03	2.21E-03	0.00E+00	4.01E-02	3.57E-03	4.23E-02
232.75	3.57E-03	2.42E-03	0.00E+00	4.25E-02	3.57E-03	4.49E-02
233	3.57E-03	2.61E-03	0.00E+00	4.43E-02	3.57E-03	4.69E-02
233.25	0.00E+00	2.87E-03	0.00E+00	4.64E-02	0.00E+00	4.93E-02
233.5	0.00E+00	3.17E-03	0.00E+00	4.83E-02	0.00E+00	5.15E-02
233.75	0.00E+00	3.42E-03	0.00E+00	4.97E-02	0.00E+00	5.31E-02
234	0.00E+00	3.63E-03	0.00E+00	5.08E-02	0.00E+00	5.44E-02
234.25	0.00E+00	3.80E-03	0.00E+00	5.33E-02	0.00E+00	5.71E-02
234.5	0.00E+00	3.92E-03	0.00E+00	5.44E-02	0.00E+00	5.83E-02
234.75	0.00E+00	4.02E-03	0.00E+00	5.52E-02	0.00E+00	5.92E-02
235	0.00E+00	4.08E-03	0.00E+00	5.59E-02	0.00E+00	6.00E-02
235.25	0.00E+00	4.13E-03	0.00E+00	5.67E-02	0.00E+00	6.08E-02
235.5	0.00E+00	4.15E-03	0.00E+00	5.73E-02	0.00E+00	6.15E-02
235.75	0.00E+00	4.16E-03	0.00E+00	5.77E-02	0.00E+00	6.19E-02
236	0.00E+00	4.15E-03	0.00E+00	5.81E-02	0.00E+00	6.23E-02
236.25	4.82E-03	4.13E-03	0.00E+00	5.47E-02	4.82E-03	5.88E-02
236.5	4.82E-03	4.10E-03	0.00E+00	5.32E-02	4.82E-03	5.73E-02
236.75	4.82E-03	4.07E-03	0.00E+00	5.23E-02	4.82E-03	5.64E-02
237	4.82E-03	4.03E-03	0.00E+00	5.16E-02	4.82E-03	5.56E-02
237.25	2.92E-02	3.99E-03	0.00E+00	4.14E-02	2.92E-02	4.54E-02
237.5	2.92E-02	3.94E-03	0.00E+00	3.56E-02	2.92E-02	3.95E-02
237.75	2.92E-02	3.90E-03	0.00E+00	3.23E-02	2.92E-02	3.62E-02
238	2.92E-02	3.87E-03	0.00E+00	3.00E-02	2.92E-02	3.39E-02
238.25	0.00E+00	3.86E-03	0.00E+00	3.64E-02	0.00E+00	4.03E-02
238.5	0.00E+00	3.91E-03	0.00E+00	4.19E-02	0.00E+00	4.58E-02
238.75	0.00E+00	4.00E-03	0.00E+00	4.57E-02	0.00E+00	4.97E-02
239	0.00E+00	4.13E-03	0.00E+00	4.85E-02	0.00E+00	5.26E-02
239.25	2.23E-02	4.27E-03	0.00E+00	3.89E-02	2.23E-02	4.32E-02
239.5	2.23E-02	4.39E-03	0.00E+00	3.49E-02	2.23E-02	3.93E-02
239.75	2.23E-02	4.49E-03	0.00E+00	3.26E-02	2.23E-02	3.71E-02
240	2.23E-02	4.60E-03	0.00E+00	3.10E-02	2.23E-02	3.56E-02
240.25	0.00E+00	4.71E-03	0.00E+00	3.76E-02	0.00E+00	4.23E-02
240.5	0.00E+00	4.90E-03	0.00E+00	4.26E-02	0.00E+00	4.75E-02
240.75	0.00E+00	5.20E-03	0.00E+00	4.61E-02	0.00E+00	5.13E-02
241	0.00E+00	5.51E-03	0.00E+00	4.88E-02	0.00E+00	5.43E-02
241.25	0.00E+00	5.78E-03	0.00E+00	5.09E-02	0.00E+00	5.67E-02
241.5	0.00E+00	5.98E-03	0.00E+00	5.24E-02	0.00E+00	5.84E-02
241.75	0.00E+00	6.12E-03	0.00E+00	5.36E-02	0.00E+00	5.97E-02
242	0.00E+00	6.21E-03	0.00E+00	5.46E-02	0.00E+00	6.08E-02
242.25	2.10E-02	6.24E-03	0.00E+00	4.40E-02	2.10E-02	5.02E-02
242.5	2.10E-02	6.24E-03	0.00E+00	3.91E-02	2.10E-02	4.53E-02
242.75	2.10E-02	6.22E-03	0.00E+00	3.62E-02	2.10E-02	4.24E-02
243	2.10E-02	6.19E-03	0.00E+00	3.43E-02	2.10E-02	4.05E-02
243.25	0.00E+00	6.20E-03	0.00E+00	4.01E-02	0.00E+00	4.63E-02
243.5	0.00E+00	6.27E-03	0.00E+00	4.47E-02	0.00E+00	5.10E-02
243.75	0.00E+00	6.40E-03	0.00E+00	4.80E-02	0.00E+00	5.44E-02
244	0.00E+00	6.54E-03	0.00E+00	5.03E-02	0.00E+00	5.68E-02
244.25	0.00E+00	6.66E-03	0.00E+00	5.26E-02	0.00E+00	5.93E-02
244.5	0.00E+00	6.74E-03	0.00E+00	5.41E-02	0.00E+00	6.08E-02
244.75	0.00E+00	6.78E-03	0.00E+00	5.52E-02	0.00E+00	6.20E-02
245	0.00E+00	6.78E-03	0.00E+00	5.61E-02	0.00E+00	6.29E-02
245.25	0.00E+00	6.75E-03	0.00E+00	5.74E-02	0.00E+00	6.42E-02
245.5	0.00E+00	6.69E-03	0.00E+00	5.81E-02	0.00E+00	6.48E-02
245.75	0.00E+00	6.61E-03	0.00E+00	5.87E-02	0.00E+00	6.53E-02
246	0.00E+00	6.51E-03	0.00E+00	5.91E-02	0.00E+00	6.56E-02
246.25	0.00E+00	6.39E-03	0.00E+00	5.91E-02	0.00E+00	6.55E-02
246.5	0.00E+00	6.27E-03	0.00E+00	5.93E-02	0.00E+00	6.56E-02
246.75	0.00E+00	6.13E-03	0.00E+00	5.95E-02	0.00E+00	6.56E-02
247	0.00E+00	5.99E-03	0.00E+00	5.97E-02	0.00E+00	6.57E-02
247.25	0.00E+00	5.84E-03	0.00E+00	5.95E-02	0.00E+00	6.53E-02
247.5	0.00E+00	5.69E-03	0.00E+00	5.96E-02	0.00E+00	6.53E-02
247.75	0.00E+00	5.54E-03	0.00E+00	5.96E-02	0.00E+00	6.51E-02
248	0.00E+00	5.38E-03	0.00E+00	5.97E-02	0.00E+00	6.51E-02
248.25	0.00E+00	5.22E-03	0.00E+00	6.06E-02	0.00E+00	6.58E-02
248.5	0.00E+00	5.06E-03	0.00E+00	6.09E-02	0.00E+00	6.60E-02
248.75	0.00E+00	4.90E-03	0.00E+00	6.10E-02	0.00E+00	6.59E-02
249	0.00E+00	4.74E-03	0.00E+00	6.12E-02	0.00E+00	6.59E-02
249.25	0.00E+00	4.65E-03	0.00E+00	6.20E-02	0.00E+00	6.67E-02
249.5	0.00E+00	4.56E-03	0.00E+00	6.23E-02	0.00E+00	6.69E-02
249.75	0.00E+00	4.47E-03	0.00E+00	6.24E-02	0.00E+00	6.69E-02
250	0.00E+00	4.38E-03	0.00E+00	6.25E-02	0.00E+00	6.69E-02
250.25	0.00E+00	4.29E-03	0.00E+00	6.21E-02	0.00E+00	6.64E-02
250.5	0.00E+00	4.20E-03	0.00E+00	6.21E-02	0.00E+00	6.63E-02
250.75	0.00E+00	4.11E-03	0.00E+00	6.20E-02	0.00E+00	6.61E-02
251	0.00E+00	4.02E-03	0.00E+00	6.20E-02	0.00E+00	6.60E-02
251.25	0.00E+00	3.93E-03	0.00E+00	6.18E-02	0.00E+00	6.57E-02
251.5	0.00E+00	3.85E-03	0.00E+00	6.17E-02	0.00E+00	6.56E-02
251.75	0.00E+00	3.76E-03	0.00E+00	6.17E-02	0.00E+00	6.55E-02
252	0.00E+00	3.67E-03	0.00E+00	6.16E-02	0.00E+00	6.53E-02
252.25	0.00E+00	3.58E-03	0.00E+00	6.27E-02	0.00E+00	6.63E-02
252.5	0.00E+00	3.50E-03	0.00E+00	6.29E-02	0.00E+00	6.64E-02
252.75	0.00E+00	3.41E-03	0.00E+00	6.31E-02	0.00E+00	6.65E-02
253	0.00E+00	3.33E-03	0.00E+00	6.31E-02	0.00E+00	6.64E-02
253.25	0.00E+00	3.24E-03	0.00E+00	5.97E-02	0.00E+00	6.29E-02
253.5	0.00E+00	3.16E-03	0.00E+00	5.88E-02	0.00E+00	6.20E-02
253.75	0.00E+00	3.08E-03	0.00E+00	5.84E-02	0.00E+00	6.15E-02
254	0.00E+00	3.00E-03	0.00E+00	5.81E-02	0.00E+00	6.11E-02
254.25	2.33E-02	2.92E-03	0.00E+00	5.13E-02	2.33E-02	5.42E-02
254.5	2.33E-02	2.84E-03	0.00E+00	4.47E-02	2.33E-02	4.75E-02
254.75	2.33E-02	2.76E-03	0.00E+00	4.06E-02	2.33E-02	4.34E-02
255	2.33E-02	2.68E-03	0.00E+00	3.78E-02	2.33E-02	4.05E-02
255.25	0.00E+00	2.61E-03	0.00E+00	4.39E-02	0.00E+00	4.65E-02
255.5	0.00E+00	2.54E-03	0.00E+00	4.85E-02	0.00E+00	5.10E-02
255.75	0.00E+00	2.50E-03	0.00E+00	5.12E-02	0.00E+00	5.37E-02
256	0.00E+00	2.48E-03	0.00E+00	5.30E-02	0.00E+00	5.55E-02
256.25	8.68E-03	2.48E-03	0.00E+00	4.96E-02	8.68E-03	5.21E-02
256.5	8.68E-03	2.48E-03	0.00E+00	4.77E-02	8.68E-03	5.02E-02
256.75	8.68E-03	2.50E-03	0.00E+00	4.67E-02	8.68E-03	4.92E-02
257	8.68E-03	2.52E-03	0.00E+00	4.60E-02	8.68E-03	4.85E-02
257.25	0.00E+00	2.54E-03	0.00E+00	4.67E-02	0.00E+00	4.92E-02
257.5	0.00E+00	2.56E-03	0.00E+00	4.84E-02	0.00E+00	5.10E-02
257.75	0.00E+00	2.58E-03	0.00E+00	4.95E-02	0.00E+00	5.21E-02
258	0.00E+00	2.61E-03	0.00E+00	5.03E-02	0.00E+00	5.29E-02
258.25	0.00E+00	2.64E-03	0.00E+00	4.86E-02	0.00E+00	5.12E-02
258.5	0.00E+00	2.66E-03	0.00E+00	4.85E-02	0.00E+00	5.12E-02
258.75	0.00E+00	2.69E-03	0.00E+00	4.86E-02	0.00E+00	5.13E-02
259	0.00E+00	2.71E-03	0.00E+00	4.87E-02	0.00E+00	5.14E-02
259.25	0.00E+00	2.73E-03	0.00E+00	5.19E-02	0.00E+00	5.46E-02
259.5	0.00E+00	2.74E-03	0.00E+00	5.27E-02	0.00E+00	5.54E-02
259.75	0.00E+00	2.74E-03	0.00E+00	5.31E-02	0.00E+00	5.58E-02
260	0.00E+00	2.75E-03	0.00E+00	5.35E-02	0.00E+00	5.63E-02
260.25	0.00E+00	2.74E-03	0.00E+00	5.50E-02	0.00E+00	5.77E-02
260.5	0.00E+00	2.74E-03	0.00E+00	5.55E-02	0.00E+00	5.82E-02
260.75	0.00E+00	2.72E-03	0.00E+00	5.59E-02	0.00E+00	5.86E-02
261	0.00E+00	2.71E-03	0.00E+00	5.61E-02	0.00E+00	5.88E-02
261.25	6.37E-03	2.69E-03	0.00E+00	5.52E-02	6.37E-03	5.79E-02
261.5	6.37E-03	2.66E-03	0.00E+00	5.37E-02	6.37E-03	5.64E-02
261.75	6.37E-03	2.63E-03	0.00E+00	5.27E-02	6.37E-03	5.53E-02
262	6.37E-03	2.60E-03	0.00E+00	5.20E-02	6.37E-03	5.46E-02
262.25	0.00E+00	2.57E-03	0.00E+00	5.17E-02	0.00E+00	5.43E-02
262.5	0.00E+00	2.53E-03	0.00E+00	5.28E-02	0.00E+00	5.53E-02
262.75	0.00E+00	2.50E-03	0.00E+00	5.34E-02	0.00E+00	5.59E-02
263	0.00E+00	2.47E-03	0.00E+00	5.39E-02	0.00E+00	5.64E-02
263.25	0.00E+00	2.45E-03	0.00E+00	5.37E-02	0.00E+00	5.62E-02
263.5	0.00E+00	2.43E-03	0.00E+00	5.38E-02	0.00E+00	5.62E-02
263.75	0.00E+00	2.41E-03	0.00E+00	5.39E-02	0.00E+00	5.63E-02
264	0.00E+00	2.40E-03	0.00E+00	5.40E-02	0.00E+00	5.64E-02
264.25	0.00E+00	2.38E-03	0.00E+00	5.51E-02	0.00E+00	5.75E-02
264.5	0.00E+00	2.36E-03	0.00E+00	5.54E-02	0.00E+00	5.78E-02
264.75	0.00E+00	2.34E-03	0.00E+00	5.56E-02	0.00E+00	5.79E-02
265	0.00E+00	2.32E-03	0.00E+00	5.57E-02	0.00E+00	5.80E-02
265.25	3.18E-02	2.30E-03	0.00E+00	4.48E-02	3.18E-02	4.71E-02
265.5	3.18E-02	2.28E-03	0.00E+00	3.71E-02	3.18E-02	3.94E-02
265.75	3.18E-02	2.26E-03	0.00E+00	3.26E-02	3.18E-02	3.49E-02
266	3.18E-02	2.24E-03	0.00E+00	2.97E-02	3.18E-02	3.19E-02
266.25	1.45E-02	2.23E-03	0.00E+00	3.08E-02	1.45E-02	3.30E-02
266.5	1.45E-02	2.22E-03	0.00E+00	3.17E-02	1.45E-02	3.39E-02
266.75	1.45E-02	2.24E-03	0.00E+00	3.21E-02	1.45E-02	3.43E-02
267	1.45E-02	2.27E-03	0.00E+00	3.23E-02	1.45E-02	3.46E-02
267.25	8.94E-03	2.34E-03	0.00E+00	3.41E-02	8.94E-03	3.64E-02
267.5	8.94E-03	2.42E-03	0.00E+00	3.55E-02	8.94E-03	3.79E-02
267.75	8.94E-03	2.52E-03	0.00E+00	3.63E-02	8.94E-03	3.88E-02
268	8.94E-03	2.70E-03	0.00E+00	3.68E-02	8.94E-03	3.95E-02
268.25	0.00E+00	2.90E-03	0.00E+00	3.95E-02	0.00E+00	4.24E-02
268.5	0.00E+00	3.12E-03	0.00E+00	4.22E-02	0.00E+00	4.53E-02
268.75	0.00E+00	3.32E-03	0.00E+00	4.41E-02	0.00E+00	4.74E-02
269	0.00E+00	3.51E-03	0.00E+00	4.54E-02	0.00E+00	4.89E-02
269.25	0.00E+00	3.68E-03	0.00E+00	4.71E-02	0.00E+00	5.08E-02
269.5	0.00E+00	3.81E-03	0.00E+00	4.81E-02	0.00E+00	5.19E-02
269.75	0.00E+00	3.93E-03	0.00E+00	4.89E-02	0.00E+00	5.28E-02
270	0.00E+00	4.01E-03	0.00E+00	4.95E-02	0.00E+00	5.35E-02
270.25	0.00E+00	4.08E-03	0.00E+00	4.96E-02	0.00E+00	5.37E-02
270.5	0.00E+00	4.12E-03	0.00E+00	5.00E-02	0.00E+00	5.41E-02
270.75	0.00E+00	4.15E-03	0.00E+00	5.03E-02	0.00E+00	5.45E-02
271	0.00E+00	4.16E-03	0.00E+00	5.06E-02	0.00E+00	5.48E-02
271.25	1.82E-03	4.16E-03	0.00E+00	5.01E-02	1.82E-03	5.43E-02
271.5	1.82E-03	4.16E-03	0.00E+00	4.98E-02	1.82E-03	5.40E-02
271.75	1.82E-03	4.14E-03	0.00E+00	4.97E-02	1.82E-03	5.38E-02
272	1.82E-03	4.12E-03	0.00E+00	4.96E-02	1.82E-03	5.37E-02
272.25	2.16E-03	4.09E-03	0.00E+00	4.94E-02	2.16E-03	5.35E-02
272.5	2.16E-03	4.06E-03	0.00E+00	4.92E-02	2.16E-03	5.33E-02
272.75	2.16E-03	4.03E-03	0.00E+00	4.92E-02	2.16E-03	5.32E-02
273	2.16E-03	4.00E-03	0.00E+00	4.91E-02	2.16E-03	5.31E-02
273.25	0.00E+00	3.97E-03	0.00E+00	4.98E-02	0.00E+00	5.38E-02
273.5	0.00E+00	3.93E-03	0.00E+00	5.04E-02	0.00E+00	5.43E-02
273.75	0.00E+00	3.90E-03	0.00E+00	5.08E-02	0.00E+00	5.47E-02
274	0.00E+00	3.87E-03	0.00E+00	5.11E-02	0.00E+00	5.50E-02
274.25	1.36E-03	3.83E-03	0.00E+00	5.08E-02	1.36E-03	5.46E-02
274.5	1.36E-03	3.80E-03	0.00E+00	5.07E-02	1.36E-03	5.45E-02
274.75	1.36E-03	3.76E-03	0.00E+00	5.06E-02	1.36E-03	5.44E-02
275	1.36E-03	3.72E-03	0.00E+00	5.05E-02	1.36E-03	5.42E-02
275.25	0.00E+00	3.68E-03	0.00E+00	5.16E-02	0.00E+00	5.53E-02
275.5	0.00E+00	3.64E-03	0.00E+00	5.21E-02	0.00E+00	5.57E-02
275.75	0.00E+00	3.60E-03	0.00E+00	5.24E-02	0.00E+00	5.60E-02
276	0.00E+00	3.56E-03	0.00E+00	5.27E-02	0.00E+00	5.63E-02
276.25	0.00E+00	3.52E-03	0.00E+00	5.31E-02	0.00E+00	5.66E-02
276.5	0.00E+00	3.48E-03	0.00E+00	5.33E-02	0.00E+00	5.68E-02
276.75	0.00E+00	3.43E-03	0.00E+00	5.35E-02	0.00E+00	5.69E-02
277	0.00E+00	3.39E-03	0.00E+00	5.36E-02	0.00E+00	5.70E-02
277.25	0.00E+00	3.35E-03	0.00E+00	5.37E-02	0.00E+00	5.71E-02
277.5	0.00E+00	3.30E-03	0.00E+00	5.38E-02	0.00E+00	5.71E-02
277.75	0.00E+00	3.25E-03	0.00E+00	5.38E-02	0.00E+00	5.71E-02
278	0.00E+00	3.20E-03	0.00E+00	5.39E-02	0.00E+00	5.71E-02
278.25	0.00E+00	3.15E-03	0.00E+00	5.22E-02	0.00E+00	5.54E-02
278.5	0.00E+00	3.10E-03	0.00E+00	5.18E-02	0.00E+00	5.49E-02
278.75	0.00E+00	3.05E-03	0.00E+00	5.16E-02	0.00E+00	5.47E-02
279	0.00E+00	3.00E-03	0.00E+00	5.15E-02	0.00E+00	5.45E-02
279.25	0.00E+00	2.95E-03	0.00E+00	5.23E-02	0.00E+00	5.53E-02
279.5	0.00E+00	2.89E-03	0.00E+00	5.25E-02	0.00E+00	5.54E-02
279.75	0.00E+00	2.84E-03	0.00E+00	5.25E-02	0.00E+00	5.53E-02
280	0.00E+00	2.79E-03	0.00E+00	5.26E-02	0.00E+00	5.54E-02
280.25	0.00E+00	2.74E-03	0.00E+00	5.26E-02	0.00E+00	5.53E-02
280.5	0.00E+00	2.69E-03	0.00E+00	5.26E-02	0.00E+00	5.53E-02
280.75	0.00E+00	2.64E-03	0.00E+00	5.26E-02	0.00E+00	5.52E-02
281	0.00E+00	2.59E-03	0.00E+00	5.25E-02	0.00E+00	5.51E-02
281.25	0.00E+00	2.54E-03	0.00E+00	5.21E-02	0.00E+00	5.46E-02
281.5	0.00E+00	2.49E-03	0.00E+00	5.19E-02	0.00E+00	5.44E-02
281.75	0.00E+00	2.43E-03	0.00E+00	5.18E-02	0.00E+00	5.42E-02
282	0.00E+00	2.40E-03	0.00E+00	5.18E-02	0.00E+00	5.42E-02
282.25	0.00E+00	2.37E-03	0.00E+00	5.20E-02	0.00E+00	5.44E-02
282.5	0.00E+00	2.35E-03	0.00E+00	5.20E-02	0.00E+00	5.44E-02
282.75	0.00E+00	2.32E-03	0.00E+00	5.20E-02	0.00E+00	5.43E-02
283	0.00E+00	2.29E-03	0.00E+00	5.19E-02	0.00E+00	5.42E-02
283.25	0.00E+00	2.27E-03	0.00E+00	5.25E-02	0.00E+00	5.48E-02
283.5	0.00E+00	2.24E-03	0.00E+00	5.26E-02	0.00E+00	5.48E-02
283.75	0.00E+00	2.21E-03	0.00E+00	5.26E-02	0.00E+00	5.48E-02
284	0.00E+00	2.19E-03	0.00E+00	5.26E-02	0.00E+00	5.48E-02
284.25	0.00E+00	2.16E-03	0.00E+00	5.32E-02	0.00E+00	5.54E-02
284.5	0.00E+00	2.14E-03	0.00E+00	5.33E-02	0.00E+00	5.54E-02
284.75	0.00E+00	2.11E-03	0.00E+00	5.33E-02	0.00E+00	5.54E-02
285	0.00E+00	2.09E-03	0.00E+00	5.34E-02	0.00E+00	5.55E-02
285.25	0.00E+00	2.07E-03	0.00E+00	5.31E-02	0.00E+00	5.52E-02
285.5	0.00E+00	2.04E-03	0.00E+00	5.31E-02	0.00E+00	5.51E-02
285.75	0.00E+00	2.02E-03	0.00E+00	5.30E-02	0.00E+00	5.50E-02
286	0.00E+00	1.99E-03	0.00E+00	5.30E-02	0.00E+00	5.50E-02
286.25	0.00E+00	1.97E-03	0.00E+00	5.22E-02	0.00E+00	5.42E-02
286.5	0.00E+00	1.94E-03	0.00E+00	5.19E-02	0.00E+00	5.38E-02
286.75	0.00E+00	1.92E-03	0.00E+00	5.18E-02	0.00E+00	5.37E-02
287	0.00E+00	1.90E-03	0.00E+00	5.17E-02	0.00E+00	5.36E-02
287.25	0.00E+00	1.87E-03	0.00E+00	5.22E-02	0.00E+00	5.41E-02
287.5	0.00E+00	1.85E-03	0.00E+00	5.23E-02	0.00E+00	5.42E-02
287.75	0.00E+00	1.83E-03	0.00E+00	5.23E-02	0.00E+00	5.41E-02
288	0.00E+00	1.80E-03	0.00E+00	5.22E-02	0.00E+00	5.40E-02
288.25	9.65E-03	1.78E-03	0.00E+00	5.03E-02	9.65E-03	5.21E-02
288.5	9.65E-03	1.76E-03	0.00E+00	4.75E-02	9.65E-03	4.93E-02
288.75	9.65E-03	1.73E-03	0.00E+00	4.56E-02	9.65E-03	4.73E-02
289	9.65E-03	1.71E-03	0.00E+00	4.42E-02	9.65E-03	4.59E-02
289.25	0.00E+00	1.69E-03	0.00E+00	4.41E-02	0.00E+00	4.58E-02
289.5	0.00E+00	1.67E-03	0.00E+00	4.54E-02	0.00E+00	4.71E-02
289.75	0.00E+00	1.65E-03	0.00E+00	4.62E-02	0.00E+00	4.79E-02
290	0.00E+00	1.63E-03	0.00E+00	4.68E-02	0.00E+00	4.84E-02
290.25	2.34E-02	1.62E-03	0.00E+00	4.26E-02	2.34E-02	4.42E-02
290.5	2.34E-02	1.61E-03	0.00E+00	3.75E-02	2.34E-02	3.91E-02
290.75	2.34E-02	1.60E-03	0.00E+00	3.44E-02	2.34E-02	3.60E-02
291	2.34E-02	1.59E-03	0.00E+00	3.22E-02	2.34E-02	3.38E-02
291.25	6.69E-04	1.59E-03	0.00E+00	3.76E-02	6.69E-04	3.92E-02
291.5	6.69E-04	1.59E-03	0.00E+00	3.93E-02	6.69E-04	4.09E-02
291.75	6.69E-04	1.60E-03	0.00E+00	4.12E-02	6.69E-04	4.28E-02
292	6.69E-04	1.62E-03	0.00E+00	4.25E-02	6.69E-04	4.41E-02
292.25	0.00E+00	1.65E-03	0.00E+00	4.36E-02	0.00E+00	4.53E-02
292.5	0.00E+00	1.69E-03	0.00E+00	4.45E-02	0.00E+00	4.62E-02
292.75	0.00E+00	1.74E-03	0.00E+00	4.52E-02	0.00E+00	4.69E-02
293	0.00E+00	1.79E-03	0.00E+00	4.57E-02	0.00E+00	4.75E-02
293.25	5.39E-02	1.84E-03	0.00E+00	3.10E-02	5.39E-02	3.28E-02
293.5	5.39E-02	1.88E-03	0.00E+00	2.40E-02	5.39E-02	2.59E-02
293.75	5.39E-02	1.92E-03	0.00E+00	2.05E-02	5.39E-02	2.24E-02
294	5.39E-02	1.96E-03	0.00E+00	1.83E-02	5.39E-02	2.03E-02
294.25	0.00E+00	2.03E-03	0.00E+00	2.29E-02	0.00E+00	2.49E-02
294.5	0.00E+00	2.16E-03	0.00E+00	2.81E-02	0.00E+00	3.03E-02
294.75	0.00E+00	2.37E-03	0.00E+00	3.28E-02	0.00E+00	3.52E-02
295	0.00E+00	2.61E-03	0.00E+00	3.65E-02	0.00E+00	3.91E-02
295.25	0.00E+00	3.09E-03	0.00E+00	3.88E-02	0.00E+00	4.19E-02
295.5	0.00E+00	3.51E-03	0.00E+00	4.11E-02	0.00E+00	4.46E-02
295.75	0.00E+00	3.85E-03	0.00E+00	4.29E-02	0.00E+00	4.68E-02
296	0.00E+00	4.13E-03	0.00E+00	4.45E-02	0.00E+00	4.86E-02
296.25	0.00E+00	4.34E-03	0.00E+00	4.60E-02	0.00E+00	5.03E-02
296.5	0.00E+00	4.49E-03	0.00E+00	4.70E-02	0.00E+00	5.15E-02
296.75	0.00E+00	4.61E-03	0.00E+00	4.78E-02	0.00E+00	5.24E-02
297	0.00E+00	4.72E-03	0.00E+00	4.85E-02	0.00E+00	5.32E-02
297.25	0.00E+00	4.82E-03	0.00E+00	4.86E-02	0.00E+00	5.34E-02
297.5	0.00E+00	4.89E-03	0.00E+00	4.90E-02	0.00E+00	5.39E-02
297.75	0.00E+00	4.92E-03	0.00E+00	4.94E-02	0.00E+00	5.43E-02
298	0.00E+00	4.92E-03	0.00E+00	4.97E-02	0.00E+00	5.46E-02
298.25	0.00E+00	4.90E-03	0.00E+00	5.07E-02	0.00E+00	5.56E-02
298.5	0.00E+00	4.86E-03	0.00E+00	5.11E-02	0.00E+00	5.60E-02
298.75	0.00E+00	4.80E-03	0.00E+00	5.14E-02	0.00E+00	5.62E-02
299	0.00E+00	4.74E-03	0.00E+00	5.17E-02	0.00E+00	5.64E-02
299.25	0.00E+00	4.66E-03	0.00E+00	4.96E-02	0.00E+00	5.43E-02
299.5	0.00E+00	4.57E-03	0.00E+00	4.92E-02	0.00E+00	5.38E-02
299.75	0.00E+00	4.52E-03	0.00E+00	4.91E-02	0.00E+00	5.36E-02
300	0.00E+00	4.46E-03	0.00E+00	4.90E-02	0.00E+00	5.35E-02
300.25	5.21E-03	4.41E-03	0.00E+00	4.76E-02	5.21E-03	5.20E-02
300.5	5.21E-03	4.35E-03	0.00E+00	4.61E-02	5.21E-03	5.05E-02
300.75	5.21E-03	4.29E-03	0.00E+00	4.52E-02	5.21E-03	4.95E-02
301	5.21E-03	4.24E-03	0.00E+00	4.45E-02	5.21E-03	4.87E-02
301.25	0.00E+00	4.19E-03	0.00E+00	4.55E-02	0.00E+00	4.97E-02
301.5	0.00E+00	4.14E-03	0.00E+00	4.65E-02	0.00E+00	5.06E-02
301.75	0.00E+00	4.09E-03	0.00E+00	4.72E-02	0.00E+00	5.13E-02
302	0.00E+00	4.06E-03	0.00E+00	4.77E-02	0.00E+00	5.18E-02
302.25	1.26E-03	4.02E-03	0.00E+00	4.74E-02	1.26E-03	5.14E-02
302.5	1.26E-03	3.99E-03	0.00E+00	4.73E-02	1.26E-03	5.13E-02
302.75	1.26E-03	3.96E-03	0.00E+00	4.72E-02	1.26E-03	5.12E-02
303	1.26E-03	3.92E-03	0.00E+00	4.72E-02	1.26E-03	5.11E-02
303.25	0.00E+00	3.89E-03	0.00E+00	4.71E-02	0.00E+00	5.10E-02
303.5	0.00E+00	3.86E-03	0.00E+00	4.74E-02	0.00E+00	5.13E-02
303.75	0.00E+00	3.82E-03	0.00E+00	4.75E-02	0.00E+00	5.13E-02
304	0.00E+00	3.79E-03	0.00E+00	4.77E-02	0.00E+00	5.15E-02
304.25	0.00E+00	3.75E-03	0.00E+00	4.83E-02	0.00E+00	5.21E-02
304.5	0.00E+00	3.72E-03	0.00E+00	4.85E-02	0.00E+00	5.22E-02
304.75	0.00E+00	3.68E-03	0.00E+00	4.87E-02	0.00E+00	5.24E-02
305	0.00E+00	3.65E-03	0.00E+00	4.88E-02	0.00E+00	5.25E-02
305.25	1.05E-02	3.61E-03	0.00E+00	4.59E-02	1.05E-02	4.95E-02
305.5	1.05E-02	3.57E-03	0.00E+00	4.33E-02	1.05E-02	4.69E-02
305.75	1.05E-02	3.53E-03	0.00E+00	4.15E-02	1.05E-02	4.50E-02
306	1.05E-02	3.49E-03	0.00E+00	4.01E-02	1.05E-02	4.36E-02
306.25	3.70E-03	3.46E-03	0.00E+00	4.11E-02	3.70E-03	4.46E-02
306.5	3.70E-03	3.43E-03	0.00E+00	4.20E-02	3.70E-03	4.54E-02
306.75	3.70E-03	3.41E-03	0.00E+00	4.25E-02	3.70E-03	4.59E-02
307	3.70E-03	3.40E-03	0.00E+00	4.28E-02	3.70E-03	4.62E-02
307.25	0.00E+00	3.41E-03	0.00E+00	4.39E-02	0.00E+00	4.73E-02
307.5	0.00E+00	3.42E-03	0.00E+00	4.50E-02	0.00E+00	4.84E-02
307.75	0.00E+00	3.43E-03	0.00E+00	4.58E-02	0.00E+00	4.92E-02
308	0.00E+00	3.45E-03	0.00E+00	4.64E-02	0.00E+00	4.99E-02
308.25	0.00E+00	3.46E-03	0.00E+00	4.68E-02	0.00E+00	5.03E-02
308.5	0.00E+00	3.48E-03	0.00E+00	4.72E-02	0.00E+00	5.07E-02
308.75	0.00E+00	3.48E-03	0.00E+00	4.74E-02	0.00E+00	5.09E-02
309	0.00E+00	3.49E-03	0.00E+00	4.77E-02	0.00E+00	5.12E-02
309.25	0.00E+00	3.48E-03	0.00E+00	4.77E-02	0.00E+00	5.12E-02
309.5	0.00E+00	3.48E-03	0.00E+00	4.79E-02	0.00E+00	5.14E-02
309.75	0.00E+00	3.47E-03	0.00E+00	4.80E-02	0.00E+00	5.15E-02
310	0.00E+00	3.45E-03	0.00E+00	4.81E-02	0.00E+00	5.16E-02
310.25	8.07E-03	3.43E-03	0.00E+00	4.62E-02	8.07E-03	4.96E-02
310.5	8.07E-03	3.41E-03	0.00E+00	4.42E-02	8.07E-03	4.76E-02
310.75	8.07E-03	3.39E-03	0.00E+00	4.29E-02	8.07E-03	4.63E-02
311	8.07E-03	3.36E-03	0.00E+00	4.19E-02	8.07E-03	4.53E-02
311.25	8.35E-04	3.34E-03	0.00E+00	4.24E-02	8.35E-04	4.57E-02
311.5	8.35E-04	3.32E-03	0.00E+00	4.35E-02	8.35E-04	4.68E-02
311.75	8.35E-04	3.30E-03	0.00E+00	4.42E-02	8.35E-04	4.75E-02
312	8.35E-04	3.29E-03	0.00E+00	4.47E-02	8.35E-04	4.80E-02
312.25	0.00E+00	3.29E-03	0.00E+00	4.59E-02	0.00E+00	4.92E-02
312.5	0.00E+00	3.29E-03	0.00E+00	4.65E-02	0.00E+00	4.98E-02
312.75	0.00E+00	3.29E-03	0.00E+00	4.70E-02	0.00E+00	5.03E-02
313	0.00E+00	3.29E-03	0.00E+00	4.73E-02	0.00E+00	5.06E-02
313.25	1.83E-03	3.28E-03	0.00E+00	4.66E-02	1.83E-03	4.99E-02
313.5	1.83E-03	3.28E-03	0.00E+00	4.61E-02	1.83E-03	4.94E-02
313.75	1.83E-03	3.27E-03	0.00E+00	4.58E-02	1.83E-03	4.91E-02
314	1.83E-03	3.26E-03	0.00E+00	4.57E-02	1.83E-03	4.90E-02
314.25	6.56E-03	3.25E-03	0.00E+00	4.49E-02	6.56E-03	4.82E-02
314.5	6.56E-03	3.24E-03	0.00E+00	4.37E-02	6.56E-03	4.69E-02
314.75	6.56E-03	3.22E-03	0.00E+00	4.29E-02	6.56E-03	4.61E-02
315	6.56E-03	3.21E-03	0.00E+00	4.23E-02	6.56E-03	4.55E-02
315.25	0.00E+00	3.19E-03	0.00E+00	4.34E-02	0.00E+00	4.66E-02
315.5	0.00E+00	3.18E-03	0.00E+00	4.47E-02	0.00E+00	4.79E-02
315.75	0.00E+00	3.17E-03	0.00E+00	4.56E-02	0.00E+00	4.88E-02
316	0.00E+00	3.17E-03	0.00E+00	4.62E-02	0.00E+00	4.94E-02
316.25	3.74E-03	3.17E-03	0.00E+00	4.54E-02	3.74E-03	4.86E-02
316.5	3.74E-03	3.18E-03	0.00E+00	4.47E-02	3.74E-03	4.79E-02
316.75	3.74E-03	3.18E-03	0.00E+00	4.43E-02	3.74E-03	4.75E-02
317	3.74E-03	3.18E-03	0.00E+00	4.40E-02	3.74E-03	4.72E-02
317.25	1.25E-03	3.18E-03	0.00E+00	4.43E-02	1.25E-03	4.75E-02
317.5	1.25E-03	3.18E-03	0.00E+00	4.47E-02	1.25E-03	4.79E-02
317.75	1.25E-03	3.17E-03	0.00E+00	4.50E-02	1.25E-03	4.82E-02
318	1.25E-03	3.17E-03	0.00E+00	4.52E-02	1.25E-03	4.84E-02
318.25	0.00E+00	3.17E-03	0.00E+00	4.55E-02	0.00E+00	4.87E-02
318.5	4.21E-17	3.17E-03	0.00E+00	4.60E-02	4.21E-17	4.92E-02
318.75	1.15E-17	3.17E-03	0.00E+00	4.62E-02	1.15E-17	4.94E-02
319	3.04E-17	3.17E-03	0.00E+00	4.65E-02	3.04E-17	4.97E-02
319.25	0.00E+00	3.16E-03	0.00E+00	4.73E-02	0.00E+00	5.05E-02
319.5	0.00E+00	3.16E-03	0.00E+00	4.76E-02	0.00E+00	5.08E-02
319.75	0.00E+00	3.15E-03	0.00E+00	4.78E-02	0.00E+00	5.10E-02
320	0.00E+00	3.13E-03	0.00E+00	4.79E-02	0.00E+00	5.10E-02
320.25	0.00E+00	3.12E-03	0.00E+00	4.77E-02	0.00E+00	5.08E-02
320.5	0.00E+00	3.10E-03	0.00E+00	4.78E-02	0.00E+00	5.09E-02
320.75	0.00E+00	3.08E-03	0.00E+00	4.78E-02	0.00E+00	5.09E-02
321	0.00E+00	3.06E-03	0.00E+00	4.79E-02	0.00E+00	5.10E-02
321.25	2.07E-02	3.04E-03	0.00E+00	4.28E-02	2.07E-02	4.58E-02
321.5	2.07E-02	3.01E-03	0.00E+00	3.80E-02	2.07E-02	4.10E-02
321.75	2.07E-02	2.99E-03	0.00E+00	3.50E-02	2.07E-02	3.80E-02
322	2.07E-02	2.96E-03	0.00E+00	3.29E-02	2.07E-02	3.59E-02
322.25	7.87E-02	2.94E-03	0.00E+00	1.96E-02	7.87E-02	2.25E-02
322.5	7.87E-02	2.93E-03	0.00E+00	1.52E-02	7.87E-02	1.81E-02
322.75	7.87E-02	2.96E-03	0.00E+00	1.28E-02	7.87E-02	1.58E-02
323	7.87E-02	3.13E-03	0.00E+00	1.12E-02	7.87E-02	1.43E-02
323.25	7.23E-03	3.78E-03	0.00E+00	1.49E-02	7.23E-03	1.87E-02
323.5	7.23E-03	5.09E-03	0.00E+00	1.68E-02	7.23E-03	2.19E-02
323.75	7.23E-03	7.49E-03	0.00E+00	1.89E-02	7.23E-03	2.64E-02
324	7.23E-03	9.66E-03	0.00E+00	2.11E-02	7.23E-03	3.08E-02
324.25	1.07E-03	1.18E-02	0.00E+00	2.32E-02	1.07E-03	3.50E-02
324.5	1.07E-03	1.31E-02	0.00E+00	2.61E-02	1.07E-03	3.92E-02
324.75	1.07E-03	1.39E-02	0.00E+00	2.86E-02	1.07E-03	4.25E-02
325	1.07E-03	1.42E-02	0.00E+00	3.08E-02	1.07E-03	4.50E-02
325.25	4.05E-03	1.43E-02	0.00E+00	3.22E-02	4.05E-03	4.65E-02
325.5	4.05E-03	1.42E-02	0.00E+00	3.31E-02	4.05E-03	4.73E-02
325.75	4.05E-03	1.41E-02	0.00E+00	3.39E-02	4.05E-03	4.80E-02
326	4.05E-03	1.39E-02	0.00E+00	3.47E-02	4.05E-03	4.86E-02
326.25	3.83E-03	1.36E-02	0.00E+00	3.62E-02	3.83E-03	4.98E-02
326.5	3.83E-03	1.34E-02	0.00E+00	3.71E-02	3.83E-03	5.05E-02
326.75	3.83E-03	1.31E-02	0.00E+00	3.78E-02	3.83E-03	5.09E-02
327	3.83E-03	1.29E-02	0.00E+00	3.84E-02	3.83E-03	5.13E-02
327.25	0.00E+00	1.26E-02	0.00E+00	3.94E-02	0.00E+00	5.20E-02
327.5	0.00E+00	1.24E-02	0.00E+00	4.08E-02	0.00E+00	5.32E-02
327.75	0.00E+00	1.21E-02	0.00E+00	4.19E-02	0.00E+00	5.40E-02
328	0.00E+00	1.18E-02	0.00E+00	4.29E-02	0.00E+00	5.47E-02
328.25	6.21E-17	1.15E-02	0.00E+00	4.33E-02	6.21E-17	5.48E-02
328.5	1.12E-16	1.12E-02	0.00E+00	4.39E-02	1.12E-16	5.51E-02
328.75	0.00E+00	1.09E-02	0.00E+00	4.44E-02	0.00E+00	5.53E-02
329	0.00E+00	1.05E-02	0.00E+00	4.49E-02	0.00E+00	5.54E-02
329.25	2.21E-17	1.02E-02	0.00E+00	4.53E-02	2.21E-17	5.55E-02
329.5	4.79E-17	9.87E-03	0.00E+00	4.56E-02	4.79E-17	5.55E-02
329.75	1.15E-16	9.55E-03	0.00E+00	4.60E-02	1.15E-16	5.56E-02
330	2.62E-17	9.23E-03	0.00E+00	4.62E-02	2.62E-17	5.54E-02
330.25	1.22E-02	8.91E-03	0.00E+00	4.21E-02	1.22E-02	5.10E-02
330.5	1.22E-02	8.60E-03	0.00E+00	3.93E-02	1.22E-02	4.79E-02
330.75	1.22E-02	8.33E-03	0.00E+00	3.73E-02	1.22E-02	4.56E-02
331	1.22E-02	8.20E-03	0.00E+00	3.60E-02	1.22E-02	4.42E-02
331.25	3.49E-04	8.11E-03	0.00E+00	3.85E-02	3.49E-04	4.66E-02
331.5	3.49E-04	8.07E-03	0.00E+00	4.08E-02	3.49E-04	4.89E-02
331.75	3.49E-04	8.06E-03	0.00E+00	4.24E-02	3.49E-04	5.05E-02
332	3.49E-04	8.05E-03	0.00E+00	4.36E-02	3.49E-04	5.17E-02
332.25	1.00E-02	8.04E-03	0.00E+00	4.12E-02	1.00E-02	4.92E-02
332.5	1.00E-02	8.00E-03	0.00E+00	3.93E-02	1.00E-02	4.73E-02
332.75	1.00E-02	7.96E-03	0.00E+00	3.81E-02	1.00E-02	4.61E-02
333	1.00E-02	7.92E-03	0.00E+00	3.73E-02	1.00E-02	4.52E-02
333.25	2.64E-04	7.90E-03	0.00E+00	3.96E-02	2.64E-04	4.75E-02
333.5	2.64E-04	7.90E-03	0.00E+00	4.17E-02	2.64E-04	4.96E-02
333.75	2.64E-04	7.92E-03	0.00E+00	4.32E-02	2.64E-04	5.11E-02
334	2.64E-04	7.93E-03	0.00E+00	4.43E-02	2.64E-04	5.22E-02
334.25	0.00E+00	7.92E-03	0.00E+00	4.49E-02	0.00E+00	5.28E-02
334.5	0.00E+00	7.90E-03	0.00E+00	4.56E-02	0.00E+00	5.35E-02
334.75	0.00E+00	7.85E-03	0.00E+00	4.62E-02	0.00E+00	5.41E-02
335	0.00E+00	7.78E-03	0.00E+00	4.67E-02	0.00E+00	5.45E-02
335.25	0.00E+00	7.70E-03	0.00E+00	4.73E-02	0.00E+00	5.50E-02
335.5	0.00E+00	7.61E-03	0.00E+00	4.76E-02	0.00E+00	5.52E-02
335.75	0.00E+00	7.51E-03	0.00E+00	4.79E-02	0.00E+00	5.54E-02
336	0.00E+00	7.40E-03	0.00E+00	4.81E-02	0.00E+00	5.55E-02
336.25	1.13E-17	7.28E-03	0.00E+00	4.80E-02	1.13E-17	5.53E-02
336.5	0.00E+00	7.17E-03	0.00E+00	4.81E-02	0.00E+00	5.53E-02
336.75	0.00E+00	7.04E-03	0.00E+00	4.82E-02	0.00E+00	5.52E-02
337	5.42E-19	6.92E-03	0.00E+00	4.83E-02	5.42E-19	5.52E-02
337.25	7.64E-17	6.79E-03	0.00E+00	4.83E-02	7.64E-17	5.51E-02
337.5	1.26E-17	6.67E-03	0.00E+00	4.84E-02	1.26E-17	5.51E-02
337.75	1.70E-17	6.54E-03	0.00E+00	4.84E-02	1.70E-17	5.49E-02
338	2.96E-17	6.41E-03	0.00E+00	4.85E-02	2.96E-17	5.49E-02
338.25	2.64E-04	6.29E-03	0.00E+00	4.86E-02	2.64E-04	5.49E-02
338.5	2.64E-04	6.16E-03	0.00E+00	4.85E-02	2.64E-04	5.47E-02
338.75	2.64E-04	6.04E-03	0.00E+00	4.85E-02	2.64E-04	5.45E-02
339	2.64E-04	5.91E-03	0.00E+00	4.85E-02	2.64E-04	5.44E-02
339.25	0.00E+00	5.79E-03	0.00E+00	4.86E-02	0.00E+00	5.44E-02
339.5	0.00E+00	5.67E-03	0.00E+00	4.87E-02	0.00E+00	5.44E-02
339.75	0.00E+00	5.55E-03	0.00E+00	4.88E-02	0.00E+00	5.44E-02
340	0.00E+00	5.43E-03	0.00E+00	4.88E-02	0.00E+00	5.42E-02
340.25	5.65E-18	5.32E-03	0.00E+00	4.88E-02	5.65E-18	5.41E-02
340.5	7.93E-17	5.20E-03	0.00E+00	4.88E-02	7.93E-17	5.40E-02
340.75	0.00E+00	5.09E-03	0.00E+00	4.88E-02	0.00E+00	5.39E-02
341	0.00E+00	4.97E-03	0.00E+00	4.88E-02	0.00E+00	5.38E-02
341.25	0.00E+00	4.86E-03	0.00E+00	4.91E-02	0.00E+00	5.40E-02
341.5	0.00E+00	4.76E-03	0.00E+00	4.92E-02	0.00E+00	5.40E-02
341.75	0.00E+00	4.70E-03	0.00E+00	4.93E-02	0.00E+00	5.40E-02
342	0.00E+00	4.64E-03	0.00E+00	4.93E-02	0.00E+00	5.39E-02
342.25	0.00E+00	4.58E-03	0.00E+00	4.92E-02	0.00E+00	5.38E-02
342.5	0.00E+00	4.52E-03	0.00E+00	4.92E-02	0.00E+00	5.37E-02
342.75	0.00E+00	4.46E-03	0.00E+00	4.92E-02	0.00E+00	5.37E-02
343	0.00E+00	4.40E-03	0.00E+00	4.92E-02	0.00E+00	5.36E-02
343.25	5.12E-17	4.35E-03	0.00E+00	4.90E-02	5.12E-17	5.34E-02
343.5	1.84E-17	4.29E-03	0.00E+00	4.90E-02	1.84E-17	5.33E-02
343.75	5.58E-17	4.23E-03	0.00E+00	4.89E-02	5.58E-17	5.31E-02
344	2.62E-17	4.18E-03	0.00E+00	4.89E-02	2.62E-17	5.31E-02
344.25	0.00E+00	4.12E-03	0.00E+00	4.92E-02	0.00E+00	5.33E-02
344.5	0.00E+00	4.07E-03	0.00E+00	4.93E-02	0.00E+00	5.34E-02
344.75	0.00E+00	4.01E-03	0.00E+00	4.93E-02	0.00E+00	5.33E-02
345	0.00E+00	3.96E-03	0.00E+00	4.93E-02	0.00E+00	5.33E-02
345.25	0.00E+00	3.90E-03	0.00E+00	4.93E-02	0.00E+00	5.32E-02
345.5	0.00E+00	3.85E-03	0.00E+00	4.93E-02	0.00E+00	5.32E-02
345.75	0.00E+00	3.80E-03	0.00E+00	4.93E-02	0.00E+00	5.31E-02
346	0.00E+00	3.75E-03	0.00E+00	4.93E-02	0.00E+00	5.31E-02
346.25	0.00E+00	3.70E-03	0.00E+00	4.95E-02	0.00E+00	5.32E-02
346.5	0.00E+00	3.65E-03	0.00E+00	4.95E-02	0.00E+00	5.32E-02
346.75	0.00E+00	3.59E-03	0.00E+00	4.95E-02	0.00E+00	5.31E-02
347	0.00E+00	3.54E-03	0.00E+00	4.95E-02	0.00E+00	5.30E-02
347.25	0.00E+00	3.50E-03	0.00E+00	4.94E-02	0.00E+00	5.29E-02
347.5	0.00E+00	3.45E-03	0.00E+00	4.93E-02	0.00E+00	5.28E-02
347.75	0.00E+00	3.40E-03	0.00E+00	4.93E-02	0.00E+00	5.27E-02
348	0.00E+00	3.35E-03	0.00E+00	4.93E-02	0.00E+00	5.27E-02
348.25	0.00E+00	3.30E-03	0.00E+00	4.93E-02	0.00E+00	5.26E-02
348.5	0.00E+00	3.25E-03	0.00E+00	4.92E-02	0.00E+00	5.25E-02
348.75	0.00E+00	3.21E-03	0.00E+00	4.92E-02	0.00E+00	5.24E-02
349	0.00E+00	3.16E-03	0.00E+00	4.92E-02	0.00E+00	5.24E-02
349.25	0.00E+00	3.11E-03	0.00E+00	4.94E-02	0.00E+00	5.25E-02
349.5	0.00E+00	3.07E-03	0.00E+00	4.94E-02	0.00E+00	5.25E-02
349.75	0.00E+00	3.02E-03	0.00E+00	4.94E-02	0.00E+00	5.24E-02
350	0.00E+00	2.98E-03	0.00E+00	4.94E-02	0.00E+00	5.24E-02
350.25	3.19E-03	2.93E-03	0.00E+00	4.85E-02	3.19E-03	5.14E-02
350.5	3.19E-03	2.89E-03	0.00E+00	4.75E-02	3.19E-03	5.04E-02
350.75	3.19E-03	2.84E-03	0.00E+00	4.69E-02	3.19E-03	4.97E-02
351	3.19E-03	2.80E-03	0.00E+00	4.64E-02	3.19E-03	4.92E-02
351.25	4.35E-02	2.76E-03	0.00E+00	3.44E-02	4.35E-02	3.72E-02
351.5	4.35E-02	2.72E-03	0.00E+00	2.77E-02	4.35E-02	3.04E-02
351.75	4.35E-02	2.68E-03	0.00E+00	2.40E-02	4.35E-02	2.67E-02
352	4.35E-02	2.65E-03	0.00E+00	2.16E-02	4.35E-02	2.43E-02
352.25	9.99E-04	2.64E-03	0.00E+00	2.46E-02	9.99E-04	2.72E-02
352.5	9.99E-04	2.70E-03	0.00E+00	2.91E-02	9.99E-04	3.18E-02
352.75	9.99E-04	2.85E-03	0.00E+00	3.25E-02	9.99E-04	3.54E-02
353	9.99E-04	3.09E-03	0.00E+00	3.53E-02	9.99E-04	3.84E-02
353.25	2.51E-17	3.37E-03	0.00E+00	3.73E-02	2.51E-17	4.07E-02
353.5	5.71E-17	3.65E-03	0.00E+00	3.91E-02	5.71E-17	4.28E-02
353.75	3.06E-17	3.89E-03	0.00E+00	4.06E-02	3.06E-17	4.45E-02
354	3.53E-17	4.09E-03	0.00E+00	4.17E-02	3.53E-17	4.58E-02
354.25	1.41E-17	4.25E-03	0.00E+00	4.26E-02	1.41E-17	4.69E-02
354.5	0.00E+00	4.38E-03	0.00E+00	4.33E-02	0.00E+00	4.77E-02
354.75	6.52E-18	4.48E-03	0.00E+00	4.39E-02	6.52E-18	4.84E-02
355	2.80E-17	4.56E-03	0.00E+00	4.43E-02	2.80E-17	4.89E-02
355.25	4.82E-17	4.61E-03	0.00E+00	4.47E-02	4.82E-17	4.93E-02
355.5	2.20E-17	4.65E-03	0.00E+00	4.51E-02	2.20E-17	4.98E-02
355.75	0.00E+00	4.67E-03	0.00E+00	4.54E-02	0.00E+00	5.01E-02
356	2.66E-18	4.67E-03	0.00E+00	4.56E-02	2.66E-18	5.03E-02
356.25	1.45E-02	4.67E-03	0.00E+00	4.17E-02	1.45E-02	4.64E-02
356.5	1.45E-02	4.66E-03	0.00E+00	3.85E-02	1.45E-02	4.32E-02
356.75	1.45E-02	4.64E-03	0.00E+00	3.64E-02	1.45E-02	4.10E-02
357	1.45E-02	4.62E-03	0.00E+00	3.49E-02	1.45E-02	3.95E-02
357.25	0.00E+00	4.62E-03	0.00E+00	3.77E-02	0.00E+00	4.23E-02
357.5	0.00E+00	4.63E-03	0.00E+00	4.04E-02	0.00E+00	4.50E-02
357.75	0.00E+00	4.66E-03	0.00E+00	4.22E-02	0.00E+00	4.69E-02
358	0.00E+00	4.70E-03	0.00E+00	4.35E-02	0.00E+00	4.82E-02
358.25	3.07E-02	4.77E-03	0.00E+00	3.44E-02	3.07E-02	3.92E-02
358.5	3.07E-02	4.84E-03	0.00E+00	2.95E-02	3.07E-02	3.43E-02
358.75	3.07E-02	4.91E-03	0.00E+00	2.67E-02	3.07E-02	3.16E-02
359	3.07E-02	4.99E-03	0.00E+00	2.49E-02	3.07E-02	2.99E-02
359.25	0.00E+00	5.16E-03	0.00E+00	2.72E-02	0.00E+00	3.24E-02
359.5	0.00E+00	5.45E-03	0.00E+00	3.14E-02	0.00E+00	3.69E-02
359.75	0.00E+00	5.86E-03	0.00E+00	3.46E-02	0.00E+00	4.05E-02
360	0.00E+00	6.28E-03	0.00E+00	3.70E-02	0.00E+00	4.33E-02
360.25	8.03E-17	6.65E-03	0.00E+00	3.88E-02	8.03E-17	4.55E-02
360.5	5.01E-17	6.93E-03	0.00E+00	4.03E-02	5.01E-17	4.72E-02
360.75	5.90E-17	7.13E-03	0.00E+00	4.16E-02	5.90E-17	4.87E-02
361	5.37E-17	7.26E-03	0.00E+00	4.26E-02	5.37E-17	4.99E-02
361.25	4.56E-03	7.33E-03	0.00E+00	4.20E-02	4.56E-03	4.93E-02
361.5	4.56E-03	7.35E-03	0.00E+00	4.15E-02	4.56E-03	4.89E-02
361.75	4.56E-03	7.35E-03	0.00E+00	4.12E-02	4.56E-03	4.86E-02
362	4.56E-03	7.32E-03	0.00E+00	4.10E-02	4.56E-03	4.83E-02
362.25	1.40E-02	7.29E-03	0.00E+00	3.78E-02	1.40E-02	4.51E-02
362.5	1.40E-02	7.25E-03	0.00E+00	3.56E-02	1.40E-02	4.29E-02
362.75	1.40E-02	7.23E-03	0.00E+00	3.41E-02	1.40E-02	4.13E-02
363	1.40E-02	7.23E-03	0.00E+00	3.31E-02	1.40E-02	4.03E-02
363.25	5.87E-04	7.26E-03	0.00E+00	3.54E-02	5.87E-04	4.27E-02
363.5	5.87E-04	7.34E-03	0.00E+00	3.79E-02	5.87E-04	4.52E-02
363.75	5.87E-04	7.44E-03	0.00E+00	3.98E-02	5.87E-04	4.72E-02
364	5.87E-04	7.54E-03	0.00E+00	4.12E-02	5.87E-04	4.87E-02
364.25	7.72E-04	7.61E-03	0.00E+00	4.29E-02	7.72E-04	5.05E-02
364.5	7.72E-04	7.65E-03	0.00E+00	4.39E-02	7.72E-04	5.16E-02
364.75	7.72E-04	7.67E-03	0.00E+00	4.47E-02	7.72E-04	5.24E-02
365	7.72E-04	7.65E-03	0.00E+00	4.53E-02	7.72E-04	5.30E-02
