title = "dataset c2b"
variables = "time", "cum top solute flux-influx [mol/m2/d]", "cum bottom solute flux-outflux [mol/m2/d]", "cum bottom gas flux-influx [mol/m2/d]", "cum top gas flux-outflux [mol/m2/d]"
zone t = "mass balance for component - reactive transport", f=point
0.25	1.59E-03	1.53E-03	0.00E+00	2.96E-03
0.5	3.18E-03	3.06E-03	0.00E+00	9.18E-03
0.75	4.77E-03	4.59E-03	0.00E+00	1.74E-02
1	6.36E-03	6.11E-03	0.00E+00	2.70E-02
1.25	6.39E-03	7.64E-03	0.00E+00	3.84E-02
1.5	6.39E-03	9.17E-03	0.00E+00	5.16E-02
1.75	6.39E-03	1.07E-02	0.00E+00	6.61E-02
2	6.39E-03	1.22E-02	0.00E+00	8.18E-02
2.25	6.45E-03	1.37E-02	0.00E+00	9.85E-02
2.5	6.51E-03	1.52E-02	0.00E+00	1.16E-01
2.75	6.57E-03	1.67E-02	0.00E+00	1.34E-01
3	6.63E-03	1.82E-02	0.00E+00	1.53E-01
3.25	7.34E-03	1.96E-02	0.00E+00	1.71E-01
3.5	8.07E-03	2.10E-02	0.00E+00	1.90E-01
3.75	8.79E-03	2.24E-02	0.00E+00	2.09E-01
4	9.51E-03	2.38E-02	0.00E+00	2.28E-01
4.25	1.11E-02	2.51E-02	0.00E+00	2.47E-01
4.5	1.26E-02	2.65E-02	0.00E+00	2.65E-01
4.75	1.42E-02	2.78E-02	0.00E+00	2.83E-01
5	1.58E-02	2.91E-02	0.00E+00	3.01E-01
5.25	1.69E-02	3.04E-02	0.00E+00	3.19E-01
5.5	1.80E-02	3.17E-02	0.00E+00	3.38E-01
5.75	1.91E-02	3.30E-02	0.00E+00	3.56E-01
6	2.02E-02	3.43E-02	0.00E+00	3.75E-01
6.25	2.02E-02	3.56E-02	0.00E+00	3.96E-01
6.5	2.02E-02	3.69E-02	0.00E+00	4.17E-01
6.75	2.02E-02	3.82E-02	0.00E+00	4.38E-01
7	2.02E-02	3.95E-02	0.00E+00	4.60E-01
7.25	2.19E-02	4.08E-02	0.00E+00	4.81E-01
7.5	2.36E-02	4.21E-02	0.00E+00	5.01E-01
7.75	2.53E-02	4.34E-02	0.00E+00	5.21E-01
8	2.70E-02	4.47E-02	0.00E+00	5.40E-01
8.25	2.94E-02	4.60E-02	0.00E+00	5.58E-01
8.5	3.19E-02	4.73E-02	0.00E+00	5.75E-01
8.75	3.45E-02	4.86E-02	0.00E+00	5.92E-01
9	3.70E-02	4.99E-02	0.00E+00	6.09E-01
9.25	3.77E-02	5.12E-02	0.00E+00	6.27E-01
9.5	3.85E-02	5.25E-02	0.00E+00	6.46E-01
9.75	3.92E-02	5.39E-02	0.00E+00	6.65E-01
10	4.00E-02	5.53E-02	0.00E+00	6.85E-01
10.25	4.46E-02	5.67E-02	0.00E+00	7.02E-01
10.5	4.94E-02	5.81E-02	0.00E+00	7.16E-01
10.75	5.41E-02	5.95E-02	0.00E+00	7.30E-01
11	5.88E-02	6.10E-02	0.00E+00	7.43E-01
11.25	7.02E-02	6.24E-02	0.00E+00	7.53E-01
11.5	8.18E-02	6.40E-02	0.00E+00	7.60E-01
11.75	9.33E-02	6.56E-02	0.00E+00	7.67E-01
12	1.05E-01	6.73E-02	0.00E+00	7.72E-01
12.25	1.05E-01	6.92E-02	0.00E+00	7.81E-01
12.5	1.05E-01	7.15E-02	0.00E+00	7.91E-01
12.75	1.05E-01	7.43E-02	0.00E+00	8.04E-01
13	1.05E-01	7.75E-02	0.00E+00	8.19E-01
13.25	1.09E-01	8.08E-02	0.00E+00	8.33E-01
13.5	1.13E-01	8.44E-02	0.00E+00	8.45E-01
13.75	1.17E-01	8.79E-02	0.00E+00	8.57E-01
14	1.22E-01	9.15E-02	0.00E+00	8.69E-01
14.25	1.24E-01	9.52E-02	0.00E+00	8.81E-01
14.5	1.27E-01	9.89E-02	0.00E+00	8.94E-01
14.75	1.30E-01	1.03E-01	0.00E+00	9.07E-01
15	1.32E-01	1.07E-01	0.00E+00	9.20E-01
15.25	1.33E-01	1.11E-01	0.00E+00	9.35E-01
15.5	1.34E-01	1.15E-01	0.00E+00	9.51E-01
15.75	1.34E-01	1.19E-01	0.00E+00	9.69E-01
16	1.35E-01	1.22E-01	0.00E+00	9.87E-01
16.25	1.35E-01	1.26E-01	0.00E+00	1.01E+00
16.5	1.35E-01	1.30E-01	0.00E+00	1.03E+00
16.75	1.36E-01	1.34E-01	0.00E+00	1.05E+00
17	1.36E-01	1.37E-01	0.00E+00	1.07E+00
17.25	1.36E-01	1.41E-01	0.00E+00	1.09E+00
17.5	1.37E-01	1.44E-01	0.00E+00	1.11E+00
17.75	1.37E-01	1.47E-01	0.00E+00	1.14E+00
18	1.37E-01	1.51E-01	0.00E+00	1.16E+00
18.25	1.46E-01	1.54E-01	0.00E+00	1.17E+00
18.5	1.55E-01	1.57E-01	0.00E+00	1.18E+00
18.75	1.63E-01	1.60E-01	0.00E+00	1.19E+00
19	1.72E-01	1.63E-01	0.00E+00	1.20E+00
19.25	1.72E-01	1.66E-01	0.00E+00	1.21E+00
19.5	1.72E-01	1.69E-01	0.00E+00	1.22E+00
19.75	1.72E-01	1.73E-01	0.00E+00	1.24E+00
20	1.72E-01	1.76E-01	0.00E+00	1.26E+00
20.25	1.72E-01	1.80E-01	0.00E+00	1.28E+00
20.5	1.72E-01	1.84E-01	0.00E+00	1.29E+00
20.75	1.72E-01	1.88E-01	0.00E+00	1.31E+00
21	1.72E-01	1.92E-01	0.00E+00	1.34E+00
21.25	1.74E-01	1.95E-01	0.00E+00	1.36E+00
21.5	1.76E-01	1.99E-01	0.00E+00	1.37E+00
21.75	1.77E-01	2.02E-01	0.00E+00	1.39E+00
22	1.79E-01	2.06E-01	0.00E+00	1.41E+00
22.25	1.79E-01	2.09E-01	0.00E+00	1.43E+00
22.5	1.79E-01	2.13E-01	0.00E+00	1.45E+00
22.75	1.79E-01	2.16E-01	0.00E+00	1.47E+00
23	1.79E-01	2.19E-01	0.00E+00	1.49E+00
23.25	1.80E-01	2.23E-01	0.00E+00	1.52E+00
23.5	1.81E-01	2.26E-01	0.00E+00	1.54E+00
23.75	1.82E-01	2.29E-01	0.00E+00	1.56E+00
24	1.83E-01	2.32E-01	0.00E+00	1.58E+00
24.25	1.83E-01	2.35E-01	0.00E+00	1.60E+00
24.5	1.83E-01	2.38E-01	0.00E+00	1.62E+00
24.75	1.83E-01	2.41E-01	0.00E+00	1.64E+00
25	1.83E-01	2.43E-01	0.00E+00	1.66E+00
25.25	1.83E-01	2.46E-01	0.00E+00	1.69E+00
25.5	1.83E-01	2.49E-01	0.00E+00	1.71E+00
25.75	1.83E-01	2.51E-01	0.00E+00	1.73E+00
26	1.83E-01	2.54E-01	0.00E+00	1.76E+00
26.25	1.84E-01	2.56E-01	0.00E+00	1.78E+00
26.5	1.85E-01	2.59E-01	0.00E+00	1.80E+00
26.75	1.86E-01	2.61E-01	0.00E+00	1.82E+00
27	1.86E-01	2.64E-01	0.00E+00	1.84E+00
27.25	1.88E-01	2.66E-01	0.00E+00	1.86E+00
27.5	1.89E-01	2.68E-01	0.00E+00	1.88E+00
27.75	1.90E-01	2.71E-01	0.00E+00	1.90E+00
28	1.91E-01	2.73E-01	0.00E+00	1.92E+00
28.25	1.91E-01	2.75E-01	0.00E+00	1.94E+00
28.5	1.91E-01	2.78E-01	0.00E+00	1.97E+00
28.75	1.91E-01	2.80E-01	0.00E+00	1.99E+00
29	1.91E-01	2.82E-01	0.00E+00	2.01E+00
29.25	1.91E-01	2.84E-01	0.00E+00	2.03E+00
29.5	1.91E-01	2.86E-01	0.00E+00	2.05E+00
29.75	1.91E-01	2.88E-01	0.00E+00	2.08E+00
30	1.91E-01	2.91E-01	0.00E+00	2.10E+00
30.25	1.92E-01	2.93E-01	0.00E+00	2.12E+00
30.5	1.94E-01	2.95E-01	0.00E+00	2.14E+00
30.75	1.95E-01	2.97E-01	0.00E+00	2.16E+00
31	1.97E-01	2.99E-01	0.00E+00	2.18E+00
31.25	1.99E-01	3.01E-01	0.00E+00	2.20E+00
31.5	2.02E-01	3.03E-01	0.00E+00	2.21E+00
31.75	2.05E-01	3.05E-01	0.00E+00	2.23E+00
32	2.07E-01	3.06E-01	0.00E+00	2.25E+00
32.25	2.14E-01	3.08E-01	0.00E+00	2.26E+00
32.5	2.22E-01	3.10E-01	0.00E+00	2.27E+00
32.75	2.29E-01	3.12E-01	0.00E+00	2.28E+00
33	2.36E-01	3.14E-01	0.00E+00	2.29E+00
33.25	2.36E-01	3.16E-01	0.00E+00	2.30E+00
33.5	2.36E-01	3.18E-01	0.00E+00	2.31E+00
33.75	2.36E-01	3.20E-01	0.00E+00	2.33E+00
34	2.36E-01	3.23E-01	0.00E+00	2.34E+00
34.25	2.36E-01	3.25E-01	0.00E+00	2.36E+00
34.5	2.36E-01	3.28E-01	0.00E+00	2.38E+00
34.75	2.36E-01	3.30E-01	0.00E+00	2.40E+00
35	2.36E-01	3.33E-01	0.00E+00	2.42E+00
35.25	2.36E-01	3.36E-01	0.00E+00	2.44E+00
35.5	2.36E-01	3.38E-01	0.00E+00	2.46E+00
35.75	2.36E-01	3.41E-01	0.00E+00	2.48E+00
36	2.36E-01	3.44E-01	0.00E+00	2.50E+00
36.25	2.37E-01	3.46E-01	0.00E+00	2.52E+00
36.5	2.37E-01	3.49E-01	0.00E+00	2.54E+00
36.75	2.38E-01	3.51E-01	0.00E+00	2.56E+00
37	2.38E-01	3.54E-01	0.00E+00	2.58E+00
37.25	2.41E-01	3.56E-01	0.00E+00	2.60E+00
37.5	2.45E-01	3.58E-01	0.00E+00	2.62E+00
37.75	2.48E-01	3.61E-01	0.00E+00	2.63E+00
38	2.51E-01	3.63E-01	0.00E+00	2.65E+00
38.25	2.54E-01	3.65E-01	0.00E+00	2.66E+00
38.5	2.56E-01	3.67E-01	0.00E+00	2.67E+00
38.75	2.58E-01	3.70E-01	0.00E+00	2.69E+00
39	2.61E-01	3.72E-01	0.00E+00	2.70E+00
39.25	2.61E-01	3.74E-01	0.00E+00	2.72E+00
39.5	2.61E-01	3.76E-01	0.00E+00	2.73E+00
39.75	2.61E-01	3.79E-01	0.00E+00	2.75E+00
40	2.62E-01	3.81E-01	0.00E+00	2.77E+00
40.25	2.65E-01	3.83E-01	0.00E+00	2.79E+00
40.5	2.68E-01	3.86E-01	0.00E+00	2.80E+00
40.75	2.71E-01	3.88E-01	0.00E+00	2.81E+00
41	2.74E-01	3.91E-01	0.00E+00	2.83E+00
41.25	2.74E-01	3.93E-01	0.00E+00	2.84E+00
41.5	2.74E-01	3.95E-01	0.00E+00	2.86E+00
41.75	2.74E-01	3.98E-01	0.00E+00	2.88E+00
42	2.74E-01	4.00E-01	0.00E+00	2.89E+00
42.25	2.74E-01	4.03E-01	0.00E+00	2.91E+00
42.5	2.74E-01	4.05E-01	0.00E+00	2.93E+00
42.75	2.74E-01	4.08E-01	0.00E+00	2.95E+00
43	2.74E-01	4.10E-01	0.00E+00	2.97E+00
43.25	2.74E-01	4.12E-01	0.00E+00	2.99E+00
43.5	2.74E-01	4.15E-01	0.00E+00	3.01E+00
43.75	2.74E-01	4.17E-01	0.00E+00	3.03E+00
44	2.74E-01	4.20E-01	0.00E+00	3.05E+00
44.25	2.74E-01	4.22E-01	0.00E+00	3.07E+00
44.5	2.74E-01	4.24E-01	0.00E+00	3.09E+00
44.75	2.74E-01	4.26E-01	0.00E+00	3.11E+00
45	2.74E-01	4.29E-01	0.00E+00	3.13E+00
45.25	2.74E-01	4.31E-01	0.00E+00	3.15E+00
45.5	2.74E-01	4.33E-01	0.00E+00	3.17E+00
45.75	2.74E-01	4.35E-01	0.00E+00	3.19E+00
46	2.74E-01	4.37E-01	0.00E+00	3.21E+00
46.25	2.74E-01	4.39E-01	0.00E+00	3.23E+00
46.5	2.74E-01	4.41E-01	0.00E+00	3.25E+00
46.75	2.74E-01	4.43E-01	0.00E+00	3.27E+00
47	2.74E-01	4.45E-01	0.00E+00	3.29E+00
47.25	2.74E-01	4.46E-01	0.00E+00	3.31E+00
47.5	2.74E-01	4.48E-01	0.00E+00	3.33E+00
47.75	2.74E-01	4.50E-01	0.00E+00	3.35E+00
48	2.74E-01	4.52E-01	0.00E+00	3.37E+00
48.25	2.74E-01	4.53E-01	0.00E+00	3.39E+00
48.5	2.74E-01	4.55E-01	0.00E+00	3.41E+00
48.75	2.74E-01	4.56E-01	0.00E+00	3.43E+00
49	2.74E-01	4.58E-01	0.00E+00	3.45E+00
49.25	2.74E-01	4.59E-01	0.00E+00	3.46E+00
49.5	2.74E-01	4.61E-01	0.00E+00	3.48E+00
49.75	2.74E-01	4.62E-01	0.00E+00	3.50E+00
50	2.74E-01	4.64E-01	0.00E+00	3.52E+00
50.25	2.74E-01	4.65E-01	0.00E+00	3.54E+00
50.5	2.74E-01	4.67E-01	0.00E+00	3.56E+00
50.75	2.74E-01	4.68E-01	0.00E+00	3.58E+00
51	2.74E-01	4.69E-01	0.00E+00	3.60E+00
51.25	2.74E-01	4.71E-01	0.00E+00	3.62E+00
51.5	2.74E-01	4.72E-01	0.00E+00	3.64E+00
51.75	2.74E-01	4.73E-01	0.00E+00	3.66E+00
52	2.74E-01	4.75E-01	0.00E+00	3.68E+00
52.25	2.74E-01	4.76E-01	0.00E+00	3.70E+00
52.5	2.74E-01	4.77E-01	0.00E+00	3.72E+00
52.75	2.74E-01	4.78E-01	0.00E+00	3.74E+00
53	2.74E-01	4.79E-01	0.00E+00	3.76E+00
53.25	2.74E-01	4.81E-01	0.00E+00	3.78E+00
53.5	2.74E-01	4.82E-01	0.00E+00	3.80E+00
53.75	2.74E-01	4.83E-01	0.00E+00	3.82E+00
54	2.74E-01	4.84E-01	0.00E+00	3.84E+00
54.25	2.76E-01	4.85E-01	0.00E+00	3.86E+00
54.5	2.77E-01	4.86E-01	0.00E+00	3.87E+00
54.75	2.79E-01	4.87E-01	0.00E+00	3.89E+00
55	2.81E-01	4.88E-01	0.00E+00	3.91E+00
55.25	2.81E-01	4.89E-01	0.00E+00	3.92E+00
55.5	2.81E-01	4.90E-01	0.00E+00	3.94E+00
55.75	2.81E-01	4.91E-01	0.00E+00	3.96E+00
56	2.82E-01	4.92E-01	0.00E+00	3.98E+00
56.25	2.83E-01	4.93E-01	0.00E+00	3.99E+00
56.5	2.85E-01	4.94E-01	0.00E+00	4.01E+00
56.75	2.87E-01	4.95E-01	0.00E+00	4.03E+00
57	2.89E-01	4.96E-01	0.00E+00	4.04E+00
57.25	2.92E-01	4.97E-01	0.00E+00	4.05E+00
57.5	2.96E-01	4.98E-01	0.00E+00	4.07E+00
57.75	3.00E-01	4.98E-01	0.00E+00	4.08E+00
58	3.03E-01	4.99E-01	0.00E+00	4.09E+00
58.25	3.04E-01	5.00E-01	0.00E+00	4.10E+00
58.5	3.04E-01	5.01E-01	0.00E+00	4.12E+00
58.75	3.04E-01	5.02E-01	0.00E+00	4.13E+00
59	3.04E-01	5.03E-01	0.00E+00	4.15E+00
59.25	3.04E-01	5.04E-01	0.00E+00	4.16E+00
59.5	3.04E-01	5.05E-01	0.00E+00	4.18E+00
59.75	3.04E-01	5.06E-01	0.00E+00	4.20E+00
60	3.04E-01	5.07E-01	0.00E+00	4.21E+00
60.25	3.04E-01	5.08E-01	0.00E+00	4.23E+00
60.5	3.04E-01	5.09E-01	0.00E+00	4.25E+00
60.75	3.04E-01	5.10E-01	0.00E+00	4.27E+00
61	3.04E-01	5.11E-01	0.00E+00	4.28E+00
61.25	3.04E-01	5.12E-01	0.00E+00	4.30E+00
61.5	3.04E-01	5.13E-01	0.00E+00	4.32E+00
61.75	3.04E-01	5.14E-01	0.00E+00	4.34E+00
62	3.04E-01	5.15E-01	0.00E+00	4.35E+00
62.25	3.04E-01	5.16E-01	0.00E+00	4.37E+00
62.5	3.04E-01	5.17E-01	0.00E+00	4.39E+00
62.75	3.04E-01	5.18E-01	0.00E+00	4.41E+00
63	3.04E-01	5.19E-01	0.00E+00	4.42E+00
63.25	3.04E-01	5.20E-01	0.00E+00	4.44E+00
63.5	3.04E-01	5.21E-01	0.00E+00	4.46E+00
63.75	3.04E-01	5.22E-01	0.00E+00	4.48E+00
64	3.04E-01	5.23E-01	0.00E+00	4.49E+00
64.25	3.04E-01	5.24E-01	0.00E+00	4.51E+00
64.5	3.04E-01	5.25E-01	0.00E+00	4.53E+00
64.75	3.04E-01	5.26E-01	0.00E+00	4.55E+00
65	3.04E-01	5.27E-01	0.00E+00	4.56E+00
65.25	3.06E-01	5.28E-01	0.00E+00	4.58E+00
65.5	3.08E-01	5.29E-01	0.00E+00	4.60E+00
65.75	3.11E-01	5.30E-01	0.00E+00	4.61E+00
66	3.13E-01	5.30E-01	0.00E+00	4.62E+00
66.25	3.14E-01	5.31E-01	0.00E+00	4.64E+00
66.5	3.16E-01	5.32E-01	0.00E+00	4.65E+00
66.75	3.17E-01	5.33E-01	0.00E+00	4.67E+00
67	3.18E-01	5.34E-01	0.00E+00	4.68E+00
67.25	3.18E-01	5.35E-01	0.00E+00	4.69E+00
67.5	3.18E-01	5.35E-01	0.00E+00	4.71E+00
67.75	3.18E-01	5.36E-01	0.00E+00	4.73E+00
68	3.18E-01	5.37E-01	0.00E+00	4.74E+00
68.25	3.19E-01	5.38E-01	0.00E+00	4.76E+00
68.5	3.20E-01	5.39E-01	0.00E+00	4.77E+00
68.75	3.21E-01	5.39E-01	0.00E+00	4.79E+00
69	3.22E-01	5.40E-01	0.00E+00	4.80E+00
69.25	3.23E-01	5.41E-01	0.00E+00	4.82E+00
69.5	3.23E-01	5.42E-01	0.00E+00	4.83E+00
69.75	3.24E-01	5.43E-01	0.00E+00	4.85E+00
70	3.24E-01	5.44E-01	0.00E+00	4.86E+00
70.25	3.24E-01	5.44E-01	0.00E+00	4.88E+00
70.5	3.24E-01	5.45E-01	0.00E+00	4.89E+00
70.75	3.24E-01	5.46E-01	0.00E+00	4.91E+00
71	3.24E-01	5.47E-01	0.00E+00	4.93E+00
71.25	3.26E-01	5.48E-01	0.00E+00	4.94E+00
71.5	3.28E-01	5.48E-01	0.00E+00	4.96E+00
71.75	3.30E-01	5.49E-01	0.00E+00	4.97E+00
72	3.33E-01	5.50E-01	0.00E+00	4.98E+00
72.25	3.33E-01	5.51E-01	0.00E+00	5.00E+00
72.5	3.34E-01	5.52E-01	0.00E+00	5.01E+00
72.75	3.35E-01	5.52E-01	0.00E+00	5.02E+00
73	3.36E-01	5.53E-01	0.00E+00	5.04E+00
73.25	3.36E-01	5.54E-01	0.00E+00	5.05E+00
73.5	3.36E-01	5.55E-01	0.00E+00	5.07E+00
73.75	3.36E-01	5.56E-01	0.00E+00	5.08E+00
74	3.36E-01	5.56E-01	0.00E+00	5.10E+00
74.25	3.36E-01	5.57E-01	0.00E+00	5.12E+00
74.5	3.36E-01	5.58E-01	0.00E+00	5.13E+00
74.75	3.36E-01	5.59E-01	0.00E+00	5.15E+00
75	3.36E-01	5.60E-01	0.00E+00	5.17E+00
75.25	3.36E-01	5.61E-01	0.00E+00	5.18E+00
75.5	3.36E-01	5.61E-01	0.00E+00	5.20E+00
75.75	3.36E-01	5.62E-01	0.00E+00	5.21E+00
76	3.36E-01	5.63E-01	0.00E+00	5.23E+00
76.25	3.36E-01	5.64E-01	0.00E+00	5.25E+00
76.5	3.36E-01	5.65E-01	0.00E+00	5.26E+00
76.75	3.36E-01	5.65E-01	0.00E+00	5.28E+00
77	3.36E-01	5.66E-01	0.00E+00	5.30E+00
77.25	3.36E-01	5.67E-01	0.00E+00	5.31E+00
77.5	3.36E-01	5.68E-01	0.00E+00	5.33E+00
77.75	3.36E-01	5.68E-01	0.00E+00	5.35E+00
78	3.36E-01	5.69E-01	0.00E+00	5.36E+00
78.25	3.37E-01	5.70E-01	0.00E+00	5.38E+00
78.5	3.38E-01	5.71E-01	0.00E+00	5.39E+00
78.75	3.39E-01	5.71E-01	0.00E+00	5.41E+00
79	3.40E-01	5.72E-01	0.00E+00	5.42E+00
79.25	3.40E-01	5.73E-01	0.00E+00	5.44E+00
79.5	3.40E-01	5.73E-01	0.00E+00	5.46E+00
79.75	3.41E-01	5.74E-01	0.00E+00	5.47E+00
80	3.41E-01	5.75E-01	0.00E+00	5.49E+00
80.25	3.44E-01	5.75E-01	0.00E+00	5.50E+00
80.5	3.47E-01	5.76E-01	0.00E+00	5.51E+00
80.75	3.50E-01	5.76E-01	0.00E+00	5.53E+00
81	3.53E-01	5.77E-01	0.00E+00	5.54E+00
81.25	3.54E-01	5.78E-01	0.00E+00	5.55E+00
81.5	3.54E-01	5.78E-01	0.00E+00	5.57E+00
81.75	3.55E-01	5.79E-01	0.00E+00	5.58E+00
82	3.55E-01	5.79E-01	0.00E+00	5.59E+00
82.25	3.55E-01	5.80E-01	0.00E+00	5.61E+00
82.5	3.55E-01	5.81E-01	0.00E+00	5.62E+00
82.75	3.55E-01	5.81E-01	0.00E+00	5.64E+00
83	3.55E-01	5.82E-01	0.00E+00	5.65E+00
83.25	3.55E-01	5.82E-01	0.00E+00	5.67E+00
83.5	3.55E-01	5.83E-01	0.00E+00	5.68E+00
83.75	3.55E-01	5.84E-01	0.00E+00	5.70E+00
84	3.55E-01	5.84E-01	0.00E+00	5.71E+00
84.25	3.55E-01	5.85E-01	0.00E+00	5.72E+00
84.5	3.55E-01	5.86E-01	0.00E+00	5.74E+00
84.75	3.55E-01	5.86E-01	0.00E+00	5.75E+00
85	3.55E-01	5.87E-01	0.00E+00	5.77E+00
85.25	3.55E-01	5.87E-01	0.00E+00	5.78E+00
85.5	3.55E-01	5.88E-01	0.00E+00	5.80E+00
85.75	3.55E-01	5.89E-01	0.00E+00	5.82E+00
86	3.55E-01	5.89E-01	0.00E+00	5.83E+00
86.25	3.55E-01	5.90E-01	0.00E+00	5.85E+00
86.5	3.55E-01	5.90E-01	0.00E+00	5.86E+00
86.75	3.55E-01	5.91E-01	0.00E+00	5.88E+00
87	3.55E-01	5.91E-01	0.00E+00	5.89E+00
87.25	3.55E-01	5.92E-01	0.00E+00	5.91E+00
87.5	3.55E-01	5.93E-01	0.00E+00	5.92E+00
87.75	3.55E-01	5.93E-01	0.00E+00	5.94E+00
88	3.55E-01	5.94E-01	0.00E+00	5.95E+00
88.25	3.55E-01	5.94E-01	0.00E+00	5.97E+00
88.5	3.55E-01	5.95E-01	0.00E+00	5.98E+00
88.75	3.55E-01	5.95E-01	0.00E+00	6.00E+00
89	3.55E-01	5.96E-01	0.00E+00	6.01E+00
89.25	3.55E-01	5.96E-01	0.00E+00	6.03E+00
89.5	3.55E-01	5.97E-01	0.00E+00	6.04E+00
89.75	3.55E-01	5.98E-01	0.00E+00	6.06E+00
90	3.55E-01	5.98E-01	0.00E+00	6.08E+00
90.25	3.55E-01	5.99E-01	0.00E+00	6.09E+00
90.5	3.55E-01	5.99E-01	0.00E+00	6.11E+00
90.75	3.55E-01	6.00E-01	0.00E+00	6.12E+00
91	3.55E-01	6.00E-01	0.00E+00	6.14E+00
91.25	3.55E-01	6.01E-01	0.00E+00	6.15E+00
91.5	3.55E-01	6.01E-01	0.00E+00	6.17E+00
91.75	3.55E-01	6.01E-01	0.00E+00	6.19E+00
92	3.55E-01	6.02E-01	0.00E+00	6.20E+00
92.25	3.55E-01	6.02E-01	0.00E+00	6.22E+00
92.5	3.55E-01	6.03E-01	0.00E+00	6.23E+00
92.75	3.55E-01	6.03E-01	0.00E+00	6.25E+00
93	3.55E-01	6.04E-01	0.00E+00	6.26E+00
93.25	3.56E-01	6.04E-01	0.00E+00	6.28E+00
93.5	3.56E-01	6.05E-01	0.00E+00	6.29E+00
93.75	3.57E-01	6.05E-01	0.00E+00	6.31E+00
94	3.58E-01	6.05E-01	0.00E+00	6.32E+00
94.25	3.58E-01	6.06E-01	0.00E+00	6.34E+00
94.5	3.58E-01	6.06E-01	0.00E+00	6.35E+00
94.75	3.58E-01	6.06E-01	0.00E+00	6.37E+00
95	3.58E-01	6.07E-01	0.00E+00	6.38E+00
95.25	3.64E-01	6.07E-01	0.00E+00	6.39E+00
95.5	3.70E-01	6.08E-01	0.00E+00	6.41E+00
95.75	3.77E-01	6.08E-01	0.00E+00	6.42E+00
96	3.83E-01	6.08E-01	0.00E+00	6.42E+00
96.25	3.83E-01	6.09E-01	0.00E+00	6.43E+00
96.5	3.83E-01	6.09E-01	0.00E+00	6.44E+00
96.75	3.83E-01	6.09E-01	0.00E+00	6.46E+00
97	3.83E-01	6.10E-01	0.00E+00	6.47E+00
97.25	3.86E-01	6.10E-01	0.00E+00	6.48E+00
97.5	3.88E-01	6.10E-01	0.00E+00	6.49E+00
97.75	3.90E-01	6.11E-01	0.00E+00	6.50E+00
98	3.93E-01	6.11E-01	0.00E+00	6.51E+00
98.25	3.94E-01	6.11E-01	0.00E+00	6.53E+00
98.5	3.94E-01	6.12E-01	0.00E+00	6.54E+00
98.75	3.95E-01	6.12E-01	0.00E+00	6.55E+00
99	3.96E-01	6.12E-01	0.00E+00	6.56E+00
99.25	3.96E-01	6.13E-01	0.00E+00	6.57E+00
99.5	3.96E-01	6.13E-01	0.00E+00	6.59E+00
99.75	3.96E-01	6.13E-01	0.00E+00	6.60E+00
100	3.96E-01	6.14E-01	0.00E+00	6.61E+00
100.25	3.96E-01	6.14E-01	0.00E+00	6.62E+00
100.5	3.96E-01	6.15E-01	0.00E+00	6.64E+00
100.75	3.96E-01	6.15E-01	0.00E+00	6.65E+00
101	3.96E-01	6.15E-01	0.00E+00	6.66E+00
101.25	3.96E-01	6.16E-01	0.00E+00	6.68E+00
101.5	3.96E-01	6.16E-01	0.00E+00	6.69E+00
101.75	3.96E-01	6.17E-01	0.00E+00	6.70E+00
102	3.96E-01	6.17E-01	0.00E+00	6.72E+00
102.25	3.96E-01	6.18E-01	0.00E+00	6.73E+00
102.5	3.96E-01	6.18E-01	0.00E+00	6.75E+00
102.75	3.96E-01	6.19E-01	0.00E+00	6.76E+00
103	3.96E-01	6.19E-01	0.00E+00	6.77E+00
103.25	3.96E-01	6.20E-01	0.00E+00	6.79E+00
103.5	3.96E-01	6.20E-01	0.00E+00	6.80E+00
103.75	3.96E-01	6.20E-01	0.00E+00	6.82E+00
104	3.96E-01	6.21E-01	0.00E+00	6.83E+00
104.25	3.96E-01	6.21E-01	0.00E+00	6.84E+00
104.5	3.96E-01	6.22E-01	0.00E+00	6.86E+00
104.75	3.96E-01	6.22E-01	0.00E+00	6.87E+00
105	3.96E-01	6.23E-01	0.00E+00	6.89E+00
105.25	3.96E-01	6.23E-01	0.00E+00	6.90E+00
105.5	3.96E-01	6.24E-01	0.00E+00	6.92E+00
105.75	3.96E-01	6.24E-01	0.00E+00	6.93E+00
106	3.96E-01	6.24E-01	0.00E+00	6.94E+00
106.25	3.96E-01	6.25E-01	0.00E+00	6.96E+00
106.5	3.96E-01	6.25E-01	0.00E+00	6.97E+00
106.75	3.96E-01	6.26E-01	0.00E+00	6.99E+00
107	3.96E-01	6.26E-01	0.00E+00	7.00E+00
107.25	3.96E-01	6.27E-01	0.00E+00	7.02E+00
107.5	3.96E-01	6.27E-01	0.00E+00	7.03E+00
107.75	3.96E-01	6.27E-01	0.00E+00	7.05E+00
108	3.96E-01	6.28E-01	0.00E+00	7.06E+00
108.25	3.96E-01	6.28E-01	0.00E+00	7.08E+00
108.5	3.96E-01	6.28E-01	0.00E+00	7.09E+00
108.75	3.96E-01	6.29E-01	0.00E+00	7.11E+00
109	3.96E-01	6.29E-01	0.00E+00	7.12E+00
109.25	3.96E-01	6.30E-01	0.00E+00	7.13E+00
109.5	3.96E-01	6.30E-01	0.00E+00	7.15E+00
109.75	3.96E-01	6.30E-01	0.00E+00	7.16E+00
110	3.96E-01	6.31E-01	0.00E+00	7.18E+00
110.25	3.96E-01	6.31E-01	0.00E+00	7.19E+00
110.5	3.96E-01	6.31E-01	0.00E+00	7.20E+00
110.75	3.96E-01	6.32E-01	0.00E+00	7.22E+00
111	3.96E-01	6.32E-01	0.00E+00	7.23E+00
111.25	3.96E-01	6.32E-01	0.00E+00	7.25E+00
111.5	3.96E-01	6.33E-01	0.00E+00	7.26E+00
111.75	3.96E-01	6.33E-01	0.00E+00	7.27E+00
112	3.96E-01	6.33E-01	0.00E+00	7.29E+00
112.25	3.97E-01	6.33E-01	0.00E+00	7.30E+00
112.5	3.99E-01	6.34E-01	0.00E+00	7.32E+00
112.75	4.00E-01	6.34E-01	0.00E+00	7.33E+00
113	4.02E-01	6.34E-01	0.00E+00	7.34E+00
113.25	4.02E-01	6.35E-01	0.00E+00	7.35E+00
113.5	4.02E-01	6.35E-01	0.00E+00	7.37E+00
113.75	4.02E-01	6.35E-01	0.00E+00	7.38E+00
114	4.02E-01	6.35E-01	0.00E+00	7.39E+00
114.25	4.02E-01	6.36E-01	0.00E+00	7.41E+00
114.5	4.02E-01	6.36E-01	0.00E+00	7.42E+00
114.75	4.02E-01	6.36E-01	0.00E+00	7.43E+00
115	4.02E-01	6.36E-01	0.00E+00	7.45E+00
115.25	4.02E-01	6.37E-01	0.00E+00	7.46E+00
115.5	4.02E-01	6.37E-01	0.00E+00	7.47E+00
115.75	4.02E-01	6.37E-01	0.00E+00	7.49E+00
116	4.02E-01	6.37E-01	0.00E+00	7.50E+00
116.25	4.02E-01	6.38E-01	0.00E+00	7.51E+00
116.5	4.02E-01	6.38E-01	0.00E+00	7.53E+00
116.75	4.02E-01	6.38E-01	0.00E+00	7.54E+00
117	4.02E-01	6.38E-01	0.00E+00	7.56E+00
117.25	4.02E-01	6.39E-01	0.00E+00	7.57E+00
117.5	4.02E-01	6.39E-01	0.00E+00	7.58E+00
117.75	4.02E-01	6.39E-01	0.00E+00	7.60E+00
118	4.02E-01	6.39E-01	0.00E+00	7.61E+00
118.25	4.02E-01	6.40E-01	0.00E+00	7.62E+00
118.5	4.02E-01	6.40E-01	0.00E+00	7.64E+00
118.75	4.02E-01	6.40E-01	0.00E+00	7.65E+00
119	4.02E-01	6.40E-01	0.00E+00	7.66E+00
119.25	4.02E-01	6.41E-01	0.00E+00	7.68E+00
119.5	4.02E-01	6.41E-01	0.00E+00	7.69E+00
119.75	4.02E-01	6.41E-01	0.00E+00	7.70E+00
120	4.02E-01	6.41E-01	0.00E+00	7.72E+00
120.25	4.02E-01	6.41E-01	0.00E+00	7.73E+00
120.5	4.02E-01	6.42E-01	0.00E+00	7.74E+00
120.75	4.02E-01	6.42E-01	0.00E+00	7.76E+00
121	4.02E-01	6.42E-01	0.00E+00	7.77E+00
121.25	4.02E-01	6.42E-01	0.00E+00	7.78E+00
121.5	4.02E-01	6.42E-01	0.00E+00	7.79E+00
121.75	4.02E-01	6.43E-01	0.00E+00	7.81E+00
122	4.02E-01	6.43E-01	0.00E+00	7.82E+00
122.25	4.02E-01	6.43E-01	0.00E+00	7.83E+00
122.5	4.02E-01	6.43E-01	0.00E+00	7.85E+00
122.75	4.02E-01	6.43E-01	0.00E+00	7.86E+00
123	4.02E-01	6.43E-01	0.00E+00	7.87E+00
123.25	4.02E-01	6.44E-01	0.00E+00	7.88E+00
123.5	4.02E-01	6.44E-01	0.00E+00	7.90E+00
123.75	4.02E-01	6.44E-01	0.00E+00	7.91E+00
124	4.02E-01	6.44E-01	0.00E+00	7.92E+00
124.25	4.02E-01	6.44E-01	0.00E+00	7.94E+00
124.5	4.02E-01	6.44E-01	0.00E+00	7.95E+00
124.75	4.02E-01	6.45E-01	0.00E+00	7.96E+00
125	4.02E-01	6.45E-01	0.00E+00	7.97E+00
125.25	4.02E-01	6.45E-01	0.00E+00	7.99E+00
125.5	4.02E-01	6.45E-01	0.00E+00	8.00E+00
125.75	4.02E-01	6.45E-01	0.00E+00	8.01E+00
126	4.02E-01	6.45E-01	0.00E+00	8.02E+00
126.25	4.02E-01	6.46E-01	0.00E+00	8.04E+00
126.5	4.02E-01	6.46E-01	0.00E+00	8.05E+00
126.75	4.02E-01	6.46E-01	0.00E+00	8.06E+00
127	4.02E-01	6.46E-01	0.00E+00	8.08E+00
127.25	4.10E-01	6.46E-01	0.00E+00	8.09E+00
127.5	4.18E-01	6.46E-01	0.00E+00	8.10E+00
127.75	4.26E-01	6.46E-01	0.00E+00	8.11E+00
128	4.35E-01	6.46E-01	0.00E+00	8.12E+00
128.25	4.35E-01	6.47E-01	0.00E+00	8.13E+00
128.5	4.35E-01	6.47E-01	0.00E+00	8.14E+00
128.75	4.35E-01	6.47E-01	0.00E+00	8.15E+00
129	4.35E-01	6.47E-01	0.00E+00	8.16E+00
129.25	4.35E-01	6.47E-01	0.00E+00	8.17E+00
129.5	4.35E-01	6.47E-01	0.00E+00	8.18E+00
129.75	4.35E-01	6.47E-01	0.00E+00	8.20E+00
130	4.35E-01	6.48E-01	0.00E+00	8.21E+00
130.25	4.35E-01	6.48E-01	0.00E+00	8.22E+00
130.5	4.35E-01	6.48E-01	0.00E+00	8.23E+00
130.75	4.35E-01	6.48E-01	0.00E+00	8.24E+00
131	4.35E-01	6.48E-01	0.00E+00	8.26E+00
131.25	4.35E-01	6.48E-01	0.00E+00	8.27E+00
131.5	4.35E-01	6.48E-01	0.00E+00	8.28E+00
131.75	4.35E-01	6.48E-01	0.00E+00	8.29E+00
132	4.35E-01	6.49E-01	0.00E+00	8.31E+00
132.25	4.35E-01	6.49E-01	0.00E+00	8.32E+00
132.5	4.35E-01	6.49E-01	0.00E+00	8.33E+00
132.75	4.35E-01	6.49E-01	0.00E+00	8.34E+00
133	4.35E-01	6.49E-01	0.00E+00	8.36E+00
133.25	4.35E-01	6.49E-01	0.00E+00	8.37E+00
133.5	4.35E-01	6.49E-01	0.00E+00	8.38E+00
133.75	4.35E-01	6.50E-01	0.00E+00	8.39E+00
134	4.35E-01	6.50E-01	0.00E+00	8.41E+00
134.25	4.35E-01	6.50E-01	0.00E+00	8.42E+00
134.5	4.35E-01	6.50E-01	0.00E+00	8.43E+00
134.75	4.35E-01	6.50E-01	0.00E+00	8.44E+00
135	4.35E-01	6.50E-01	0.00E+00	8.46E+00
135.25	4.35E-01	6.50E-01	0.00E+00	8.47E+00
135.5	4.35E-01	6.51E-01	0.00E+00	8.48E+00
135.75	4.35E-01	6.51E-01	0.00E+00	8.50E+00
136	4.35E-01	6.51E-01	0.00E+00	8.51E+00
136.25	4.35E-01	6.51E-01	0.00E+00	8.52E+00
136.5	4.35E-01	6.51E-01	0.00E+00	8.53E+00
136.75	4.35E-01	6.51E-01	0.00E+00	8.55E+00
137	4.35E-01	6.51E-01	0.00E+00	8.56E+00
137.25	4.35E-01	6.51E-01	0.00E+00	8.57E+00
137.5	4.35E-01	6.52E-01	0.00E+00	8.59E+00
137.75	4.35E-01	6.52E-01	0.00E+00	8.60E+00
138	4.35E-01	6.52E-01	0.00E+00	8.61E+00
138.25	4.35E-01	6.52E-01	0.00E+00	8.63E+00
138.5	4.35E-01	6.52E-01	0.00E+00	8.64E+00
138.75	4.35E-01	6.52E-01	0.00E+00	8.65E+00
139	4.35E-01	6.52E-01	0.00E+00	8.67E+00
139.25	4.35E-01	6.53E-01	0.00E+00	8.68E+00
139.5	4.35E-01	6.53E-01	0.00E+00	8.69E+00
139.75	4.35E-01	6.53E-01	0.00E+00	8.70E+00
140	4.35E-01	6.53E-01	0.00E+00	8.72E+00
140.25	4.35E-01	6.53E-01	0.00E+00	8.73E+00
140.5	4.35E-01	6.53E-01	0.00E+00	8.74E+00
140.75	4.35E-01	6.53E-01	0.00E+00	8.76E+00
141	4.35E-01	6.53E-01	0.00E+00	8.77E+00
141.25	4.35E-01	6.54E-01	0.00E+00	8.78E+00
141.5	4.35E-01	6.54E-01	0.00E+00	8.80E+00
141.75	4.35E-01	6.54E-01	0.00E+00	8.81E+00
142	4.35E-01	6.54E-01	0.00E+00	8.82E+00
142.25	4.35E-01	6.54E-01	0.00E+00	8.83E+00
142.5	4.35E-01	6.54E-01	0.00E+00	8.85E+00
142.75	4.35E-01	6.54E-01	0.00E+00	8.86E+00
143	4.35E-01	6.54E-01	0.00E+00	8.87E+00
143.25	4.35E-01	6.54E-01	0.00E+00	8.88E+00
143.5	4.35E-01	6.55E-01	0.00E+00	8.89E+00
143.75	4.35E-01	6.55E-01	0.00E+00	8.91E+00
144	4.35E-01	6.55E-01	0.00E+00	8.92E+00
144.25	4.35E-01	6.55E-01	0.00E+00	8.93E+00
144.5	4.35E-01	6.55E-01	0.00E+00	8.94E+00
144.75	4.35E-01	6.55E-01	0.00E+00	8.96E+00
145	4.35E-01	6.55E-01	0.00E+00	8.97E+00
145.25	4.35E-01	6.55E-01	0.00E+00	8.98E+00
145.5	4.35E-01	6.55E-01	0.00E+00	8.99E+00
145.75	4.35E-01	6.56E-01	0.00E+00	9.01E+00
146	4.35E-01	6.56E-01	0.00E+00	9.02E+00
146.25	4.35E-01	6.56E-01	0.00E+00	9.03E+00
146.5	4.35E-01	6.56E-01	0.00E+00	9.04E+00
146.75	4.35E-01	6.56E-01	0.00E+00	9.06E+00
147	4.35E-01	6.56E-01	0.00E+00	9.07E+00
147.25	4.36E-01	6.56E-01	0.00E+00	9.08E+00
147.5	4.36E-01	6.56E-01	0.00E+00	9.09E+00
147.75	4.37E-01	6.56E-01	0.00E+00	9.11E+00
148	4.38E-01	6.56E-01	0.00E+00	9.12E+00
148.25	4.38E-01	6.57E-01	0.00E+00	9.13E+00
148.5	4.38E-01	6.57E-01	0.00E+00	9.14E+00
148.75	4.38E-01	6.57E-01	0.00E+00	9.15E+00
149	4.38E-01	6.57E-01	0.00E+00	9.17E+00
149.25	4.38E-01	6.57E-01	0.00E+00	9.18E+00
149.5	4.38E-01	6.57E-01	0.00E+00	9.19E+00
149.75	4.38E-01	6.57E-01	0.00E+00	9.20E+00
150	4.38E-01	6.57E-01	0.00E+00	9.21E+00
150.25	4.42E-01	6.57E-01	0.00E+00	9.23E+00
150.5	4.47E-01	6.57E-01	0.00E+00	9.24E+00
150.75	4.51E-01	6.57E-01	0.00E+00	9.26E+00
151	4.56E-01	6.57E-01	0.00E+00	9.27E+00
151.25	4.56E-01	6.58E-01	0.00E+00	9.28E+00
151.5	4.56E-01	6.58E-01	0.00E+00	9.29E+00
151.75	4.56E-01	6.58E-01	0.00E+00	9.30E+00
152	4.56E-01	6.58E-01	0.00E+00	9.31E+00
152.25	4.56E-01	6.58E-01	0.00E+00	9.32E+00
152.5	4.56E-01	6.58E-01	0.00E+00	9.33E+00
152.75	4.56E-01	6.58E-01	0.00E+00	9.35E+00
153	4.56E-01	6.58E-01	0.00E+00	9.36E+00
153.25	4.57E-01	6.58E-01	0.00E+00	9.37E+00
153.5	4.59E-01	6.58E-01	0.00E+00	9.38E+00
153.75	4.60E-01	6.58E-01	0.00E+00	9.39E+00
154	4.61E-01	6.58E-01	0.00E+00	9.41E+00
154.25	4.64E-01	6.58E-01	0.00E+00	9.42E+00
154.5	4.66E-01	6.59E-01	0.00E+00	9.43E+00
154.75	4.68E-01	6.59E-01	0.00E+00	9.44E+00
155	4.70E-01	6.59E-01	0.00E+00	9.45E+00
155.25	4.70E-01	6.59E-01	0.00E+00	9.46E+00
155.5	4.70E-01	6.59E-01	0.00E+00	9.48E+00
155.75	4.70E-01	6.59E-01	0.00E+00	9.49E+00
156	4.70E-01	6.59E-01	0.00E+00	9.50E+00
156.25	4.70E-01	6.59E-01	0.00E+00	9.51E+00
156.5	4.70E-01	6.59E-01	0.00E+00	9.52E+00
156.75	4.70E-01	6.59E-01	0.00E+00	9.53E+00
157	4.70E-01	6.59E-01	0.00E+00	9.54E+00
157.25	4.70E-01	6.59E-01	0.00E+00	9.56E+00
157.5	4.70E-01	6.59E-01	0.00E+00	9.57E+00
157.75	4.70E-01	6.59E-01	0.00E+00	9.58E+00
158	4.70E-01	6.59E-01	0.00E+00	9.59E+00
158.25	4.70E-01	6.60E-01	0.00E+00	9.60E+00
158.5	4.70E-01	6.60E-01	0.00E+00	9.61E+00
158.75	4.70E-01	6.60E-01	0.00E+00	9.63E+00
159	4.70E-01	6.60E-01	0.00E+00	9.64E+00
159.25	4.70E-01	6.60E-01	0.00E+00	9.65E+00
159.5	4.70E-01	6.60E-01	0.00E+00	9.66E+00
159.75	4.70E-01	6.60E-01	0.00E+00	9.68E+00
160	4.70E-01	6.60E-01	0.00E+00	9.69E+00
160.25	4.70E-01	6.60E-01	0.00E+00	9.70E+00
160.5	4.70E-01	6.60E-01	0.00E+00	9.71E+00
160.75	4.70E-01	6.60E-01	0.00E+00	9.73E+00
161	4.70E-01	6.60E-01	0.00E+00	9.74E+00
161.25	4.72E-01	6.60E-01	0.00E+00	9.75E+00
161.5	4.74E-01	6.60E-01	0.00E+00	9.77E+00
161.75	4.75E-01	6.60E-01	0.00E+00	9.78E+00
162	4.77E-01	6.61E-01	0.00E+00	9.79E+00
162.25	4.79E-01	6.61E-01	0.00E+00	9.81E+00
162.5	4.81E-01	6.61E-01	0.00E+00	9.82E+00
162.75	4.83E-01	6.61E-01	0.00E+00	9.83E+00
163	4.85E-01	6.61E-01	0.00E+00	9.84E+00
163.25	4.85E-01	6.61E-01	0.00E+00	9.85E+00
163.5	4.85E-01	6.61E-01	0.00E+00	9.87E+00
163.75	4.85E-01	6.61E-01	0.00E+00	9.88E+00
164	4.85E-01	6.61E-01	0.00E+00	9.89E+00
164.25	4.85E-01	6.61E-01	0.00E+00	9.90E+00
164.5	4.85E-01	6.61E-01	0.00E+00	9.91E+00
164.75	4.85E-01	6.61E-01	0.00E+00	9.93E+00
165	4.85E-01	6.61E-01	0.00E+00	9.94E+00
165.25	4.85E-01	6.61E-01	0.00E+00	9.95E+00
165.5	4.85E-01	6.61E-01	0.00E+00	9.96E+00
165.75	4.85E-01	6.62E-01	0.00E+00	9.97E+00
166	4.85E-01	6.62E-01	0.00E+00	9.99E+00
166.25	4.85E-01	6.62E-01	0.00E+00	1.00E+01
166.5	4.85E-01	6.62E-01	0.00E+00	1.00E+01
166.75	4.85E-01	6.62E-01	0.00E+00	1.00E+01
167	4.85E-01	6.62E-01	0.00E+00	1.00E+01
167.25	4.85E-01	6.62E-01	0.00E+00	1.00E+01
167.5	4.85E-01	6.62E-01	0.00E+00	1.01E+01
167.75	4.85E-01	6.62E-01	0.00E+00	1.01E+01
168	4.85E-01	6.62E-01	0.00E+00	1.01E+01
168.25	4.85E-01	6.62E-01	0.00E+00	1.01E+01
168.5	4.85E-01	6.62E-01	0.00E+00	1.01E+01
168.75	4.85E-01	6.62E-01	0.00E+00	1.01E+01
169	4.85E-01	6.62E-01	0.00E+00	1.01E+01
169.25	4.85E-01	6.62E-01	0.00E+00	1.01E+01
169.5	4.85E-01	6.62E-01	0.00E+00	1.02E+01
169.75	4.86E-01	6.62E-01	0.00E+00	1.02E+01
170	4.86E-01	6.63E-01	0.00E+00	1.02E+01
170.25	4.86E-01	6.63E-01	0.00E+00	1.02E+01
170.5	4.86E-01	6.63E-01	0.00E+00	1.02E+01
170.75	4.86E-01	6.63E-01	0.00E+00	1.02E+01
171	4.86E-01	6.63E-01	0.00E+00	1.02E+01
171.25	4.88E-01	6.63E-01	0.00E+00	1.02E+01
171.5	4.90E-01	6.63E-01	0.00E+00	1.03E+01
171.75	4.92E-01	6.63E-01	0.00E+00	1.03E+01
172	4.93E-01	6.63E-01	0.00E+00	1.03E+01
172.25	4.93E-01	6.63E-01	0.00E+00	1.03E+01
172.5	4.93E-01	6.63E-01	0.00E+00	1.03E+01
172.75	4.93E-01	6.63E-01	0.00E+00	1.03E+01
173	4.93E-01	6.63E-01	0.00E+00	1.03E+01
173.25	4.93E-01	6.63E-01	0.00E+00	1.03E+01
173.5	4.93E-01	6.63E-01	0.00E+00	1.04E+01
173.75	4.93E-01	6.63E-01	0.00E+00	1.04E+01
174	4.93E-01	6.63E-01	0.00E+00	1.04E+01
174.25	4.96E-01	6.63E-01	0.00E+00	1.04E+01
174.5	4.99E-01	6.64E-01	0.00E+00	1.04E+01
174.75	5.01E-01	6.64E-01	0.00E+00	1.04E+01
175	5.04E-01	6.64E-01	0.00E+00	1.04E+01
175.25	5.04E-01	6.64E-01	0.00E+00	1.04E+01
175.5	5.04E-01	6.64E-01	0.00E+00	1.04E+01
175.75	5.04E-01	6.64E-01	0.00E+00	1.05E+01
176	5.04E-01	6.64E-01	0.00E+00	1.05E+01
176.25	5.04E-01	6.64E-01	0.00E+00	1.05E+01
176.5	5.04E-01	6.64E-01	0.00E+00	1.05E+01
176.75	5.04E-01	6.64E-01	0.00E+00	1.05E+01
177	5.04E-01	6.64E-01	0.00E+00	1.05E+01
177.25	5.05E-01	6.64E-01	0.00E+00	1.05E+01
177.5	5.06E-01	6.64E-01	0.00E+00	1.05E+01
177.75	5.07E-01	6.64E-01	0.00E+00	1.06E+01
178	5.08E-01	6.64E-01	0.00E+00	1.06E+01
178.25	5.08E-01	6.64E-01	0.00E+00	1.06E+01
178.5	5.08E-01	6.64E-01	0.00E+00	1.06E+01
178.75	5.08E-01	6.64E-01	0.00E+00	1.06E+01
179	5.08E-01	6.64E-01	0.00E+00	1.06E+01
179.25	5.09E-01	6.64E-01	0.00E+00	1.06E+01
179.5	5.10E-01	6.65E-01	0.00E+00	1.06E+01
179.75	5.12E-01	6.65E-01	0.00E+00	1.07E+01
180	5.13E-01	6.65E-01	0.00E+00	1.07E+01
180.25	5.13E-01	6.65E-01	0.00E+00	1.07E+01
180.5	5.13E-01	6.65E-01	0.00E+00	1.07E+01
180.75	5.13E-01	6.65E-01	0.00E+00	1.07E+01
181	5.13E-01	6.65E-01	0.00E+00	1.07E+01
181.25	5.13E-01	6.65E-01	0.00E+00	1.07E+01
181.5	5.13E-01	6.65E-01	0.00E+00	1.07E+01
181.75	5.13E-01	6.65E-01	0.00E+00	1.07E+01
182	5.13E-01	6.65E-01	0.00E+00	1.08E+01
182.25	5.13E-01	6.65E-01	0.00E+00	1.08E+01
182.5	5.13E-01	6.65E-01	0.00E+00	1.08E+01
182.75	5.13E-01	6.65E-01	0.00E+00	1.08E+01
183	5.13E-01	6.65E-01	0.00E+00	1.08E+01
183.25	5.14E-01	6.65E-01	0.00E+00	1.08E+01
183.5	5.16E-01	6.65E-01	0.00E+00	1.08E+01
183.75	5.17E-01	6.65E-01	0.00E+00	1.08E+01
184	5.19E-01	6.65E-01	0.00E+00	1.09E+01
184.25	5.19E-01	6.65E-01	0.00E+00	1.09E+01
184.5	5.19E-01	6.65E-01	0.00E+00	1.09E+01
184.75	5.19E-01	6.65E-01	0.00E+00	1.09E+01
185	5.19E-01	6.65E-01	0.00E+00	1.09E+01
185.25	5.22E-01	6.66E-01	0.00E+00	1.09E+01
185.5	5.25E-01	6.66E-01	0.00E+00	1.09E+01
185.75	5.29E-01	6.66E-01	0.00E+00	1.09E+01
186	5.32E-01	6.66E-01	0.00E+00	1.10E+01
186.25	5.32E-01	6.66E-01	0.00E+00	1.10E+01
186.5	5.32E-01	6.66E-01	0.00E+00	1.10E+01
186.75	5.32E-01	6.66E-01	0.00E+00	1.10E+01
187	5.32E-01	6.66E-01	0.00E+00	1.10E+01
187.25	5.32E-01	6.66E-01	0.00E+00	1.10E+01
187.5	5.32E-01	6.66E-01	0.00E+00	1.10E+01
187.75	5.32E-01	6.66E-01	0.00E+00	1.10E+01
188	5.32E-01	6.66E-01	0.00E+00	1.10E+01
188.25	5.40E-01	6.66E-01	0.00E+00	1.11E+01
188.5	5.49E-01	6.66E-01	0.00E+00	1.11E+01
188.75	5.57E-01	6.66E-01	0.00E+00	1.11E+01
189	5.65E-01	6.66E-01	0.00E+00	1.11E+01
189.25	5.73E-01	6.66E-01	0.00E+00	1.11E+01
189.5	5.81E-01	6.66E-01	0.00E+00	1.11E+01
189.75	5.89E-01	6.66E-01	0.00E+00	1.11E+01
190	5.97E-01	6.66E-01	0.00E+00	1.11E+01
190.25	5.99E-01	6.66E-01	0.00E+00	1.11E+01
190.5	6.02E-01	6.66E-01	0.00E+00	1.11E+01
190.75	6.04E-01	6.66E-01	0.00E+00	1.11E+01
191	6.06E-01	6.66E-01	0.00E+00	1.12E+01
191.25	6.08E-01	6.66E-01	0.00E+00	1.12E+01
191.5	6.09E-01	6.66E-01	0.00E+00	1.12E+01
191.75	6.11E-01	6.67E-01	0.00E+00	1.12E+01
192	6.12E-01	6.67E-01	0.00E+00	1.12E+01
192.25	6.12E-01	6.67E-01	0.00E+00	1.12E+01
192.5	6.12E-01	6.67E-01	0.00E+00	1.12E+01
192.75	6.12E-01	6.67E-01	0.00E+00	1.12E+01
193	6.12E-01	6.67E-01	0.00E+00	1.12E+01
193.25	6.14E-01	6.67E-01	0.00E+00	1.12E+01
193.5	6.15E-01	6.67E-01	0.00E+00	1.13E+01
193.75	6.17E-01	6.67E-01	0.00E+00	1.13E+01
194	6.18E-01	6.67E-01	0.00E+00	1.13E+01
194.25	6.18E-01	6.67E-01	0.00E+00	1.13E+01
194.5	6.18E-01	6.67E-01	0.00E+00	1.13E+01
194.75	6.18E-01	6.67E-01	0.00E+00	1.13E+01
195	6.18E-01	6.67E-01	0.00E+00	1.13E+01
195.25	6.18E-01	6.67E-01	0.00E+00	1.13E+01
195.5	6.18E-01	6.67E-01	0.00E+00	1.14E+01
195.75	6.18E-01	6.67E-01	0.00E+00	1.14E+01
196	6.18E-01	6.67E-01	0.00E+00	1.14E+01
196.25	6.18E-01	6.68E-01	0.00E+00	1.14E+01
196.5	6.18E-01	6.68E-01	0.00E+00	1.14E+01
196.75	6.18E-01	6.68E-01	0.00E+00	1.14E+01
197	6.18E-01	6.68E-01	0.00E+00	1.14E+01
197.25	6.18E-01	6.68E-01	0.00E+00	1.14E+01
197.5	6.18E-01	6.68E-01	0.00E+00	1.15E+01
197.75	6.18E-01	6.68E-01	0.00E+00	1.15E+01
198	6.18E-01	6.68E-01	0.00E+00	1.15E+01
198.25	6.29E-01	6.68E-01	0.00E+00	1.15E+01
198.5	6.40E-01	6.68E-01	0.00E+00	1.15E+01
198.75	6.50E-01	6.68E-01	0.00E+00	1.15E+01
199	6.61E-01	6.69E-01	0.00E+00	1.15E+01
199.25	6.62E-01	6.69E-01	0.00E+00	1.15E+01
199.5	6.62E-01	6.69E-01	0.00E+00	1.15E+01
199.75	6.62E-01	6.69E-01	0.00E+00	1.16E+01
200	6.62E-01	6.69E-01	0.00E+00	1.16E+01
200.25	6.62E-01	6.69E-01	0.00E+00	1.16E+01
200.5	6.62E-01	6.69E-01	0.00E+00	1.16E+01
200.75	6.62E-01	6.69E-01	0.00E+00	1.16E+01
201	6.62E-01	6.69E-01	0.00E+00	1.16E+01
201.25	6.64E-01	6.70E-01	0.00E+00	1.16E+01
201.5	6.67E-01	6.70E-01	0.00E+00	1.16E+01
201.75	6.70E-01	6.70E-01	0.00E+00	1.16E+01
202	6.73E-01	6.70E-01	0.00E+00	1.17E+01
202.25	6.78E-01	6.70E-01	0.00E+00	1.17E+01
202.5	6.84E-01	6.70E-01	0.00E+00	1.17E+01
202.75	6.89E-01	6.71E-01	0.00E+00	1.17E+01
203	6.95E-01	6.71E-01	0.00E+00	1.17E+01
203.25	6.98E-01	6.71E-01	0.00E+00	1.17E+01
203.5	7.02E-01	6.71E-01	0.00E+00	1.17E+01
203.75	7.06E-01	6.71E-01	0.00E+00	1.17E+01
204	7.09E-01	6.71E-01	0.00E+00	1.17E+01
204.25	7.09E-01	6.72E-01	0.00E+00	1.17E+01
204.5	7.09E-01	6.72E-01	0.00E+00	1.17E+01
204.75	7.09E-01	6.72E-01	0.00E+00	1.18E+01
205	7.09E-01	6.72E-01	0.00E+00	1.18E+01
205.25	7.09E-01	6.73E-01	0.00E+00	1.18E+01
205.5	7.09E-01	6.73E-01	0.00E+00	1.18E+01
205.75	7.09E-01	6.73E-01	0.00E+00	1.18E+01
206	7.09E-01	6.74E-01	0.00E+00	1.18E+01
206.25	7.09E-01	6.74E-01	0.00E+00	1.18E+01
206.5	7.09E-01	6.74E-01	0.00E+00	1.19E+01
206.75	7.09E-01	6.75E-01	0.00E+00	1.19E+01
207	7.09E-01	6.75E-01	0.00E+00	1.19E+01
207.25	7.09E-01	6.76E-01	0.00E+00	1.19E+01
207.5	7.09E-01	6.76E-01	0.00E+00	1.19E+01
207.75	7.09E-01	6.77E-01	0.00E+00	1.19E+01
208	7.09E-01	6.77E-01	0.00E+00	1.19E+01
208.25	7.09E-01	6.77E-01	0.00E+00	1.19E+01
208.5	7.09E-01	6.78E-01	0.00E+00	1.20E+01
208.75	7.09E-01	6.78E-01	0.00E+00	1.20E+01
209	7.09E-01	6.79E-01	0.00E+00	1.20E+01
209.25	7.09E-01	6.79E-01	0.00E+00	1.20E+01
209.5	7.09E-01	6.80E-01	0.00E+00	1.20E+01
209.75	7.09E-01	6.80E-01	0.00E+00	1.20E+01
210	7.09E-01	6.81E-01	0.00E+00	1.21E+01
210.25	7.09E-01	6.81E-01	0.00E+00	1.21E+01
210.5	7.09E-01	6.82E-01	0.00E+00	1.21E+01
210.75	7.09E-01	6.82E-01	0.00E+00	1.21E+01
211	7.09E-01	6.83E-01	0.00E+00	1.21E+01
211.25	7.09E-01	6.83E-01	0.00E+00	1.21E+01
211.5	7.09E-01	6.84E-01	0.00E+00	1.21E+01
211.75	7.09E-01	6.84E-01	0.00E+00	1.22E+01
212	7.09E-01	6.84E-01	0.00E+00	1.22E+01
212.25	7.09E-01	6.85E-01	0.00E+00	1.22E+01
212.5	7.09E-01	6.85E-01	0.00E+00	1.22E+01
212.75	7.09E-01	6.86E-01	0.00E+00	1.22E+01
213	7.09E-01	6.86E-01	0.00E+00	1.22E+01
213.25	7.09E-01	6.86E-01	0.00E+00	1.22E+01
213.5	7.09E-01	6.87E-01	0.00E+00	1.23E+01
213.75	7.09E-01	6.87E-01	0.00E+00	1.23E+01
214	7.09E-01	6.88E-01	0.00E+00	1.23E+01
214.25	7.09E-01	6.88E-01	0.00E+00	1.23E+01
214.5	7.09E-01	6.88E-01	0.00E+00	1.23E+01
214.75	7.09E-01	6.89E-01	0.00E+00	1.23E+01
215	7.09E-01	6.89E-01	0.00E+00	1.23E+01
215.25	7.09E-01	6.89E-01	0.00E+00	1.24E+01
215.5	7.09E-01	6.90E-01	0.00E+00	1.24E+01
215.75	7.09E-01	6.90E-01	0.00E+00	1.24E+01
216	7.09E-01	6.90E-01	0.00E+00	1.24E+01
216.25	7.09E-01	6.91E-01	0.00E+00	1.24E+01
216.5	7.09E-01	6.91E-01	0.00E+00	1.24E+01
216.75	7.09E-01	6.91E-01	0.00E+00	1.24E+01
217	7.09E-01	6.91E-01	0.00E+00	1.25E+01
217.25	7.09E-01	6.92E-01	0.00E+00	1.25E+01
217.5	7.09E-01	6.92E-01	0.00E+00	1.25E+01
217.75	7.09E-01	6.92E-01	0.00E+00	1.25E+01
218	7.09E-01	6.93E-01	0.00E+00	1.25E+01
218.25	7.12E-01	6.93E-01	0.00E+00	1.25E+01
218.5	7.15E-01	6.93E-01	0.00E+00	1.25E+01
218.75	7.18E-01	6.93E-01	0.00E+00	1.26E+01
219	7.20E-01	6.94E-01	0.00E+00	1.26E+01
219.25	7.24E-01	6.94E-01	0.00E+00	1.26E+01
219.5	7.27E-01	6.94E-01	0.00E+00	1.26E+01
219.75	7.31E-01	6.94E-01	0.00E+00	1.26E+01
220	7.34E-01	6.95E-01	0.00E+00	1.26E+01
220.25	7.34E-01	6.95E-01	0.00E+00	1.26E+01
220.5	7.34E-01	6.95E-01	0.00E+00	1.26E+01
220.75	7.34E-01	6.95E-01	0.00E+00	1.26E+01
221	7.34E-01	6.96E-01	0.00E+00	1.27E+01
221.25	7.34E-01	6.96E-01	0.00E+00	1.27E+01
221.5	7.34E-01	6.96E-01	0.00E+00	1.27E+01
221.75	7.34E-01	6.96E-01	0.00E+00	1.27E+01
222	7.34E-01	6.96E-01	0.00E+00	1.27E+01
222.25	7.37E-01	6.97E-01	0.00E+00	1.27E+01
222.5	7.39E-01	6.97E-01	0.00E+00	1.27E+01
222.75	7.42E-01	6.97E-01	0.00E+00	1.27E+01
223	7.45E-01	6.97E-01	0.00E+00	1.28E+01
223.25	7.45E-01	6.97E-01	0.00E+00	1.28E+01
223.5	7.45E-01	6.98E-01	0.00E+00	1.28E+01
223.75	7.45E-01	6.98E-01	0.00E+00	1.28E+01
224	7.45E-01	6.98E-01	0.00E+00	1.28E+01
224.25	7.46E-01	6.98E-01	0.00E+00	1.28E+01
224.5	7.47E-01	6.98E-01	0.00E+00	1.28E+01
224.75	7.48E-01	6.99E-01	0.00E+00	1.28E+01
225	7.49E-01	6.99E-01	0.00E+00	1.28E+01
225.25	7.61E-01	6.99E-01	0.00E+00	1.29E+01
225.5	7.73E-01	6.99E-01	0.00E+00	1.29E+01
225.75	7.85E-01	7.00E-01	0.00E+00	1.29E+01
226	7.98E-01	7.00E-01	0.00E+00	1.29E+01
226.25	7.98E-01	7.00E-01	0.00E+00	1.29E+01
226.5	7.98E-01	7.00E-01	0.00E+00	1.29E+01
226.75	7.98E-01	7.00E-01	0.00E+00	1.29E+01
227	7.98E-01	7.01E-01	0.00E+00	1.29E+01
227.25	7.98E-01	7.01E-01	0.00E+00	1.29E+01
227.5	7.98E-01	7.01E-01	0.00E+00	1.29E+01
227.75	7.98E-01	7.01E-01	0.00E+00	1.29E+01
228	7.98E-01	7.01E-01	0.00E+00	1.30E+01
228.25	7.98E-01	7.02E-01	0.00E+00	1.30E+01
228.5	7.98E-01	7.02E-01	0.00E+00	1.30E+01
228.75	7.98E-01	7.02E-01	0.00E+00	1.30E+01
229	7.98E-01	7.03E-01	0.00E+00	1.30E+01
229.25	7.98E-01	7.03E-01	0.00E+00	1.30E+01
229.5	7.98E-01	7.03E-01	0.00E+00	1.30E+01
229.75	7.98E-01	7.04E-01	0.00E+00	1.30E+01
230	7.98E-01	7.04E-01	0.00E+00	1.30E+01
230.25	8.10E-01	7.04E-01	0.00E+00	1.31E+01
230.5	8.22E-01	7.05E-01	0.00E+00	1.31E+01
230.75	8.35E-01	7.05E-01	0.00E+00	1.31E+01
231	8.47E-01	7.05E-01	0.00E+00	1.31E+01
231.25	8.51E-01	7.06E-01	0.00E+00	1.31E+01
231.5	8.54E-01	7.06E-01	0.00E+00	1.31E+01
231.75	8.58E-01	7.07E-01	0.00E+00	1.31E+01
232	8.61E-01	7.07E-01	0.00E+00	1.31E+01
232.25	8.62E-01	7.07E-01	0.00E+00	1.31E+01
232.5	8.63E-01	7.08E-01	0.00E+00	1.31E+01
232.75	8.64E-01	7.09E-01	0.00E+00	1.31E+01
233	8.65E-01	7.09E-01	0.00E+00	1.31E+01
233.25	8.65E-01	7.10E-01	0.00E+00	1.31E+01
233.5	8.65E-01	7.11E-01	0.00E+00	1.32E+01
233.75	8.65E-01	7.11E-01	0.00E+00	1.32E+01
234	8.65E-01	7.12E-01	0.00E+00	1.32E+01
234.25	8.65E-01	7.13E-01	0.00E+00	1.32E+01
234.5	8.65E-01	7.14E-01	0.00E+00	1.32E+01
234.75	8.65E-01	7.15E-01	0.00E+00	1.32E+01
235	8.65E-01	7.16E-01	0.00E+00	1.32E+01
235.25	8.65E-01	7.17E-01	0.00E+00	1.32E+01
235.5	8.65E-01	7.18E-01	0.00E+00	1.33E+01
235.75	8.65E-01	7.19E-01	0.00E+00	1.33E+01
236	8.65E-01	7.20E-01	0.00E+00	1.33E+01
236.25	8.66E-01	7.21E-01	0.00E+00	1.33E+01
236.5	8.67E-01	7.22E-01	0.00E+00	1.33E+01
236.75	8.68E-01	7.23E-01	0.00E+00	1.33E+01
237	8.70E-01	7.24E-01	0.00E+00	1.33E+01
237.25	8.77E-01	7.25E-01	0.00E+00	1.33E+01
237.5	8.84E-01	7.26E-01	0.00E+00	1.33E+01
237.75	8.91E-01	7.27E-01	0.00E+00	1.34E+01
238	8.99E-01	7.28E-01	0.00E+00	1.34E+01
238.25	8.99E-01	7.29E-01	0.00E+00	1.34E+01
238.5	8.99E-01	7.30E-01	0.00E+00	1.34E+01
238.75	8.99E-01	7.31E-01	0.00E+00	1.34E+01
239	8.99E-01	7.32E-01	0.00E+00	1.34E+01
239.25	9.04E-01	7.33E-01	0.00E+00	1.34E+01
239.5	9.10E-01	7.34E-01	0.00E+00	1.34E+01
239.75	9.15E-01	7.36E-01	0.00E+00	1.34E+01
240	9.21E-01	7.37E-01	0.00E+00	1.34E+01
240.25	9.21E-01	7.38E-01	0.00E+00	1.34E+01
240.5	9.21E-01	7.39E-01	0.00E+00	1.34E+01
240.75	9.21E-01	7.40E-01	0.00E+00	1.35E+01
241	9.21E-01	7.42E-01	0.00E+00	1.35E+01
241.25	9.21E-01	7.43E-01	0.00E+00	1.35E+01
241.5	9.21E-01	7.45E-01	0.00E+00	1.35E+01
241.75	9.21E-01	7.46E-01	0.00E+00	1.35E+01
242	9.21E-01	7.48E-01	0.00E+00	1.35E+01
242.25	9.26E-01	7.49E-01	0.00E+00	1.35E+01
242.5	9.31E-01	7.51E-01	0.00E+00	1.35E+01
242.75	9.37E-01	7.52E-01	0.00E+00	1.35E+01
243	9.42E-01	7.54E-01	0.00E+00	1.35E+01
243.25	9.42E-01	7.55E-01	0.00E+00	1.36E+01
243.5	9.42E-01	7.57E-01	0.00E+00	1.36E+01
243.75	9.42E-01	7.59E-01	0.00E+00	1.36E+01
244	9.42E-01	7.60E-01	0.00E+00	1.36E+01
244.25	9.42E-01	7.62E-01	0.00E+00	1.36E+01
244.5	9.42E-01	7.63E-01	0.00E+00	1.36E+01
244.75	9.42E-01	7.65E-01	0.00E+00	1.36E+01
245	9.42E-01	7.67E-01	0.00E+00	1.36E+01
245.25	9.42E-01	7.69E-01	0.00E+00	1.36E+01
245.5	9.42E-01	7.70E-01	0.00E+00	1.37E+01
245.75	9.42E-01	7.72E-01	0.00E+00	1.37E+01
246	9.42E-01	7.74E-01	0.00E+00	1.37E+01
246.25	9.42E-01	7.75E-01	0.00E+00	1.37E+01
246.5	9.42E-01	7.77E-01	0.00E+00	1.37E+01
246.75	9.42E-01	7.78E-01	0.00E+00	1.37E+01
247	9.42E-01	7.80E-01	0.00E+00	1.37E+01
247.25	9.42E-01	7.81E-01	0.00E+00	1.38E+01
247.5	9.42E-01	7.83E-01	0.00E+00	1.38E+01
247.75	9.42E-01	7.84E-01	0.00E+00	1.38E+01
248	9.42E-01	7.85E-01	0.00E+00	1.38E+01
248.25	9.42E-01	7.87E-01	0.00E+00	1.38E+01
248.5	9.42E-01	7.88E-01	0.00E+00	1.38E+01
248.75	9.42E-01	7.89E-01	0.00E+00	1.38E+01
249	9.42E-01	7.91E-01	0.00E+00	1.38E+01
249.25	9.42E-01	7.92E-01	0.00E+00	1.39E+01
249.5	9.42E-01	7.93E-01	0.00E+00	1.39E+01
249.75	9.42E-01	7.94E-01	0.00E+00	1.39E+01
250	9.42E-01	7.95E-01	0.00E+00	1.39E+01
250.25	9.42E-01	7.96E-01	0.00E+00	1.39E+01
250.5	9.42E-01	7.97E-01	0.00E+00	1.39E+01
250.75	9.42E-01	7.98E-01	0.00E+00	1.39E+01
251	9.42E-01	7.99E-01	0.00E+00	1.40E+01
251.25	9.42E-01	8.00E-01	0.00E+00	1.40E+01
251.5	9.42E-01	8.01E-01	0.00E+00	1.40E+01
251.75	9.42E-01	8.02E-01	0.00E+00	1.40E+01
252	9.42E-01	8.03E-01	0.00E+00	1.40E+01
252.25	9.42E-01	8.04E-01	0.00E+00	1.40E+01
252.5	9.42E-01	8.05E-01	0.00E+00	1.40E+01
252.75	9.42E-01	8.06E-01	0.00E+00	1.41E+01
253	9.42E-01	8.07E-01	0.00E+00	1.41E+01
253.25	9.42E-01	8.07E-01	0.00E+00	1.41E+01
253.5	9.42E-01	8.08E-01	0.00E+00	1.41E+01
253.75	9.42E-01	8.09E-01	0.00E+00	1.41E+01
254	9.42E-01	8.10E-01	0.00E+00	1.41E+01
254.25	9.48E-01	8.11E-01	0.00E+00	1.41E+01
254.5	9.54E-01	8.11E-01	0.00E+00	1.41E+01
254.75	9.59E-01	8.12E-01	0.00E+00	1.42E+01
255	9.65E-01	8.13E-01	0.00E+00	1.42E+01
255.25	9.65E-01	8.13E-01	0.00E+00	1.42E+01
255.5	9.65E-01	8.14E-01	0.00E+00	1.42E+01
255.75	9.65E-01	8.15E-01	0.00E+00	1.42E+01
256	9.65E-01	8.15E-01	0.00E+00	1.42E+01
256.25	9.68E-01	8.16E-01	0.00E+00	1.42E+01
256.5	9.70E-01	8.16E-01	0.00E+00	1.42E+01
256.75	9.72E-01	8.17E-01	0.00E+00	1.42E+01
257	9.74E-01	8.18E-01	0.00E+00	1.42E+01
257.25	9.74E-01	8.18E-01	0.00E+00	1.43E+01
257.5	9.74E-01	8.19E-01	0.00E+00	1.43E+01
257.75	9.74E-01	8.20E-01	0.00E+00	1.43E+01
258	9.74E-01	8.20E-01	0.00E+00	1.43E+01
258.25	9.74E-01	8.21E-01	0.00E+00	1.43E+01
258.5	9.74E-01	8.22E-01	0.00E+00	1.43E+01
258.75	9.74E-01	8.22E-01	0.00E+00	1.43E+01
259	9.74E-01	8.23E-01	0.00E+00	1.43E+01
259.25	9.74E-01	8.24E-01	0.00E+00	1.43E+01
259.5	9.74E-01	8.24E-01	0.00E+00	1.44E+01
259.75	9.74E-01	8.25E-01	0.00E+00	1.44E+01
260	9.74E-01	8.26E-01	0.00E+00	1.44E+01
260.25	9.74E-01	8.26E-01	0.00E+00	1.44E+01
260.5	9.74E-01	8.27E-01	0.00E+00	1.44E+01
260.75	9.74E-01	8.28E-01	0.00E+00	1.44E+01
261	9.74E-01	8.28E-01	0.00E+00	1.44E+01
261.25	9.76E-01	8.29E-01	0.00E+00	1.44E+01
261.5	9.77E-01	8.30E-01	0.00E+00	1.45E+01
261.75	9.79E-01	8.30E-01	0.00E+00	1.45E+01
262	9.80E-01	8.31E-01	0.00E+00	1.45E+01
262.25	9.80E-01	8.32E-01	0.00E+00	1.45E+01
262.5	9.80E-01	8.32E-01	0.00E+00	1.45E+01
262.75	9.80E-01	8.33E-01	0.00E+00	1.45E+01
263	9.80E-01	8.34E-01	0.00E+00	1.45E+01
263.25	9.80E-01	8.34E-01	0.00E+00	1.45E+01
263.5	9.80E-01	8.35E-01	0.00E+00	1.46E+01
263.75	9.80E-01	8.35E-01	0.00E+00	1.46E+01
264	9.80E-01	8.36E-01	0.00E+00	1.46E+01
264.25	9.80E-01	8.37E-01	0.00E+00	1.46E+01
264.5	9.80E-01	8.37E-01	0.00E+00	1.46E+01
264.75	9.80E-01	8.38E-01	0.00E+00	1.46E+01
265	9.80E-01	8.38E-01	0.00E+00	1.46E+01
265.25	9.88E-01	8.39E-01	0.00E+00	1.46E+01
265.5	9.96E-01	8.39E-01	0.00E+00	1.46E+01
265.75	1.00E+00	8.40E-01	0.00E+00	1.47E+01
266	1.01E+00	8.41E-01	0.00E+00	1.47E+01
266.25	1.02E+00	8.41E-01	0.00E+00	1.47E+01
266.5	1.02E+00	8.42E-01	0.00E+00	1.47E+01
266.75	1.02E+00	8.42E-01	0.00E+00	1.47E+01
267	1.03E+00	8.43E-01	0.00E+00	1.47E+01
267.25	1.03E+00	8.43E-01	0.00E+00	1.47E+01
267.5	1.03E+00	8.44E-01	0.00E+00	1.47E+01
267.75	1.03E+00	8.45E-01	0.00E+00	1.47E+01
268	1.04E+00	8.45E-01	0.00E+00	1.47E+01
268.25	1.04E+00	8.46E-01	0.00E+00	1.47E+01
268.5	1.04E+00	8.47E-01	0.00E+00	1.47E+01
268.75	1.04E+00	8.48E-01	0.00E+00	1.47E+01
269	1.04E+00	8.48E-01	0.00E+00	1.48E+01
269.25	1.04E+00	8.49E-01	0.00E+00	1.48E+01
269.5	1.04E+00	8.50E-01	0.00E+00	1.48E+01
269.75	1.04E+00	8.51E-01	0.00E+00	1.48E+01
270	1.04E+00	8.52E-01	0.00E+00	1.48E+01
270.25	1.04E+00	8.53E-01	0.00E+00	1.48E+01
270.5	1.04E+00	8.54E-01	0.00E+00	1.48E+01
270.75	1.04E+00	8.55E-01	0.00E+00	1.48E+01
271	1.04E+00	8.56E-01	0.00E+00	1.49E+01
271.25	1.04E+00	8.57E-01	0.00E+00	1.49E+01
271.5	1.04E+00	8.58E-01	0.00E+00	1.49E+01
271.75	1.04E+00	8.59E-01	0.00E+00	1.49E+01
272	1.04E+00	8.60E-01	0.00E+00	1.49E+01
272.25	1.04E+00	8.61E-01	0.00E+00	1.49E+01
272.5	1.04E+00	8.63E-01	0.00E+00	1.49E+01
272.75	1.04E+00	8.64E-01	0.00E+00	1.49E+01
273	1.04E+00	8.65E-01	0.00E+00	1.49E+01
273.25	1.04E+00	8.66E-01	0.00E+00	1.50E+01
273.5	1.04E+00	8.67E-01	0.00E+00	1.50E+01
273.75	1.04E+00	8.67E-01	0.00E+00	1.50E+01
274	1.04E+00	8.68E-01	0.00E+00	1.50E+01
274.25	1.04E+00	8.69E-01	0.00E+00	1.50E+01
274.5	1.04E+00	8.70E-01	0.00E+00	1.50E+01
274.75	1.04E+00	8.71E-01	0.00E+00	1.50E+01
275	1.04E+00	8.72E-01	0.00E+00	1.50E+01
275.25	1.04E+00	8.73E-01	0.00E+00	1.50E+01
275.5	1.04E+00	8.74E-01	0.00E+00	1.51E+01
275.75	1.04E+00	8.75E-01	0.00E+00	1.51E+01
276	1.04E+00	8.76E-01	0.00E+00	1.51E+01
276.25	1.04E+00	8.77E-01	0.00E+00	1.51E+01
276.5	1.04E+00	8.78E-01	0.00E+00	1.51E+01
276.75	1.04E+00	8.79E-01	0.00E+00	1.51E+01
277	1.04E+00	8.79E-01	0.00E+00	1.51E+01
277.25	1.04E+00	8.80E-01	0.00E+00	1.51E+01
277.5	1.04E+00	8.81E-01	0.00E+00	1.52E+01
277.75	1.04E+00	8.82E-01	0.00E+00	1.52E+01
278	1.04E+00	8.83E-01	0.00E+00	1.52E+01
278.25	1.04E+00	8.83E-01	0.00E+00	1.52E+01
278.5	1.04E+00	8.84E-01	0.00E+00	1.52E+01
278.75	1.04E+00	8.85E-01	0.00E+00	1.52E+01
279	1.04E+00	8.86E-01	0.00E+00	1.52E+01
279.25	1.04E+00	8.87E-01	0.00E+00	1.52E+01
279.5	1.04E+00	8.87E-01	0.00E+00	1.53E+01
279.75	1.04E+00	8.88E-01	0.00E+00	1.53E+01
280	1.04E+00	8.89E-01	0.00E+00	1.53E+01
280.25	1.04E+00	8.89E-01	0.00E+00	1.53E+01
280.5	1.04E+00	8.90E-01	0.00E+00	1.53E+01
280.75	1.04E+00	8.91E-01	0.00E+00	1.53E+01
281	1.04E+00	8.91E-01	0.00E+00	1.53E+01
281.25	1.04E+00	8.92E-01	0.00E+00	1.53E+01
281.5	1.04E+00	8.93E-01	0.00E+00	1.54E+01
281.75	1.04E+00	8.93E-01	0.00E+00	1.54E+01
282	1.04E+00	8.94E-01	0.00E+00	1.54E+01
282.25	1.04E+00	8.94E-01	0.00E+00	1.54E+01
282.5	1.04E+00	8.95E-01	0.00E+00	1.54E+01
282.75	1.04E+00	8.96E-01	0.00E+00	1.54E+01
283	1.04E+00	8.96E-01	0.00E+00	1.54E+01
283.25	1.04E+00	8.97E-01	0.00E+00	1.54E+01
283.5	1.04E+00	8.97E-01	0.00E+00	1.54E+01
283.75	1.04E+00	8.98E-01	0.00E+00	1.55E+01
284	1.04E+00	8.98E-01	0.00E+00	1.55E+01
284.25	1.04E+00	8.99E-01	0.00E+00	1.55E+01
284.5	1.04E+00	9.00E-01	0.00E+00	1.55E+01
284.75	1.04E+00	9.00E-01	0.00E+00	1.55E+01
285	1.04E+00	9.01E-01	0.00E+00	1.55E+01
285.25	1.04E+00	9.01E-01	0.00E+00	1.55E+01
285.5	1.04E+00	9.02E-01	0.00E+00	1.55E+01
285.75	1.04E+00	9.02E-01	0.00E+00	1.56E+01
286	1.04E+00	9.03E-01	0.00E+00	1.56E+01
286.25	1.04E+00	9.03E-01	0.00E+00	1.56E+01
286.5	1.04E+00	9.04E-01	0.00E+00	1.56E+01
286.75	1.04E+00	9.04E-01	0.00E+00	1.56E+01
287	1.04E+00	9.05E-01	0.00E+00	1.56E+01
287.25	1.04E+00	9.05E-01	0.00E+00	1.56E+01
287.5	1.04E+00	9.05E-01	0.00E+00	1.56E+01
287.75	1.04E+00	9.06E-01	0.00E+00	1.57E+01
288	1.04E+00	9.06E-01	0.00E+00	1.57E+01
288.25	1.04E+00	9.07E-01	0.00E+00	1.57E+01
288.5	1.05E+00	9.07E-01	0.00E+00	1.57E+01
288.75	1.05E+00	9.08E-01	0.00E+00	1.57E+01
289	1.05E+00	9.08E-01	0.00E+00	1.57E+01
289.25	1.05E+00	9.09E-01	0.00E+00	1.57E+01
289.5	1.05E+00	9.09E-01	0.00E+00	1.57E+01
289.75	1.05E+00	9.09E-01	0.00E+00	1.57E+01
290	1.05E+00	9.10E-01	0.00E+00	1.58E+01
290.25	1.06E+00	9.10E-01	0.00E+00	1.58E+01
290.5	1.06E+00	9.11E-01	0.00E+00	1.58E+01
290.75	1.07E+00	9.11E-01	0.00E+00	1.58E+01
291	1.07E+00	9.11E-01	0.00E+00	1.58E+01
291.25	1.08E+00	9.12E-01	0.00E+00	1.58E+01
291.5	1.08E+00	9.12E-01	0.00E+00	1.58E+01
291.75	1.08E+00	9.13E-01	0.00E+00	1.58E+01
292	1.08E+00	9.13E-01	0.00E+00	1.58E+01
292.25	1.08E+00	9.13E-01	0.00E+00	1.58E+01
292.5	1.08E+00	9.14E-01	0.00E+00	1.58E+01
292.75	1.08E+00	9.14E-01	0.00E+00	1.59E+01
293	1.08E+00	9.15E-01	0.00E+00	1.59E+01
293.25	1.09E+00	9.15E-01	0.00E+00	1.59E+01
293.5	1.10E+00	9.16E-01	0.00E+00	1.59E+01
293.75	1.12E+00	9.16E-01	0.00E+00	1.59E+01
294	1.13E+00	9.17E-01	0.00E+00	1.59E+01
294.25	1.13E+00	9.17E-01	0.00E+00	1.59E+01
294.5	1.13E+00	9.18E-01	0.00E+00	1.59E+01
294.75	1.13E+00	9.18E-01	0.00E+00	1.59E+01
295	1.13E+00	9.19E-01	0.00E+00	1.59E+01
295.25	1.13E+00	9.20E-01	0.00E+00	1.59E+01
295.5	1.13E+00	9.20E-01	0.00E+00	1.59E+01
295.75	1.13E+00	9.21E-01	0.00E+00	1.59E+01
296	1.13E+00	9.22E-01	0.00E+00	1.59E+01
296.25	1.13E+00	9.23E-01	0.00E+00	1.60E+01
296.5	1.13E+00	9.24E-01	0.00E+00	1.60E+01
296.75	1.13E+00	9.26E-01	0.00E+00	1.60E+01
297	1.13E+00	9.27E-01	0.00E+00	1.60E+01
297.25	1.13E+00	9.28E-01	0.00E+00	1.60E+01
297.5	1.13E+00	9.29E-01	0.00E+00	1.60E+01
297.75	1.13E+00	9.30E-01	0.00E+00	1.60E+01
298	1.13E+00	9.32E-01	0.00E+00	1.60E+01
298.25	1.13E+00	9.33E-01	0.00E+00	1.60E+01
298.5	1.13E+00	9.34E-01	0.00E+00	1.61E+01
298.75	1.13E+00	9.35E-01	0.00E+00	1.61E+01
299	1.13E+00	9.36E-01	0.00E+00	1.61E+01
299.25	1.13E+00	9.38E-01	0.00E+00	1.61E+01
299.5	1.13E+00	9.39E-01	0.00E+00	1.61E+01
299.75	1.13E+00	9.40E-01	0.00E+00	1.61E+01
300	1.13E+00	9.41E-01	0.00E+00	1.61E+01
300.25	1.13E+00	9.42E-01	0.00E+00	1.61E+01
300.5	1.13E+00	9.43E-01	0.00E+00	1.62E+01
300.75	1.13E+00	9.44E-01	0.00E+00	1.62E+01
301	1.14E+00	9.45E-01	0.00E+00	1.62E+01
301.25	1.14E+00	9.46E-01	0.00E+00	1.62E+01
301.5	1.14E+00	9.47E-01	0.00E+00	1.62E+01
301.75	1.14E+00	9.49E-01	0.00E+00	1.62E+01
302	1.14E+00	9.50E-01	0.00E+00	1.62E+01
302.25	1.14E+00	9.51E-01	0.00E+00	1.62E+01
302.5	1.14E+00	9.52E-01	0.00E+00	1.62E+01
302.75	1.14E+00	9.53E-01	0.00E+00	1.62E+01
303	1.14E+00	9.54E-01	0.00E+00	1.63E+01
303.25	1.14E+00	9.55E-01	0.00E+00	1.63E+01
303.5	1.14E+00	9.55E-01	0.00E+00	1.63E+01
303.75	1.14E+00	9.56E-01	0.00E+00	1.63E+01
304	1.14E+00	9.57E-01	0.00E+00	1.63E+01
304.25	1.14E+00	9.58E-01	0.00E+00	1.63E+01
304.5	1.14E+00	9.59E-01	0.00E+00	1.63E+01
304.75	1.14E+00	9.60E-01	0.00E+00	1.63E+01
305	1.14E+00	9.61E-01	0.00E+00	1.63E+01
305.25	1.14E+00	9.62E-01	0.00E+00	1.64E+01
305.5	1.14E+00	9.63E-01	0.00E+00	1.64E+01
305.75	1.14E+00	9.64E-01	0.00E+00	1.64E+01
306	1.15E+00	9.65E-01	0.00E+00	1.64E+01
306.25	1.15E+00	9.66E-01	0.00E+00	1.64E+01
306.5	1.15E+00	9.66E-01	0.00E+00	1.64E+01
306.75	1.15E+00	9.67E-01	0.00E+00	1.64E+01
307	1.15E+00	9.68E-01	0.00E+00	1.64E+01
307.25	1.15E+00	9.69E-01	0.00E+00	1.64E+01
307.5	1.15E+00	9.70E-01	0.00E+00	1.64E+01
307.75	1.15E+00	9.71E-01	0.00E+00	1.65E+01
308	1.15E+00	9.72E-01	0.00E+00	1.65E+01
308.25	1.15E+00	9.72E-01	0.00E+00	1.65E+01
308.5	1.15E+00	9.73E-01	0.00E+00	1.65E+01
308.75	1.15E+00	9.74E-01	0.00E+00	1.65E+01
309	1.15E+00	9.75E-01	0.00E+00	1.65E+01
309.25	1.15E+00	9.76E-01	0.00E+00	1.65E+01
309.5	1.15E+00	9.77E-01	0.00E+00	1.65E+01
309.75	1.15E+00	9.78E-01	0.00E+00	1.65E+01
310	1.15E+00	9.78E-01	0.00E+00	1.66E+01
310.25	1.15E+00	9.79E-01	0.00E+00	1.66E+01
310.5	1.15E+00	9.80E-01	0.00E+00	1.66E+01
310.75	1.16E+00	9.81E-01	0.00E+00	1.66E+01
311	1.16E+00	9.82E-01	0.00E+00	1.66E+01
311.25	1.16E+00	9.83E-01	0.00E+00	1.66E+01
311.5	1.16E+00	9.84E-01	0.00E+00	1.66E+01
311.75	1.16E+00	9.84E-01	0.00E+00	1.66E+01
312	1.16E+00	9.85E-01	0.00E+00	1.66E+01
312.25	1.16E+00	9.86E-01	0.00E+00	1.67E+01
312.5	1.16E+00	9.87E-01	0.00E+00	1.67E+01
312.75	1.16E+00	9.88E-01	0.00E+00	1.67E+01
313	1.16E+00	9.88E-01	0.00E+00	1.67E+01
313.25	1.16E+00	9.89E-01	0.00E+00	1.67E+01
313.5	1.16E+00	9.90E-01	0.00E+00	1.67E+01
313.75	1.16E+00	9.91E-01	0.00E+00	1.67E+01
314	1.16E+00	9.92E-01	0.00E+00	1.67E+01
314.25	1.16E+00	9.93E-01	0.00E+00	1.67E+01
314.5	1.16E+00	9.93E-01	0.00E+00	1.68E+01
314.75	1.17E+00	9.94E-01	0.00E+00	1.68E+01
315	1.17E+00	9.95E-01	0.00E+00	1.68E+01
315.25	1.17E+00	9.96E-01	0.00E+00	1.68E+01
315.5	1.17E+00	9.97E-01	0.00E+00	1.68E+01
315.75	1.17E+00	9.97E-01	0.00E+00	1.68E+01
316	1.17E+00	9.98E-01	0.00E+00	1.68E+01
316.25	1.17E+00	9.99E-01	0.00E+00	1.68E+01
316.5	1.17E+00	1.00E+00	0.00E+00	1.68E+01
316.75	1.17E+00	1.00E+00	0.00E+00	1.68E+01
317	1.17E+00	1.00E+00	0.00E+00	1.69E+01
317.25	1.17E+00	1.00E+00	0.00E+00	1.69E+01
317.5	1.17E+00	1.00E+00	0.00E+00	1.69E+01
317.75	1.17E+00	1.00E+00	0.00E+00	1.69E+01
318	1.17E+00	1.00E+00	0.00E+00	1.69E+01
318.25	1.17E+00	1.01E+00	0.00E+00	1.69E+01
318.5	1.17E+00	1.01E+00	0.00E+00	1.69E+01
318.75	1.17E+00	1.01E+00	0.00E+00	1.69E+01
319	1.17E+00	1.01E+00	0.00E+00	1.69E+01
319.25	1.17E+00	1.01E+00	0.00E+00	1.70E+01
319.5	1.17E+00	1.01E+00	0.00E+00	1.70E+01
319.75	1.17E+00	1.01E+00	0.00E+00	1.70E+01
320	1.17E+00	1.01E+00	0.00E+00	1.70E+01
320.25	1.17E+00	1.01E+00	0.00E+00	1.70E+01
320.5	1.17E+00	1.01E+00	0.00E+00	1.70E+01
320.75	1.17E+00	1.01E+00	0.00E+00	1.70E+01
321	1.17E+00	1.01E+00	0.00E+00	1.70E+01
321.25	1.18E+00	1.01E+00	0.00E+00	1.70E+01
321.5	1.18E+00	1.02E+00	0.00E+00	1.71E+01
321.75	1.19E+00	1.02E+00	0.00E+00	1.71E+01
322	1.19E+00	1.02E+00	0.00E+00	1.71E+01
322.25	1.21E+00	1.02E+00	0.00E+00	1.71E+01
322.5	1.23E+00	1.02E+00	0.00E+00	1.71E+01
322.75	1.25E+00	1.02E+00	0.00E+00	1.71E+01
323	1.27E+00	1.02E+00	0.00E+00	1.71E+01
323.25	1.27E+00	1.02E+00	0.00E+00	1.71E+01
323.5	1.28E+00	1.02E+00	0.00E+00	1.71E+01
323.75	1.28E+00	1.02E+00	0.00E+00	1.71E+01
324	1.28E+00	1.03E+00	0.00E+00	1.71E+01
324.25	1.28E+00	1.03E+00	0.00E+00	1.71E+01
324.5	1.28E+00	1.03E+00	0.00E+00	1.71E+01
324.75	1.28E+00	1.03E+00	0.00E+00	1.71E+01
325	1.28E+00	1.04E+00	0.00E+00	1.71E+01
325.25	1.28E+00	1.04E+00	0.00E+00	1.71E+01
325.5	1.28E+00	1.05E+00	0.00E+00	1.71E+01
325.75	1.28E+00	1.05E+00	0.00E+00	1.71E+01
326	1.28E+00	1.05E+00	0.00E+00	1.71E+01
326.25	1.29E+00	1.06E+00	0.00E+00	1.72E+01
326.5	1.29E+00	1.06E+00	0.00E+00	1.72E+01
326.75	1.29E+00	1.06E+00	0.00E+00	1.72E+01
327	1.29E+00	1.07E+00	0.00E+00	1.72E+01
327.25	1.29E+00	1.07E+00	0.00E+00	1.72E+01
327.5	1.29E+00	1.07E+00	0.00E+00	1.72E+01
327.75	1.29E+00	1.08E+00	0.00E+00	1.72E+01
328	1.29E+00	1.08E+00	0.00E+00	1.72E+01
328.25	1.29E+00	1.08E+00	0.00E+00	1.72E+01
328.5	1.29E+00	1.08E+00	0.00E+00	1.72E+01
328.75	1.29E+00	1.09E+00	0.00E+00	1.73E+01
329	1.29E+00	1.09E+00	0.00E+00	1.73E+01
329.25	1.29E+00	1.09E+00	0.00E+00	1.73E+01
329.5	1.29E+00	1.09E+00	0.00E+00	1.73E+01
329.75	1.29E+00	1.10E+00	0.00E+00	1.73E+01
330	1.29E+00	1.10E+00	0.00E+00	1.73E+01
330.25	1.29E+00	1.10E+00	0.00E+00	1.73E+01
330.5	1.29E+00	1.10E+00	0.00E+00	1.73E+01
330.75	1.30E+00	1.11E+00	0.00E+00	1.73E+01
331	1.30E+00	1.11E+00	0.00E+00	1.73E+01
331.25	1.30E+00	1.11E+00	0.00E+00	1.74E+01
331.5	1.30E+00	1.11E+00	0.00E+00	1.74E+01
331.75	1.30E+00	1.11E+00	0.00E+00	1.74E+01
332	1.30E+00	1.12E+00	0.00E+00	1.74E+01
332.25	1.30E+00	1.12E+00	0.00E+00	1.74E+01
332.5	1.31E+00	1.12E+00	0.00E+00	1.74E+01
332.75	1.31E+00	1.12E+00	0.00E+00	1.74E+01
333	1.31E+00	1.12E+00	0.00E+00	1.74E+01
333.25	1.31E+00	1.13E+00	0.00E+00	1.74E+01
333.5	1.31E+00	1.13E+00	0.00E+00	1.74E+01
333.75	1.31E+00	1.13E+00	0.00E+00	1.74E+01
334	1.31E+00	1.13E+00	0.00E+00	1.75E+01
334.25	1.31E+00	1.13E+00	0.00E+00	1.75E+01
334.5	1.31E+00	1.14E+00	0.00E+00	1.75E+01
334.75	1.31E+00	1.14E+00	0.00E+00	1.75E+01
335	1.31E+00	1.14E+00	0.00E+00	1.75E+01
335.25	1.31E+00	1.14E+00	0.00E+00	1.75E+01
335.5	1.31E+00	1.14E+00	0.00E+00	1.75E+01
335.75	1.31E+00	1.15E+00	0.00E+00	1.75E+01
336	1.31E+00	1.15E+00	0.00E+00	1.75E+01
336.25	1.31E+00	1.15E+00	0.00E+00	1.76E+01
336.5	1.31E+00	1.15E+00	0.00E+00	1.76E+01
336.75	1.31E+00	1.15E+00	0.00E+00	1.76E+01
337	1.31E+00	1.15E+00	0.00E+00	1.76E+01
337.25	1.31E+00	1.16E+00	0.00E+00	1.76E+01
337.5	1.31E+00	1.16E+00	0.00E+00	1.76E+01
337.75	1.31E+00	1.16E+00	0.00E+00	1.76E+01
338	1.31E+00	1.16E+00	0.00E+00	1.76E+01
338.25	1.31E+00	1.16E+00	0.00E+00	1.76E+01
338.5	1.31E+00	1.16E+00	0.00E+00	1.77E+01
338.75	1.31E+00	1.17E+00	0.00E+00	1.77E+01
339	1.31E+00	1.17E+00	0.00E+00	1.77E+01
339.25	1.31E+00	1.17E+00	0.00E+00	1.77E+01
339.5	1.31E+00	1.17E+00	0.00E+00	1.77E+01
339.75	1.31E+00	1.17E+00	0.00E+00	1.77E+01
340	1.31E+00	1.17E+00	0.00E+00	1.77E+01
340.25	1.31E+00	1.17E+00	0.00E+00	1.77E+01
340.5	1.31E+00	1.18E+00	0.00E+00	1.78E+01
340.75	1.31E+00	1.18E+00	0.00E+00	1.78E+01
341	1.31E+00	1.18E+00	0.00E+00	1.78E+01
341.25	1.31E+00	1.18E+00	0.00E+00	1.78E+01
341.5	1.31E+00	1.18E+00	0.00E+00	1.78E+01
341.75	1.31E+00	1.18E+00	0.00E+00	1.78E+01
342	1.31E+00	1.18E+00	0.00E+00	1.78E+01
342.25	1.31E+00	1.18E+00	0.00E+00	1.78E+01
342.5	1.31E+00	1.19E+00	0.00E+00	1.78E+01
342.75	1.31E+00	1.19E+00	0.00E+00	1.79E+01
343	1.31E+00	1.19E+00	0.00E+00	1.79E+01
343.25	1.31E+00	1.19E+00	0.00E+00	1.79E+01
343.5	1.31E+00	1.19E+00	0.00E+00	1.79E+01
343.75	1.31E+00	1.19E+00	0.00E+00	1.79E+01
344	1.31E+00	1.19E+00	0.00E+00	1.79E+01
344.25	1.31E+00	1.19E+00	0.00E+00	1.79E+01
344.5	1.31E+00	1.19E+00	0.00E+00	1.79E+01
344.75	1.31E+00	1.19E+00	0.00E+00	1.80E+01
345	1.31E+00	1.20E+00	0.00E+00	1.80E+01
345.25	1.31E+00	1.20E+00	0.00E+00	1.80E+01
345.5	1.31E+00	1.20E+00	0.00E+00	1.80E+01
345.75	1.31E+00	1.20E+00	0.00E+00	1.80E+01
346	1.31E+00	1.20E+00	0.00E+00	1.80E+01
346.25	1.31E+00	1.20E+00	0.00E+00	1.80E+01
346.5	1.31E+00	1.20E+00	0.00E+00	1.80E+01
346.75	1.31E+00	1.20E+00	0.00E+00	1.80E+01
347	1.31E+00	1.20E+00	0.00E+00	1.81E+01
347.25	1.31E+00	1.20E+00	0.00E+00	1.81E+01
347.5	1.31E+00	1.21E+00	0.00E+00	1.81E+01
347.75	1.31E+00	1.21E+00	0.00E+00	1.81E+01
348	1.31E+00	1.21E+00	0.00E+00	1.81E+01
348.25	1.31E+00	1.21E+00	0.00E+00	1.81E+01
348.5	1.31E+00	1.21E+00	0.00E+00	1.81E+01
348.75	1.31E+00	1.21E+00	0.00E+00	1.81E+01
349	1.31E+00	1.21E+00	0.00E+00	1.82E+01
349.25	1.31E+00	1.21E+00	0.00E+00	1.82E+01
349.5	1.31E+00	1.21E+00	0.00E+00	1.82E+01
349.75	1.31E+00	1.21E+00	0.00E+00	1.82E+01
350	1.31E+00	1.21E+00	0.00E+00	1.82E+01
350.25	1.31E+00	1.21E+00	0.00E+00	1.82E+01
350.5	1.31E+00	1.21E+00	0.00E+00	1.82E+01
350.75	1.31E+00	1.22E+00	0.00E+00	1.82E+01
351	1.32E+00	1.22E+00	0.00E+00	1.82E+01
351.25	1.33E+00	1.22E+00	0.00E+00	1.83E+01
351.5	1.34E+00	1.22E+00	0.00E+00	1.83E+01
351.75	1.35E+00	1.22E+00	0.00E+00	1.83E+01
352	1.36E+00	1.22E+00	0.00E+00	1.83E+01
352.25	1.36E+00	1.22E+00	0.00E+00	1.83E+01
352.5	1.36E+00	1.22E+00	0.00E+00	1.83E+01
352.75	1.36E+00	1.22E+00	0.00E+00	1.83E+01
353	1.36E+00	1.22E+00	0.00E+00	1.83E+01
353.25	1.36E+00	1.22E+00	0.00E+00	1.83E+01
353.5	1.36E+00	1.22E+00	0.00E+00	1.83E+01
353.75	1.36E+00	1.22E+00	0.00E+00	1.83E+01
354	1.36E+00	1.23E+00	0.00E+00	1.83E+01
354.25	1.36E+00	1.23E+00	0.00E+00	1.83E+01
354.5	1.36E+00	1.23E+00	0.00E+00	1.84E+01
354.75	1.36E+00	1.23E+00	0.00E+00	1.84E+01
355	1.36E+00	1.23E+00	0.00E+00	1.84E+01
355.25	1.36E+00	1.23E+00	0.00E+00	1.84E+01
355.5	1.36E+00	1.23E+00	0.00E+00	1.84E+01
355.75	1.36E+00	1.23E+00	0.00E+00	1.84E+01
356	1.36E+00	1.23E+00	0.00E+00	1.84E+01
356.25	1.36E+00	1.24E+00	0.00E+00	1.84E+01
356.5	1.37E+00	1.24E+00	0.00E+00	1.84E+01
356.75	1.37E+00	1.24E+00	0.00E+00	1.84E+01
357	1.37E+00	1.24E+00	0.00E+00	1.85E+01
357.25	1.37E+00	1.24E+00	0.00E+00	1.85E+01
357.5	1.37E+00	1.24E+00	0.00E+00	1.85E+01
357.75	1.37E+00	1.24E+00	0.00E+00	1.85E+01
358	1.37E+00	1.24E+00	0.00E+00	1.85E+01
358.25	1.38E+00	1.24E+00	0.00E+00	1.85E+01
358.5	1.39E+00	1.25E+00	0.00E+00	1.85E+01
358.75	1.40E+00	1.25E+00	0.00E+00	1.85E+01
359	1.40E+00	1.25E+00	0.00E+00	1.85E+01
359.25	1.40E+00	1.25E+00	0.00E+00	1.85E+01
359.5	1.40E+00	1.25E+00	0.00E+00	1.85E+01
359.75	1.40E+00	1.25E+00	0.00E+00	1.85E+01
360	1.40E+00	1.25E+00	0.00E+00	1.85E+01
360.25	1.40E+00	1.26E+00	0.00E+00	1.86E+01
360.5	1.40E+00	1.26E+00	0.00E+00	1.86E+01
360.75	1.40E+00	1.26E+00	0.00E+00	1.86E+01
361	1.40E+00	1.26E+00	0.00E+00	1.86E+01
361.25	1.41E+00	1.26E+00	0.00E+00	1.86E+01
361.5	1.41E+00	1.26E+00	0.00E+00	1.86E+01
361.75	1.41E+00	1.27E+00	0.00E+00	1.86E+01
362	1.41E+00	1.27E+00	0.00E+00	1.86E+01
362.25	1.41E+00	1.27E+00	0.00E+00	1.86E+01
362.5	1.42E+00	1.27E+00	0.00E+00	1.86E+01
362.75	1.42E+00	1.27E+00	0.00E+00	1.86E+01
363	1.42E+00	1.28E+00	0.00E+00	1.87E+01
363.25	1.42E+00	1.28E+00	0.00E+00	1.87E+01
363.5	1.42E+00	1.28E+00	0.00E+00	1.87E+01
363.75	1.42E+00	1.28E+00	0.00E+00	1.87E+01
364	1.42E+00	1.28E+00	0.00E+00	1.87E+01
364.25	1.42E+00	1.28E+00	0.00E+00	1.87E+01
364.5	1.42E+00	1.29E+00	0.00E+00	1.87E+01
364.75	1.42E+00	1.29E+00	0.00E+00	1.87E+01
365	1.42E+00	1.29E+00	0.00E+00	1.87E+01
