  single point
     epidote_1     150.8486122000000         1.000000         0.000000    
    chlorite_1     247.0926088100000         1.000000         0.000000    
  actinolite_1     32.08687800000000         1.000000         0.000000    
    titanite_1     27.05703842600000         1.000000         0.000000    
      resp_het    1.8000000000000002E-09     1.000000         0.000000    
     epidote_2     54.61760058000000         1.000000         0.000000    
    chlorite_2     89.46456549300000         1.000000         0.000000    
  actinolite_2     11.61766200000000         1.000000         0.000000    
    titanite_2     9.796514087500000         1.000000         0.000000    
